11258927277139,11258927277672,533
11259015977297,11259015977677,380
11259016373936,11259016374234,298
11259016650556,11259016650737,181
11259017028342,11259017028647,305
11259017351514,11259017351753,239
11259017732686,11259017732910,224
11259018133414,11259018133622,208
11259018533948,11259018534160,212
11259018943402,11259018943605,203
11259019347244,11259019347463,219
11259019746432,11259019746657,225
11259020144293,11259020144514,221
11259020561118,11259020561338,220
11259020965448,11259020965679,231
11259021370598,11259021370792,194
11259021803633,11259021803851,218
11259022341201,11259022341369,168
11259022850871,11259022851062,191
11259023178336,11259023178516,180
11259023578952,11259023579189,237
11259023987920,11259023988148,228
11259024397862,11259024398080,218
11259024816850,11259024817089,239
11259025227363,11259025227567,204
11259025664332,11259025664575,243
11259026081497,11259026081739,242
11259026519436,11259026519673,237
11259026935206,11259026935467,261
11259027352106,11259027352351,245
11259027767275,11259027767534,259
11259028181707,11259028181968,261
11259028591290,11259028591555,265
11259029004468,11259029004731,263
11259029417563,11259029417853,290
11259029865817,11259029866063,246
11259030302352,11259030302601,249
11259030755561,11259030755824,263
11259031138323,11259031138581,258
11259031424357,11259031424527,170
11259031713029,11259031713200,171
11259031992694,11259031992858,164
11259032295338,11259032295577,239
11259032581173,11259032581325,152
11259032865392,11259032865508,116
11259033165689,11259033165857,168
11259033458083,11259033458183,100
11259033746888,11259033746990,102
11259034021736,11259034021902,166
11259034305415,11259034305529,114
11259034603436,11259034603541,105
11259034844659,11259034844767,108
11259035084372,11259035084484,112
11259035320349,11259035320432,83
11259035581387,11259035581523,136
11259035850942,11259035851060,118
11259036120626,11259036120804,178
11259036387728,11259036387950,222
11259036653262,11259036653387,125
11259036894450,11259036894560,110
11259037132663,11259037132745,82
11259037367991,11259037368072,81
11259037600942,11259037601036,94
11259037836068,11259037836179,111
11259038072258,11259038072378,120
11259038305922,11259038306054,132
11259038535925,11259038536013,88
11259038770459,11259038770540,81
11259039265276,11259039265434,158
11259039511882,11259039511966,84
11259039743754,11259039743835,81
11259039972986,11259039973086,100
11259040200643,11259040200726,83
11259040427895,11259040428000,105
11259040656099,11259040656199,100
11259040880768,11259040880864,96
11259041134747,11259041134917,170
11259041372936,11259041373030,94
11259041605594,11259041605675,81
11259041847484,11259041847580,96
11259042079970,11259042080049,79
11259042318821,11259042318962,141
11259042548393,11259042548499,106
11259042776128,11259042776208,80
11259043002590,11259043002673,83
11259043226638,11259043226724,86
11259043451356,11259043451436,80
11259043675067,11259043675161,94
11259043897542,11259043897624,82
11259044121156,11259044121236,80
11259044345804,11259044345894,90
11259044568415,11259044568511,96
11259044793933,11259044794059,126
11259045016743,11259045016823,80
11259045239937,11259045240037,100
11259045464775,11259045464856,81
11259045699983,11259045700112,129
11259045927604,11259045927682,78
11259046151050,11259046151179,129
11259046374998,11259046375116,118
11259046609062,11259046609203,141
11259046833167,11259046833247,80
11259047055587,11259047055668,81
11259047279264,11259047279344,80
11259047503491,11259047503596,105
11259047727888,11259047727969,81
11259047952048,11259047952130,82
11259048176529,11259048176622,93
11259048401188,11259048401271,83
11259048624019,11259048624098,79
11259048849213,11259048849292,79
11259049098848,11259049098977,129
11259049325290,11259049325376,86
11259049551288,11259049551368,80
11259049776882,11259049776979,97
11259050002562,11259050002657,95
11259050227585,11259050227683,98
11259050451410,11259050451491,81
11259050675970,11259050676085,115
11259050899622,11259050899700,78
11259051125881,11259051125986,105
11259051351177,11259051351262,85
11259051575967,11259051576069,102
11259051798567,11259051798647,80
11259052023132,11259052023214,82
11259052256449,11259052256573,124
11259052491415,11259052491529,114
11259052712517,11259052712627,110
11259052932246,11259052932370,124
11259053156719,11259053156821,102
11259053383041,11259053383166,125
11259053602758,11259053602864,106
11259053823816,11259053823922,106
11259054044825,11259054044946,121
11259054269116,11259054269232,116
11259054494799,11259054494904,105
11259054714063,11259054714187,124
11259054933143,11259054933224,81
11259055152986,11259055153106,120
11259055372833,11259055372915,82
11259055603874,11259055604002,128
11259055825030,11259055825159,129
11259056043036,11259056043162,126
11259056260873,11259056260957,84
11259056480870,11259056480994,124
11259056696224,11259056696345,121
11259057151592,11259057151712,120
11259057379163,11259057379292,129
11259057596982,11259057597105,123
11259057817111,11259057817240,129
11259058040516,11259058040645,129
11259058258587,11259058258665,78
11259058481297,11259058481425,128
11259058705231,11259058705356,125
11259058939970,11259058940084,114
11259059167238,11259059167323,85
11259059391766,11259059391891,125
11259059613928,11259059614074,146
11259059834237,11259059834366,129
11259060059976,11259060060075,99
11259060281037,11259060281159,122
11259060503849,11259060503988,139
11259060727543,11259060727672,129
11259060950791,11259060950901,110
11259061174882,11259061175010,128
11259061395197,11259061395323,126
11259061613778,11259061613885,107
11259061836671,11259061836794,123
11259062058780,11259062058871,91
11259062286582,11259062286707,125
11259062511261,11259062511378,117
11259062729964,11259062730069,105
11259062948180,11259062948300,120
11259063166426,11259063166544,118
11259063386279,11259063386405,126
11259063604854,11259063604974,120
11259063822651,11259063822767,116
11259064040132,11259064040255,123
11259064256842,11259064256967,125
11259064475588,11259064475704,116
11259064694540,11259064694640,100
11259064913518,11259064913645,127
11259065129439,11259065129563,124
11259065344570,11259065344697,127
11259065568935,11259065569034,99
11259065786537,11259065786655,118
11259066001809,11259066001930,121
11259066219220,11259066219301,81
11259066435425,11259066435548,123
11259066651598,11259066651726,128
11259066870560,11259066870685,125
11259067087291,11259067087410,119
11259067303075,11259067303198,123
11259067534964,11259067535088,124
11259067748309,11259067748435,126
11259067960323,11259067960449,126
11259068175858,11259068175982,124
11259068389452,11259068389577,125
11259068630025,11259068630133,108
11259068845733,11259068845836,103
11259069071846,11259069071962,116
11259069290246,11259069290354,108
11259069512056,11259069512172,116
11259069727622,11259069727738,116
11259069941744,11259069941861,117
11259070157361,11259070157478,117
11259070371660,11259070371780,120
11259070586929,11259070587045,116
11259070801376,11259070801460,84
11259071018496,11259071018611,115
11259071233646,11259071233754,108
11259071449198,11259071449317,119
11259071665961,11259071666080,119
11259071884354,11259071884477,123
11259072100702,11259072100807,105
11259072328041,11259072328145,104
11259072552842,11259072552959,117
11259072767317,11259072767435,118
11259072982403,11259072982518,115
11259073196576,11259073196683,107
11259073411381,11259073411486,105
11259073632767,11259073632868,101
11259073862765,11259073862906,141
11259074085117,11259074085236,119
11259074544622,11259074544720,98
11259074772999,11259074773130,131
11259074993370,11259074993480,110
11259075214028,11259075214144,116
11259075434225,11259075434347,122
11259075662673,11259075662826,153
11259075881483,11259075881615,132
11259076096993,11259076097117,124
11259076310811,11259076310930,119
11259076526958,11259076527067,109
11259076740973,11259076741096,123
11259076954467,11259076954590,123
11259077167551,11259077167667,116
11259077381183,11259077381299,116
11259077593862,11259077593983,121
11259077808368,11259077808489,121
11259078023956,11259078024073,117
11259078236108,11259078236233,125
11259078458239,11259078458348,109
11259078671705,11259078671831,126
11259078913769,11259078913921,152
11259079136736,11259079136860,124
11259079351934,11259079352049,115
11259079573497,11259079573600,103
11259079790803,11259079790925,122
11259080005956,11259080006071,115
11259080225607,11259080225746,139
11259080447006,11259080447137,131
11259080661091,11259080661217,126
11259080876520,11259080876633,113
11259081091733,11259081091843,110
11259081313091,11259081313205,114
11259081525485,11259081525609,124
11259081742112,11259081742237,125
11259081955163,11259081955275,112
11259082169039,11259082169152,113
11259082391887,11259082392006,119
11259082649182,11259082649352,170
11259082893873,11259082894000,127
11259083138653,11259083138805,152
11259083382319,11259083382466,147
11259083624880,11259083625013,133
11259083866103,11259083866251,148
11259084109489,11259084109635,146
11259084368006,11259084368134,128
11259084609922,11259084610066,144
11259084850877,11259084851010,133
11259085093278,11259085093416,138
11259085335292,11259085335426,134
11259085601373,11259085601510,137
11259085845624,11259085845756,132
11259086086858,11259086086956,98
11259086326415,11259086326547,132
11259086566150,11259086566270,120
11259086807621,11259086807785,164
11259087046822,11259087046941,119
11259087288332,11259087288485,153
11259087530654,11259087530773,119
11259087770122,11259087770244,122
11259088010215,11259088010357,142
11259088250984,11259088251102,118
11259088496909,11259088497042,133
11259088736303,11259088736446,143
11259088987411,11259088987550,139
11259089231972,11259089232108,136
11259089479758,11259089479886,128
11259089722503,11259089722639,136
11259089963976,11259089964088,112
11259090206431,11259090206584,153
11259090447984,11259090448111,127
11259090687564,11259090687700,136
11259090925987,11259090926119,132
11259091166054,11259091166188,134
11259091405056,11259091405208,152
11259091645631,11259091645804,173
11259091885181,11259091885322,141
11259092128104,11259092128242,138
11259092604719,11259092604874,155
11259092848570,11259092848717,147
11259093087696,11259093087818,122
11259093325628,11259093325776,148
11259093563252,11259093563374,122
11259093803418,11259093803551,133
11259094039889,11259094040027,138
11259094277744,11259094277863,119
11259094516323,11259094516444,121
11259094755526,11259094755666,140
11259094993569,11259094993709,140
11259095231126,11259095231273,147
11259095475306,11259095475447,141
11259095718047,11259095718193,146
11259095958340,11259095958517,177
11259096197517,11259096197661,144
11259096441871,11259096442008,137
11259096680634,11259096680769,135
11259096919029,11259096919154,125
11259097157448,11259097157574,126
11259097397936,11259097398093,157
11259097636871,11259097637021,150
11259097874243,11259097874406,163
11259098114191,11259098114316,125
11259098352547,11259098352679,132
11259098590535,11259098590652,117
11259098827970,11259098828095,125
11259099072604,11259099072750,146
11259099311112,11259099311257,145
11259099549745,11259099549863,118
11259099786841,11259099786998,157
11259100025817,11259100025953,136
11259100276121,11259100276249,128
11259100516239,11259100516376,137
11259100753708,11259100753834,126
11259100992678,11259100992803,125
11259101230839,11259101230982,143
11259101469044,11259101469164,120
11259101705653,11259101705791,138
11259101943783,11259101943924,141
11259102181004,11259102181125,121
11259102443195,11259102443339,144
11259102683594,11259102683711,117
11259102923899,11259102924010,111
11259103163926,11259103164030,104
11259103402467,11259103402599,132
11259103640213,11259103640331,118
11259103877558,11259103877678,120
11259104113567,11259104113680,113
11259104353240,11259104353378,138
11259104593395,11259104593534,139
11259104829634,11259104829769,135
11259105068174,11259105068294,120
11259105305738,11259105305868,130
11259105556742,11259105556908,166
11259105795914,11259105796034,120
11259106034235,11259106034381,146
11259106272969,11259106273111,142
11259106517765,11259106517906,141
11259106760034,11259106760166,132
11259106997711,11259106997855,144
11259107234044,11259107234174,130
11259107473224,11259107473370,146
11259107709948,11259107710071,123
11259107947968,11259107948094,126
11259108185061,11259108185207,146
11259108420986,11259108421131,145
11259108658173,11259108658306,133
11259108905645,11259108905793,148
11259109147269,11259109147403,134
11259109388168,11259109388281,113
11259109626499,11259109626617,118
11259109865774,11259109865894,120
11259110105448,11259110105569,121
11259110343057,11259110343187,130
11259110581102,11259110581241,139
11259110817915,11259110818029,114
11259111055325,11259111055442,117
11259111525001,11259111525129,128
11259111766585,11259111766709,124
11259112003013,11259112003125,112
11259112264423,11259112264572,149
11259112508873,11259112508992,119
11259112752402,11259112752521,119
11259112994686,11259112994818,132
11259113236781,11259113236909,128
11259113477886,11259113478017,131
11259113718922,11259113719039,117
11259113958406,11259113958523,117
11259114197189,11259114197307,118
11259114436289,11259114436409,120
11259114677519,11259114677664,145
11259114916606,11259114916741,135
11259115157615,11259115157751,136
11259115400065,11259115400193,128
11259115649622,11259115649772,150
11259115890838,11259115890993,155
11259116129470,11259116129585,115
11259116368488,11259116368608,120
11259116610503,11259116610640,137
11259116850341,11259116850451,110
11259117090257,11259117090365,108
11259117327629,11259117327747,118
11259117564231,11259117564343,112
11259117800355,11259117800485,130
11259118036859,11259118036982,123
11259118274574,11259118274683,109
11259118510739,11259118510837,98
11259118746676,11259118746798,122
11259118992796,11259118992934,138
11259119235552,11259119235671,119
11259119478753,11259119478862,109
11259119716952,11259119717075,123
11259119956033,11259119956140,107
11259120195201,11259120195335,134
11259120440167,11259120440285,118
11259120677644,11259120677767,123
11259120913841,11259120913947,106
11259121151494,11259121151616,122
11259121391691,11259121391813,122
11259121629276,11259121629392,116
11259121865162,11259121865319,157
11259122102201,11259122102309,108
11259122345651,11259122345808,157
11259122586080,11259122586220,140
11259122824441,11259122824565,124
11259123061969,11259123062105,136
11259123299667,11259123299800,133
11259123537340,11259123537456,116
11259123775539,11259123775653,114
11259124013483,11259124013598,115
11259124250721,11259124250831,110
11259124493989,11259124494102,113
11259124731386,11259124731490,104
11259124968387,11259124968500,113
11259125205490,11259125205601,111
11259125449432,11259125449534,102
11259125697153,11259125697280,127
11259125937826,11259125937943,117
11259126177579,11259126177690,111
11259126418379,11259126418494,115
11259126656267,11259126656368,101
11259126904475,11259126904606,131
11259127143269,11259127143396,127
11259127381324,11259127381452,128
11259127625998,11259127626111,113
11259127862053,11259127862160,107
11259128097896,11259128098019,123
11259128340509,11259128340623,114
11259128580138,11259128580267,129
11259128818334,11259128818454,120
11259129060631,11259129060753,122
11259129299430,11259129299547,117
11259129538038,11259129538153,115
11259129776203,11259129776332,129
11259130242864,11259130243014,150
11259130483987,11259130484109,122
11259130722687,11259130722809,122
11259130959973,11259130960078,105
11259131198713,11259131198817,104
11259131436319,11259131436433,114
11259131672477,11259131672581,104
11259131909023,11259131909127,104
11259132144696,11259132144805,109
11259132387695,11259132387824,129
11259132633027,11259132633140,113
11259132871367,11259132871476,109
11259133107934,11259133108054,120
11259133351148,11259133351261,113
11259133588073,11259133588184,111
11259133824324,11259133824440,116
11259134062424,11259134062556,132
11259134299840,11259134299970,130
11259134543264,11259134543399,135
11259134779934,11259134780076,142
11259135016717,11259135016859,142
11259135255293,11259135255423,130
11259135492021,11259135492142,121
11259135734902,11259135735053,151
11259135974676,11259135974778,102
11259136211772,11259136211871,99
11259136454497,11259136454667,170
11259136692345,11259136692478,133
11259136928870,11259136929012,142
11259137166915,11259137167058,143
11259137402859,11259137403003,144
11259137639655,11259137639776,121
11259137877612,11259137877743,131
11259138114872,11259138115011,139
11259138352292,11259138352428,136
11259138595787,11259138595932,145
11259138833058,11259138833204,146
11259139074813,11259139074983,170
11259139312260,11259139312405,145
11259139557439,11259139557585,146
11259139796077,11259139796225,148
11259140034243,11259140034372,129
11259140270610,11259140270739,129
11259140514066,11259140514217,151
11259140754822,11259140754979,157
11259140993814,11259140993954,140
11259141231521,11259141231631,110
11259141475545,11259141475690,145
11259141713228,11259141713357,129
11259141950368,11259141950501,133
11259142187730,11259142187858,128
11259142433410,11259142433575,165
11259142675225,11259142675371,146
11259142913851,11259142913979,128
11259143153454,11259143153604,150
11259143392817,11259143392967,150
11259143632653,11259143632786,133
11259143876138,11259143876287,149
11259144114792,11259144114938,146
11259144359668,11259144359784,116
11259144596964,11259144597086,122
11259144834364,11259144834497,133
11259145072200,11259145072321,121
11259145310561,11259145310675,114
11259145555437,11259145555596,159
11259145796672,11259145796789,117
11259146037397,11259146037505,108
11259146278010,11259146278131,121
11259146517180,11259146517303,123
11259146757708,11259146757847,139
11259146996869,11259146997004,135
11259147235133,11259147235256,123
11259147471940,11259147472066,126
11259147714533,11259147714649,116
11259147951829,11259147951936,107
11259148188777,11259148188886,109
11259148425220,11259148425329,109
11259148661399,11259148661517,118
11259149128637,11259149128768,131
11259149371628,11259149371765,137
11259149610471,11259149610586,115
11259149849061,11259149849190,129
11259150086408,11259150086523,115
11259150322969,11259150323071,102
11259150558745,11259150558870,125
11259150794041,11259150794175,134
11259151028889,11259151028996,107
11259151262606,11259151262732,126
11259151497569,11259151497675,106
11259151732320,11259151732432,112
11259151967454,11259151967567,113
11259152200954,11259152201060,106
11259152448132,11259152448266,134
11259152686408,11259152686516,108
11259152924499,11259152924639,140
11259153161996,11259153162127,131
11259153398469,11259153398608,139
11259153636064,11259153636199,135
11259153883083,11259153883239,156
11259154118339,11259154118489,150
11259154353304,11259154353449,145
11259154589649,11259154589801,152
11259154825863,11259154826006,143
11259155062879,11259155063022,143
11259155299077,11259155299197,120
11259155533966,11259155534103,137
11259155781858,11259155782017,159
11259156020522,11259156020668,146
11259156259393,11259156259538,145
11259156504391,11259156504538,147
11259156742761,11259156742914,153
11259156979937,11259156980083,146
11259157217833,11259157217973,140
11259157455944,11259157456079,135
11259157699551,11259157699677,126
11259157936578,11259157936724,146
11259158172922,11259158173049,127
11259158409731,11259158409881,150
11259158646434,11259158646577,143
11259158891979,11259158892164,185
11259159132478,11259159132611,133
11259159371154,11259159371305,151
11259159610883,11259159611024,141
11259159849715,11259159849861,146
11259160088320,11259160088471,151
11259160326199,11259160326329,130
11259160563263,11259160563404,141
11259160800839,11259160800981,142
11259161038268,11259161038410,142
11259161276350,11259161276478,128
11259161517877,11259161518013,136
11259161753444,11259161753559,115
11259161989051,11259161989162,111
11259162234746,11259162234870,124
11259162481518,11259162481639,121
11259162720897,11259162721016,119
11259162959075,11259162959197,122
11259163197413,11259163197538,125
11259163437035,11259163437154,119
11259163674918,11259163675059,141
11259163911519,11259163911654,135
11259164148463,11259164148624,161
11259164385361,11259164385497,136
11259164621193,11259164621313,120
11259164860164,11259164860298,134
11259165098165,11259165098291,126
11259165333697,11259165333839,142
11259165586180,11259165586337,157
11259165824086,11259165824213,127
11259166063772,11259166063904,132
11259166302945,11259166303075,130
11259166547306,11259166547434,128
11259166785791,11259166785924,133
11259167023413,11259167023520,107
11259167261803,11259167261914,111
11259167737835,11259167737945,110
11259167979684,11259167979805,121
11259168216729,11259168216852,123
11259168460607,11259168460708,101
11259168696870,11259168696981,111
11259168941960,11259168942089,129
11259169181095,11259169181217,122
11259169426702,11259169426846,144
11259169665447,11259169665588,141
11259169904034,11259169904164,130
11259170142450,11259170142590,140
11259170386456,11259170386586,130
11259170622514,11259170622667,153
11259170858307,11259170858451,144
11259171094543,11259171094654,111
11259171328921,11259171329049,128
11259171570897,11259171571025,128
11259171806372,11259171806510,138
11259172040740,11259172040880,140
11259172281741,11259172281896,155
11259172525330,11259172525459,129
11259172762539,11259172762683,144
11259172998884,11259172999006,122
11259173234435,11259173234575,140
11259173476278,11259173476409,131
11259173711132,11259173711272,140
11259173944810,11259173944951,141
11259174179299,11259174179433,134
11259174413271,11259174413397,126
11259174645430,11259174645540,110
11259174881771,11259174881893,122
11259175115524,11259175115645,121
11259175349106,11259175349234,128
11259175609914,11259175610080,166
11259175846722,11259175846834,112
11259176081792,11259176081927,135
11259176317701,11259176317829,128
11259176551904,11259176552020,116
11259176786006,11259176786112,106
11259177021946,11259177022068,122
11259177255895,11259177256025,130
11259177489307,11259177489448,141
11259177722397,11259177722530,133
11259177954894,11259177955023,129
11259178188283,11259178188422,139
11259178429171,11259178429303,132
11259178664095,11259178664220,125
11259178908922,11259178909084,162
11259179146493,11259179146615,122
11259179390275,11259179390401,126
11259179628290,11259179628423,133
11259179864035,11259179864164,129
11259180100088,11259180100231,143
11259180336266,11259180336402,136
11259180582457,11259180582599,142
11259180819718,11259180819873,155
11259181055501,11259181055652,151
11259181290963,11259181291096,133
11259181533110,11259181533222,112
11259181768234,11259181768384,150
11259182003110,11259182003243,133
11259182245428,11259182245606,178
11259182483984,11259182484139,155
11259182727739,11259182727893,154
11259182965720,11259182965872,152
11259183200600,11259183200740,140
11259183441793,11259183441930,137
11259183676567,11259183676699,132
11259183911731,11259183911877,146
11259184146934,11259184147073,139
11259184380996,11259184381151,155
11259184621325,11259184621457,132
11259184855107,11259184855244,137
11259185089051,11259185089183,132
11259185328917,11259185329050,133
11259185570526,11259185570655,129
11259185806581,11259185806721,140
11259186044381,11259186044526,145
11259186521273,11259186521421,148
11259186759845,11259186759974,129
11259186998242,11259186998360,118
11259187234378,11259187234524,146
11259187469990,11259187470124,134
11259187705465,11259187705613,148
11259187941231,11259187941373,142
11259188177972,11259188178101,129
11259188412632,11259188412781,149
11259188648010,11259188648155,145
11259188894558,11259188894742,184
11259189136127,11259189136268,141
11259189373936,11259189374097,161
11259189611611,11259189611740,129
11259189847744,11259189847884,140
11259190085650,11259190085776,126
11259190323149,11259190323260,111
11259190559651,11259190559766,115
11259190798411,11259190798542,131
11259191033426,11259191033563,137
11259191268017,11259191268139,122
11259191504707,11259191504832,125
11259191739408,11259191739537,129
11259191974594,11259191974712,118
11259192214879,11259192215066,187
11259192463333,11259192463466,133
11259192700337,11259192700500,163
11259192938491,11259192938628,137
11259193176257,11259193176393,136
11259193418300,11259193418446,146
11259193655294,11259193655436,142
11259193892390,11259193892533,143
11259194129419,11259194129571,152
11259194365121,11259194365268,147
11259194602186,11259194602329,143
11259194837938,11259194838080,142
11259195071659,11259195071801,142
11259195306593,11259195306730,137
11259195540696,11259195545692,4996
11259195786023,11259195786163,140
11259196023405,11259196023550,145
11259196257880,11259196258020,140
11259196499569,11259196499701,132
11259196733938,11259196734058,120
11259196969481,11259196969622,141
11259197202660,11259197202806,146
11259197442370,11259197442508,138
11259197677021,11259197677172,151
11259197913013,11259197913106,93
11259198148118,11259198148259,141
11259198387208,11259198387336,128
11259198621915,11259198622042,127
11259198853788,11259198853922,134
11259199098057,11259199098221,164
11259199336257,11259199336400,143
11259199573617,11259199573750,133
11259199813881,11259199814035,154
11259200054558,11259200054703,145
11259200293746,11259200293906,160
11259200538441,11259200538590,149
11259200774356,11259200774493,137
11259201014481,11259201014626,145
11259201248648,11259201248793,145
11259201483044,11259201483207,163
11259201717382,11259201717523,141
11259201951492,11259201951640,148
11259202187945,11259202188079,134
11259202445488,11259202445661,173
11259202685022,11259202685145,123
11259202924205,11259202924356,151
11259203165565,11259203165707,142
11259203413046,11259203413234,188
11259203653076,11259203653239,163
11259203891586,11259203891741,155
11259204134823,11259204134964,141
11259204374374,11259204374513,139
11259204858603,11259204858751,148
11259205108434,11259205108551,117
11259205350199,11259205350325,126
11259205601584,11259205601742,158
11259205845416,11259205845539,123
11259206087257,11259206087387,130
11259206328374,11259206328507,133
11259206575950,11259206576078,128
11259206814746,11259206814885,139
11259207053462,11259207053595,133
11259207302887,11259207303040,153
11259207548765,11259207548894,129
11259207786382,11259207786510,128
11259208023668,11259208023802,134
11259208261438,11259208261588,150
11259208504681,11259208504834,153
11259208743441,11259208743598,157
11259208988315,11259208988470,155
11259209228001,11259209228151,150
11259209472712,11259209472843,131
11259209710751,11259209710894,143
11259209947733,11259209947858,125
11259210183471,11259210183593,122
11259210420204,11259210420361,157
11259210655567,11259210655696,129
11259210889545,11259210889687,142
11259211123528,11259211123682,154
11259211356391,11259211356539,148
11259211590736,11259211590871,135
11259211828466,11259211828607,141
11259212064012,11259212064139,127
11259212309416,11259212309564,148
11259212559099,11259212559233,134
11259212798062,11259212798205,143
11259213035592,11259213035744,152
11259213279022,11259213279148,126
11259213525262,11259213525403,141
11259213763721,11259213763855,134
11259214000609,11259214000739,130
11259214234602,11259214234752,150
11259214469910,11259214470041,131
11259214711936,11259214712069,133
11259214947125,11259214947258,133
11259215182928,11259215183045,117
11259215416082,11259215416211,129
11259215663551,11259215663705,154
11259215901310,11259215901428,118
11259216138952,11259216139078,126
11259216375504,11259216375614,110
11259216611473,11259216611598,125
11259216848614,11259216848724,110
11259217084454,11259217084575,121
11259217320425,11259217320546,121
11259217554130,11259217554271,141
11259217788606,11259217788736,130
11259218022297,11259218022428,131
11259218256540,11259218256658,118
11259218492336,11259218492467,131
11259218733483,11259218733599,116
11259218981180,11259218981328,148
11259219246471,11259219246604,133
11259219491086,11259219491176,90
11259219732403,11259219732523,120
11259219971557,11259219971673,116
11259220210290,11259220210403,113
11259220446957,11259220447079,122
11259220685470,11259220685597,127
11259220923245,11259220923395,150
11259221159547,11259221159680,133
11259221395083,11259221395217,134
11259221636046,11259221636176,130
11259221871642,11259221871776,134
11259222106076,11259222106225,149
11259222350424,11259222350594,170
11259222595287,11259222595397,110
11259222832724,11259222832860,136
11259223070551,11259223070685,134
11259223308021,11259223308145,124
11259223545938,11259223546050,112
11259224016603,11259224016717,114
11259224254495,11259224254600,105
11259224489204,11259224489322,118
11259224724174,11259224724309,135
11259224956494,11259224956638,144
11259225190189,11259225190319,130
11259225436022,11259225436132,110
11259225679018,11259225679148,130
11259225914905,11259225915042,137
11259226148630,11259226148771,141
11259226392008,11259226392122,114
11259226625588,11259226625714,126
11259226859394,11259226859518,124
11259227092299,11259227092391,92
11259227325444,11259227325595,151
11259227558469,11259227558618,149
11259227791480,11259227791611,131
11259228025201,11259228025331,130
11259228258771,11259228258920,149
11259228497923,11259228498052,129
11259228730197,11259228730338,141
11259228973222,11259228973380,158
11259229208812,11259229208939,127
11259229441913,11259229442055,142
11259229676191,11259229676329,138
11259229909046,11259229909179,133
11259230142960,11259230143086,126
11259230377145,11259230377280,135
11259230610392,11259230610525,133
11259230845296,11259230845430,134
11259231079491,11259231079646,155
11259231312835,11259231312984,149
11259231554523,11259231554673,150
11259231786987,11259231787132,145
11259232020361,11259232020516,155
11259232262056,11259232262199,143
11259232505691,11259232505840,149
11259232741455,11259232741577,122
11259232977468,11259232977606,138
11259233214813,11259233214953,140
11259233450065,11259233450190,125
11259233682440,11259233682588,148
11259233927722,11259233927885,163
11259234162587,11259234162727,140
11259234397003,11259234397136,133
11259234629512,11259234629639,127
11259234863178,11259234863307,129
11259235096660,11259235096785,125
11259235329673,11259235329819,146
11259235571140,11259235571291,151
11259235806524,11259235806666,142
11259236042666,11259236042798,132
11259236277789,11259236277910,121
11259236512812,11259236512939,127
11259236747919,11259236748050,131
11259236984341,11259236984481,140
11259237221970,11259237222117,147
11259237456537,11259237456675,138
11259237690189,11259237690328,139
11259237926452,11259237926584,132
11259238161286,11259238161415,129
11259238401905,11259238402038,133
11259238636036,11259238636177,141
11259238870031,11259238870182,151
11259239113356,11259239113516,160
11259239349986,11259239350122,136
11259239594209,11259239594348,139
11259239831045,11259239831185,140
11259240067972,11259240068119,147
11259240305720,11259240305858,138
11259240542907,11259240543050,143
11259240779408,11259240779551,143
11259241015642,11259241015784,142
11259241250835,11259241250990,155
11259241493549,11259241493685,136
11259241728182,11259241728307,125
11259241963291,11259241963408,117
11259242197906,11259242198030,124
11259242668930,11259242669081,151
11259242910090,11259242910231,141
11259243147104,11259243147260,156
11259243386356,11259243386465,109
11259243623549,11259243623677,128
11259243860621,11259243860720,99
11259244097399,11259244097519,120
11259244332847,11259244332976,129
11259244577761,11259244577882,121
11259244812085,11259244812207,122
11259245046677,11259245046799,122
11259245287906,11259245288046,140
11259245523397,11259245523520,123
11259245769182,11259245769302,120
11259246006753,11259246006867,114
11259246243871,11259246243968,97
11259246480136,11259246480255,119
11259246715090,11259246715203,113
11259246950881,11259246951016,135
11259247186563,11259247186706,143
11259247421114,11259247421241,127
11259247669606,11259247669743,137
11259247883770,11259247883911,141
11259248097833,11259248097961,128
11259248309860,11259248310001,141
11259248522859,11259248522988,129
11259248736596,11259248736737,141
11259249030408,11259249030535,127
11259249250063,11259249250200,137
11259249466336,11259249466467,131
11259249681418,11259249681541,123
11259249897027,11259249897144,117
11259250112076,11259250112208,132
11259250328965,11259250329081,116
11259250544318,11259250544444,126
11259250759126,11259250759264,138
11259250974158,11259250974271,113
11259251203769,11259251203895,126
11259251458807,11259251458929,122
11259251694708,11259251694865,157
11259251927350,11259251927493,143
11259252161713,11259252161868,155
11259252401451,11259252401594,143
11259252636540,11259252636692,152
11259252907520,11259252907659,139
11259253183920,11259253184058,138
11259253418952,11259253419091,139
11259253655494,11259253655586,92
11259253895492,11259253895617,125
11259254136409,11259254136643,234
11259254373308,11259254373445,137
11259254608744,11259254608890,146
11259254842619,11259254842751,132
11259255077895,11259255078036,141
11259255311417,11259255311558,141
11259255555730,11259255555884,154
11259255793205,11259255793337,132
11259256029132,11259256029276,144
11259256268037,11259256268180,143
11259256504253,11259256504413,160
11259256741011,11259256741139,128
11259256983328,11259256983459,131
11259257301890,11259257302075,185
11259257624375,11259257624643,268
11259257921327,11259257921584,257
11259258211552,11259258211799,247
11259258622848,11259258623064,216
11259259095410,11259259095589,179
11259259482099,11259259482397,298
11259259848135,11259259848232,97
11259260229693,11259260230156,463
11259260568643,11259260568725,82
11259260868166,11259260868301,135
11259261163400,11259261163490,90
11259261469385,11259261469476,91
11259261804740,11259261804913,173
11259262138123,11259262138234,111
11259262765353,11259262765639,286
11259263068940,11259263069085,145
11259263342010,11259263342119,109
11259263604125,11259263604241,116
11259263848494,11259263848605,111
11259264087630,11259264087841,211
11259264325031,11259264325139,108
11259264561500,11259264561629,129
11259264799581,11259264799716,135
11259265036079,11259265036226,147
11259265270390,11259265270527,137
11259265512694,11259265512819,125
11259265767869,11259265768022,153
11259266006059,11259266006186,127
11259266242842,11259266242966,124
11259266486203,11259266486344,141
11259266724319,11259266724437,118
11259266963003,11259266963142,139
11259267199619,11259267199752,133
11259267442984,11259267443121,137
11259267680673,11259267680792,119
11259267917154,11259267917275,121
11259268153974,11259268154085,111
11259268389641,11259268389773,132
11259268670064,11259268670260,196
11259269056314,11259269056466,152
11259269462166,11259269462376,210
11259269742291,11259269742450,159
11259269995428,11259269995553,125
11259270241434,11259270241534,100
11259270518184,11259270518300,116
11259270825632,11259270825821,189
11259271231030,11259271231217,187
11259271563495,11259271563667,172
11259271914076,11259271914241,165
11259272260947,11259272261129,182
11259272546526,11259272546674,148
11259272816604,11259272816685,81
11259273081986,11259273082133,147
11259273339706,11259273339797,91
11259273569454,11259273569546,92
11259273818305,11259273818469,164
11259274068085,11259274068177,92
11259274313159,11259274313252,93
11259274553656,11259274553854,198
11259274776171,11259274776308,137
11259274994459,11259274994601,142
11259275222446,11259275222589,143
11259275456556,11259275456692,136
11259275765472,11259275765675,203
11259276002432,11259276002601,169
11259276229445,11259276229592,147
11259276446668,11259276446816,148
11259276662286,11259276662435,149
11259276879249,11259276879398,149
11259277098537,11259277098684,147
11259277318630,11259277318769,139
11259277534186,11259277534323,137
11259277751557,11259277751691,134
11259277969022,11259277969159,137
11259278184797,11259278184929,132
11259278398401,11259278398540,139
11259278613254,11259278613362,108
11259278829629,11259278829756,127
11259279059414,11259279059548,134
11259279277295,11259279277435,140
11259279491097,11259279491253,156
11259279700976,11259279701111,135
11259279913895,11259279914031,136
11259280125460,11259280125597,137
11259280337346,11259280337487,141
11259280548146,11259280548284,138
11259280757905,11259280758042,137
11259281045246,11259281045380,134
11259281343908,11259281344043,135
11259281581314,11259281581552,238
11259281811248,11259281811397,149
11259282364177,11259282364286,109
11259282588167,11259282588317,150
11259282804312,11259282804436,124
11259283016924,11259283017046,122
11259283231868,11259283231997,129
11259283478775,11259283478909,134
11259283687953,11259283688077,124
11259283897686,11259283897807,121
11259284107164,11259284107287,123
11259284315171,11259284315296,125
11259284523877,11259284524001,124
11259284732457,11259284732587,130
11259284939436,11259284939565,129
11259285147008,11259285147133,125
11259285354782,11259285354903,121
11259285577165,11259285577312,147
11259285854651,11259285854789,138
11259286066117,11259286066257,140
11259286279509,11259286279646,137
11259286536234,11259286536428,194
11259286844519,11259286844712,193
11259287225558,11259287225723,165
11259287561881,11259287562008,127
11259287962579,11259287962905,326
11259288288332,11259288288535,203
11259288573900,11259288574030,130
11259288846946,11259288847052,106
11259289140211,11259289140339,128
11259289440268,11259289440444,176
11259289682185,11259289682310,125
11259289923745,11259289923849,104
11259290192850,11259290193038,188
11259290458939,11259290459056,117
11259290697340,11259290697505,165
11259290927076,11259290927188,112
11259291152717,11259291152828,111
11259291383229,11259291383339,110
11259291628778,11259291628896,118
11259291861220,11259291861350,130
11259292078783,11259292078910,127
11259292373937,11259292374085,148
11259292626987,11259292627112,125
11259292868884,11259292869021,137
11259293110576,11259293110720,144
11259293352563,11259293352690,127
11259293592752,11259293592908,156
11259293830279,11259293830435,156
11259294068182,11259294068336,154
11259294306569,11259294306678,109
11259294545052,11259294545202,150
11259294781271,11259294781406,135
11259295017112,11259295017275,163
11259295254510,11259295254661,151
11259295490359,11259295490480,121
11259295731632,11259295731775,143
11259295970730,11259295970876,146
11259296206520,11259296206628,108
11259296457142,11259296457263,121
11259296693715,11259296693866,151
11259296930564,11259296930704,140
11259297168366,11259297168531,165
11259297418148,11259297418304,156
11259297657380,11259297657548,168
11259297953382,11259297953530,148
11259298243909,11259298244052,143
11259298508963,11259298509080,117
11259298747036,11259298747207,171
11259299036055,11259299036263,208
11259299287828,11259299287999,171
11259299550640,11259299550774,134
11259299796863,11259299797024,161
11259300036330,11259300036455,125
11259300272745,11259300272881,136
11259300510533,11259300510656,123
11259300785467,11259300785588,121
11259301020572,11259301020684,112
11259301254166,11259301254303,137
11259301725166,11259301725312,146
11259301964965,11259301965095,130
11259302199558,11259302199678,120
11259302470735,11259302470910,175
11259302719713,11259302719877,164
11259302961552,11259302961697,145
11259303210829,11259303210959,130
11259303467213,11259303467372,159
11259303749095,11259303749228,133
11259304017404,11259304017555,151
11259304272844,11259304273007,163
11259304552886,11259304553005,119
11259304820473,11259304820683,210
11259305081355,11259305081495,140
11259305341209,11259305341321,112
11259305626694,11259305626982,288
11259305932460,11259305932726,266
11259306224525,11259306224663,138
11259306475672,11259306475818,146
11259306729858,11259306729994,136
11259306982929,11259306983029,100
11259307237662,11259307237763,101
11259307496463,11259307496613,150
11259307742771,11259307742912,141
11259307982780,11259307982926,146
11259308228132,11259308228250,118
11259308485422,11259308485560,138
11259308739806,11259308739981,175
11259308999061,11259308999235,174
11259309244636,11259309244731,95
11259309499136,11259309499235,99
11259309739537,11259309739645,108
11259309979913,11259309980054,141
11259310219910,11259310220064,154
11259310457722,11259310457883,161
11259310694131,11259310694283,152
11259310930194,11259310930378,184
11259311166323,11259311166456,133
11259311402838,11259311403030,192
11259311638308,11259311638421,113
11259311873214,11259311873355,141
11259312109343,11259312109460,117
11259312357938,11259312358091,153
11259312626675,11259312626815,140
11259312863935,11259312864088,153
11259313101466,11259313101605,139
11259313337862,11259313338016,154
11259313588052,11259313588195,143
11259313823467,11259313823614,147
11259314059700,11259314059843,143
11259314297261,11259314297418,157
11259314542709,11259314542862,153
11259314778363,11259314778502,139
11259315081858,11259315082018,160
11259315389708,11259315389858,150
11259315692707,11259315692891,184
11259315935504,11259315935671,167
11259316176382,11259316176526,144
11259316426324,11259316426469,145
11259316681077,11259316681220,143
11259316949538,11259316949667,129
11259317207734,11259317207888,154
11259317466789,11259317466938,149
11259317769643,11259317769883,240
11259318052423,11259318052552,129
11259318369763,11259318369886,123
11259318635269,11259318635484,215
11259318920365,11259318920510,145
11259319191856,11259319192015,159
11259319470578,11259319470666,88
11259319727179,11259319727264,85
11259319971405,11259319971539,134
11259320222551,11259320222647,96
11259320480111,11259320480219,108
11259320728104,11259320728286,182
11259320977133,11259320977281,148
11259321219234,11259321219374,140
11259321466463,11259321466618,155
11259321967273,11259321967430,157
11259322242649,11259322242840,191
11259322501574,11259322501721,147
11259322744108,11259322744251,143
11259322981957,11259322982118,161
11259323219073,11259323219219,146
11259323471783,11259323471951,168
11259323709537,11259323709678,141
11259323945859,11259323946026,167
11259324229348,11259324229530,182
11259324485182,11259324485330,148
11259324723728,11259324723881,153
11259324961034,11259324961179,145
11259325197471,11259325197631,160
11259325434253,11259325434398,145
11259325687227,11259325687430,203
11259325929172,11259325929336,164
11259326167638,11259326167781,143
11259326412766,11259326412899,133
11259326654390,11259326654560,170
11259326892132,11259326892273,141
11259327129886,11259327130029,143
11259327366483,11259327366627,144
11259327613446,11259327613599,153
11259327852767,11259327852902,135
11259328089818,11259328089979,161
11259328341674,11259328341813,139
11259328655561,11259328655679,118
11259328972984,11259328973157,173
11259329246458,11259329246611,153
11259329486278,11259329486420,142
11259329724305,11259329724437,132
11259329962062,11259329962181,119
11259330205775,11259330205934,159
11259330442697,11259330442835,138
11259330702539,11259330702660,121
11259330940817,11259330940950,133
11259331207436,11259331207562,126
11259331445825,11259331445942,117
11259331677148,11259331677274,126
11259331908326,11259331908473,147
11259332140483,11259332140626,143
11259332386947,11259332387082,135
11259332621210,11259332621342,132
11259332907754,11259332907982,228
11259333258249,11259333258397,148
11259333520132,11259333520259,127
11259333761943,11259333762070,127
11259334090596,11259334090855,259
11259334501906,11259334502124,218
11259334840086,11259334840241,155
11259335104378,11259335104476,98
11259335360250,11259335360362,112
11259335666305,11259335666459,154
11259335927032,11259335927149,117
11259336205552,11259336205719,167
11259336494806,11259336494953,147
11259336738068,11259336738156,88
11259336960154,11259336960312,158
11259337188789,11259337188870,81
11259337436881,11259337437018,137
11259337675679,11259337675757,78
11259337917265,11259337917383,118
11259338140648,11259338140775,127
11259338360468,11259338360597,129
11259338572610,11259338572759,149
11259338796948,11259338797079,131
11259339042208,11259339042358,150
11259339282216,11259339282357,141
11259339527040,11259339527196,156
11259339740684,11259339740807,123
11259339955771,11259339955905,134
11259340169977,11259340170100,123
11259340393535,11259340393654,119
11259340606542,11259340606672,130
11259340819901,11259340820039,138
11259341307365,11259341307473,108
11259341542846,11259341542952,106
11259341757811,11259341757942,131
11259341973671,11259341973809,138
11259342187056,11259342187177,121
11259342437459,11259342437618,159
11259342653069,11259342653183,114
11259342867280,11259342867391,111
11259343079059,11259343079167,108
11259343289778,11259343289910,132
11259343499238,11259343499370,132
11259343709188,11259343709316,128
11259343921181,11259343921305,124
11259344130777,11259344130901,124
11259344347520,11259344347642,122
11259344557889,11259344558012,123
11259344769862,11259344769995,133
11259344980622,11259344980741,119
11259345243769,11259345243885,116
11259345460670,11259345460788,118
11259345778319,11259345778466,147
11259346098769,11259346098933,164
11259346347014,11259346347172,158
11259346570655,11259346570789,134
11259346783998,11259346784177,179
11259346995759,11259346995899,140
11259347206179,11259347206315,136
11259347417961,11259347418100,139
11259347636600,11259347636737,137
11259347867666,11259347867801,135
11259348074323,11259348074460,137
11259348288955,11259348289113,158
11259348501519,11259348501654,135
11259348710632,11259348710762,130
11259348962981,11259348963151,170
11259349219660,11259349219821,161
11259349467492,11259349467646,154
11259349690626,11259349690761,135
11259349941474,11259349941603,129
11259350188241,11259350188431,190
11259350564527,11259350564755,228
11259350940149,11259350940381,232
11259351235564,11259351235794,230
11259351511826,11259351511967,141
11259351751898,11259351752039,141
11259351996296,11259351996426,130
11259352259885,11259352260027,142
11259352522863,11259352522950,87
11259352771948,11259352772033,85
11259353018188,11259353018275,87
11259353249181,11259353249311,130
11259353492980,11259353493108,128
11259353732981,11259353733118,137
11259353971189,11259353971351,162
11259354207277,11259354207372,95
11259354493893,11259354494032,139
11259354728152,11259354728290,138
11259354942011,11259354942148,137
11259355160979,11259355161102,123
11259355398507,11259355398647,140
11259355657456,11259355657685,229
11259355895817,11259355895932,115
11259356114089,11259356114230,141
11259356331775,11259356331918,143
11259356561256,11259356561404,148
11259356772148,11259356772281,133
11259356982757,11259356982878,121
11259357194861,11259357194998,137
11259357409502,11259357409629,127
11259357619040,11259357619170,130
11259357833144,11259357833293,149
11259358043075,11259358043209,134
11259358252652,11259358252785,133
11259358463418,11259358463554,136
11259358673489,11259358673610,121
11259358891932,11259358892058,126
11259359108222,11259359108306,84
11259359318939,11259359319083,144
11259359529104,11259359529243,139
11259360010283,11259360010412,129
11259360220745,11259360220838,93
11259360430447,11259360430569,122
11259360651489,11259360651621,132
11259360859668,11259360859801,133
11259361068115,11259361068246,131
11259361277043,11259361277172,129
11259361492229,11259361492373,144
11259361700297,11259361700448,151
11259361916902,11259361917003,101
11259362189603,11259362189739,136
11259362531766,11259362531926,160
11259362869179,11259362869383,204
11259363120104,11259363120287,183
11259363473905,11259363474111,206
11259363746847,11259363747029,182
11259364007909,11259364007997,88
11259364362268,11259364362501,233
11259364769740,11259364769937,197
11259365067250,11259365067411,161
11259365329989,11259365330206,217
11259365630403,11259365630538,135
11259365898982,11259365899119,137
11259366161551,11259366161684,133
11259366429039,11259366429191,152
11259366718089,11259366718267,178
11259366982261,11259366982415,154
11259367219071,11259367219283,212
11259367445277,11259367445426,149
11259367679633,11259367679727,94
11259367917558,11259367917704,146
11259368160985,11259368161082,97
11259368389799,11259368389914,115
11259368608886,11259368609037,151
11259368827302,11259368827459,157
11259369052838,11259369052982,144
11259369276339,11259369276478,139
11259369499599,11259369499754,155
11259369735971,11259369736281,310
11259369957046,11259369957190,144
11259370171123,11259370171267,144
11259370384752,11259370384901,149
11259370595298,11259370595420,122
11259370804244,11259370804363,119
11259371014571,11259371014706,135
11259371223730,11259371223873,143
11259371433468,11259371433617,149
11259371643952,11259371644033,81
11259371854485,11259371854620,135
11259372063217,11259372063388,171
11259372309805,11259372309952,147
11259372524366,11259372524540,174
11259372735229,11259372735372,143
11259372945949,11259372946063,114
11259373177900,11259373178057,157
11259373391991,11259373392134,143
11259373603662,11259373603809,147
11259373816399,11259373816529,130
11259374029063,11259374029191,128
11259374241700,11259374241827,127
11259374452668,11259374452797,129
11259374663106,11259374663254,148
11259374876443,11259374876600,157
11259375090445,11259375090587,142
11259375330508,11259375330655,147
11259375618277,11259375618408,131
11259375918120,11259375918241,121
11259376165463,11259376165590,127
11259376388503,11259376388634,131
11259376604030,11259376604168,138
11259376817415,11259376817549,134
11259377028743,11259377028878,135
11259377239672,11259377239808,136
11259377451586,11259377451681,95
11259377661187,11259377661330,143
11259377910137,11259377910281,144
11259378117487,11259378117627,140
11259378576789,11259378576904,115
11259378798637,11259378798793,156
11259379074615,11259379074760,145
11259379289297,11259379289426,129
11259379498844,11259379498991,147
11259379708069,11259379708210,141
11259379917950,11259379918065,115
11259380126002,11259380126136,134
11259380402891,11259380403080,189
11259380677171,11259380677356,185
11259380914746,11259380914913,167
11259381152040,11259381152279,239
11259381379927,11259381380071,144
11259381645821,11259381645972,151
11259381928176,11259381928336,160
11259382227735,11259382227918,183
11259382503635,11259382503725,90
11259382770998,11259382771135,137
11259383030355,11259383030498,143
11259383289126,11259383289263,137
11259383546554,11259383546739,185
11259383799876,11259383800006,130
11259384046464,11259384046599,135
11259384291669,11259384291780,111
11259384542702,11259384542874,172
11259384841352,11259384841482,130
11259385098412,11259385098566,154
11259385341270,11259385341401,131
11259385613065,11259385613242,177
11259385857580,11259385857721,141
11259386102877,11259386103019,142
11259386371619,11259386371759,140
11259386628142,11259386628277,135
11259386869608,11259386869757,149
11259387109659,11259387109811,152
11259387347212,11259387347346,134
11259387584538,11259387584686,148
11259387828238,11259387828402,164
11259388066213,11259388066376,163
11259388303194,11259388303353,159
11259388553805,11259388553944,139
11259388791860,11259388792008,148
11259389042427,11259389042599,172
11259389282268,11259389282437,169
11259389521760,11259389521906,146
11259389759979,11259389760149,170
11259389996839,11259389996995,156
11259390234473,11259390234659,186
11259390489531,11259390489682,151
11259390726026,11259390726184,158
11259390961436,11259390961611,175
11259391196949,11259391197093,144
11259391447663,11259391447820,157
11259391682700,11259391682820,120
11259391917759,11259391917942,183
11259392154697,11259392154882,185
11259392421527,11259392421684,157
11259392678659,11259392678790,131
11259392934130,11259392934260,130
11259393168969,11259393169091,122
11259393441765,11259393441916,151
11259393696687,11259393696820,133
11259393975597,11259393975730,133
11259394302974,11259394303112,138
11259394565243,11259394565331,88
11259394803967,11259394804124,157
11259395044292,11259395044472,180
11259395281143,11259395281279,136
11259395518207,11259395518366,159
11259395765638,11259395765759,121
11259396003146,11259396003294,148
11259396248460,11259396248592,132
11259396515593,11259396515825,232
11259396858821,11259396858976,155
11259397113907,11259397114146,239
11259397394665,11259397394850,185
11259397907651,11259397907807,156
11259398230450,11259398230563,113
11259398488400,11259398488488,88
11259398777729,11259398777940,211
11259399081484,11259399081699,215
11259399352688,11259399352841,153
11259399614274,11259399614397,123
11259399873839,11259399873952,113
11259400131794,11259400131880,86
11259400395677,11259400395805,128
11259400642277,11259400642366,89
11259400915139,11259400915298,159
11259401170030,11259401170188,158
11259401422660,11259401422802,142
11259401685369,11259401685526,157
11259401929623,11259401929758,135
11259402168854,11259402168958,104
11259402439598,11259402439751,153
11259402666124,11259402666244,120
11259402957922,11259402958057,135
11259403213083,11259403213208,125
11259403514068,11259403514184,116
11259403734832,11259403734954,122
11259403954736,11259403954885,149
11259404173108,11259404173238,130
11259404417157,11259404417296,139
11259404662941,11259404663068,127
11259404898579,11259404898715,136
11259405135411,11259405135539,128
11259405370710,11259405370856,146
11259405668224,11259405668355,131
11259405891963,11259405892056,93
11259406111735,11259406111832,97
11259406330128,11259406330230,102
11259406549267,11259406549399,132
11259406769286,11259406769396,110
11259406988068,11259406988206,138
11259407207198,11259407207327,129
11259407425467,11259407425593,126
11259407643870,11259407644003,133
11259407860848,11259407860958,110
11259408079484,11259408079595,111
11259408297249,11259408297369,120
11259408538839,11259408538978,139
11259408845418,11259408845515,97
11259409150446,11259409150610,164
11259409437739,11259409437889,150
11259409676357,11259409676486,129
11259409911997,11259409912149,152
11259410147674,11259410147805,131
11259410413551,11259410413732,181
11259410671390,11259410671554,164
11259410952796,11259410953048,252
11259411268441,11259411268623,182
11259411516674,11259411516790,116
11259411800474,11259411800612,138
11259412055450,11259412055629,179
11259412360624,11259412360864,240
11259412648932,11259412649083,151
11259412911864,11259412911983,119
11259413171703,11259413171846,143
11259413433161,11259413433308,147
11259413699294,11259413699386,92
11259413954463,11259413954574,111
11259414201068,11259414201235,167
11259414454845,11259414454992,147
11259414708134,11259414708271,137
11259414985883,11259414986062,179
11259415252865,11259415253023,158
11259415510669,11259415510798,129
11259415777216,11259415777361,145
11259415997539,11259415997676,137
11259416221386,11259416221515,129
11259416481779,11259416481884,105
11259416732990,11259416733116,126
11259416970662,11259416970795,133
11259417208811,11259417208940,129
11259417447453,11259417447591,138
11259417947509,11259417947661,152
11259418187265,11259418187438,173
11259418423040,11259418423148,108
11259418659168,11259418659304,136
11259418911214,11259418911362,148
11259419222042,11259419222171,129
11259419445418,11259419445560,142
11259419668036,11259419668158,122
11259419889212,11259419889335,123
11259420110614,11259420110747,133
11259420330812,11259420330932,120
11259420549902,11259420550033,131
11259420768933,11259420769056,123
11259420988347,11259420988498,151
11259421207735,11259421207916,181
11259421426281,11259421426415,134
11259421645923,11259421646073,150
11259421865077,11259421865200,123
11259422083188,11259422083317,129
11259422367675,11259422367824,149
11259422634942,11259422635080,138
11259422922761,11259422922914,153
11259423184626,11259423184741,115
11259423422621,11259423422750,129
11259423659124,11259423659248,124
11259423895811,11259423895966,155
11259424129761,11259424129900,139
11259424364279,11259424364420,141
11259424599316,11259424599452,136
11259424849019,11259424849124,105
11259425096226,11259425096369,143
11259425308249,11259425308371,122
11259425526126,11259425526257,131
11259425850679,11259425850858,179
11259426085832,11259426085972,140
11259426354824,11259426355150,326
11259426740546,11259426740723,177
11259427147101,11259427147593,492
11259427527791,11259427528008,217
11259427924606,11259427924799,193
11259428300086,11259428300295,209
11259428566575,11259428566734,159
11259428820442,11259428820526,84
11259429132082,11259429132290,208
11259429444439,11259429444546,107
11259429728376,11259429728488,112
11259429999404,11259429999485,81
11259430244405,11259430244534,129
11259430480109,11259430480262,153
11259430704748,11259430704831,83
11259430937565,11259430937645,80
11259431179830,11259431179961,131
11259431419190,11259431419316,126
11259431648400,11259431648501,101
11259431871215,11259431871294,79
11259432091579,11259432091704,125
11259432340023,11259432340131,108
11259432600176,11259432600282,106
11259432858317,11259432858430,113
11259433121697,11259433121893,196
11259433366006,11259433366080,74
11259433610763,11259433610844,81
11259433840618,11259433840742,124
11259434052218,11259434052345,127
11259434263691,11259434263820,129
11259434473363,11259434473491,128
11259434685638,11259434685716,78
11259434895360,11259434895487,127
11259435106714,11259435106844,130
11259435318789,11259435318914,125
11259435540037,11259435540169,132
11259435772309,11259435772440,131
11259435984151,11259435984238,87
11259436195134,11259436195236,102
11259436406661,11259436406787,126
11259436618566,11259436618703,137
11259436830026,11259436830159,133
11259437305670,11259437305794,124
11259437529023,11259437529155,132
11259437739733,11259437739853,120
11259437950884,11259437951013,129
11259438160594,11259438160730,136
11259438381642,11259438381722,80
11259438600757,11259438600889,132
11259438812008,11259438812139,131
11259439049589,11259439049746,157
11259439329048,11259439329191,143
11259439562413,11259439562533,120
11259439848070,11259439848188,118
11259440073877,11259440073998,121
11259440288245,11259440288377,132
11259440570613,11259440570768,155
11259440843453,11259440843540,87
11259441062630,11259441062751,121
11259441275311,11259441275434,123
11259441486580,11259441486715,135
11259441725730,11259441725814,84
11259441932782,11259441932910,128
11259442139748,11259442139875,127
11259442356913,11259442357038,125
11259442568585,11259442568715,130
11259442775380,11259442775508,128
11259442982716,11259442982841,125
11259443191499,11259443191614,115
11259443399265,11259443399346,81
11259443606835,11259443606940,105
11259443838104,11259443838268,164
11259444066748,11259444066897,149
11259444287262,11259444287408,146
11259444525379,11259444525515,136
11259444756882,11259444757173,291
11259445012169,11259445012313,144
11259445366124,11259445366354,230
11259445837699,11259445837914,215
11259446177917,11259446178077,160
11259446453322,11259446453501,179
11259446717231,11259446717333,102
11259446975840,11259446975941,101
11259447227695,11259447227786,91
11259447490644,11259447490776,132
11259447739102,11259447739287,185
11259447989436,11259447989581,145
11259448232958,11259448233088,130
11259448466005,11259448466144,139
11259448701567,11259448701703,136
11259448967703,11259448967858,155
11259449210384,11259449210476,92
11259449455672,11259449455802,130
11259449675841,11259449675966,125
11259449898446,11259449898565,119
11259450115045,11259450115170,125
11259450338587,11259450338728,141
11259450565492,11259450565582,90
11259450804079,11259450804205,126
11259451034069,11259451034195,126
11259451249857,11259451249985,128
11259451474854,11259451474990,136
11259451688575,11259451688705,130
11259451899807,11259451899935,128
11259452110836,11259452110970,134
11259452352223,11259452352361,138
11259452579078,11259452579209,131
11259452791954,11259452792084,130
11259453003161,11259453003292,131
11259453213977,11259453214114,137
11259453425723,11259453425852,129
11259453637173,11259453637301,128
11259453847939,11259453848067,128
11259454057267,11259454057398,131
11259454268340,11259454268485,145
11259454479417,11259454479539,122
11259454691831,11259454691965,134
11259454901537,11259454901645,108
11259455110325,11259455110435,110
11259455606289,11259455606418,129
11259455837673,11259455837822,149
11259456051857,11259456051957,100
11259456264017,11259456264140,123
11259456538276,11259456538403,127
11259456781483,11259456781616,133
11259457046058,11259457046209,151
11259457265785,11259457265979,194
11259457613091,11259457613282,191
11259457910625,11259457910906,281
11259458217386,11259458217609,223
11259458605631,11259458605866,235
11259458988936,11259458989146,210
11259459291416,11259459291596,180
11259459565436,11259459565633,197
11259459826461,11259459826542,81
11259460086831,11259460086974,143
11259460347543,11259460347634,91
11259460607223,11259460607366,143
11259460866427,11259460866512,85
11259461099451,11259461099584,133
11259461343506,11259461343606,100
11259461597808,11259461597944,136
11259461847645,11259461847776,131
11259462077087,11259462077171,84
11259462320988,11259462321117,129
11259462546544,11259462546628,84
11259462772793,11259462772926,133
11259463004972,11259463005054,82
11259463246643,11259463246780,137
11259463508996,11259463509152,156
11259463743325,11259463743451,126
11259463960771,11259463960909,138
11259464173289,11259464173423,134
11259464388606,11259464388737,131
11259464607029,11259464607156,127
11259464816820,11259464816955,135
11259465028089,11259465028222,133
11259465239269,11259465239397,128
11259465457557,11259465457686,129
11259465688191,11259465688327,136
11259465906695,11259465906844,149
11259466119425,11259466119557,132
11259466331326,11259466331454,128
11259466542637,11259466542770,133
11259466754534,11259466754664,130
11259466965976,11259466966106,130
11259467176469,11259467176602,133
11259467388256,11259467388395,139
11259467600283,11259467600428,145
11259467811019,11259467811182,163
11259468023315,11259468023483,168
11259468233047,11259468233173,126
11259468505989,11259468506115,126
11259468769860,11259468769988,128
11259469070790,11259469070919,129
11259469290989,11259469291124,135
11259469513739,11259469513871,132
11259469729723,11259469729849,126
11259469942143,11259469942273,130
11259470154693,11259470154822,129
11259470366204,11259470366332,128
11259470598570,11259470598686,116
11259470813068,11259470813210,142
11259471048349,11259471048478,129
11259471256730,11259471256857,127
11259471463088,11259471463221,133
11259471670716,11259471670835,119
11259471878738,11259471878865,127
11259472086396,11259472086525,129
11259472345250,11259472345408,158
11259472581671,11259472581801,130
11259472790244,11259472790375,131
11259472997866,11259472997991,125
11259473206022,11259473206148,126
11259473415038,11259473415128,90
11259473621992,11259473622119,127
11259473828221,11259473828349,128
11259474368930,11259474369166,236
11259474791230,11259474791407,177
11259475068790,11259475069056,266
11259475442996,11259475443231,235
11259475830093,11259475830268,175
11259476157953,11259476158169,216
11259476438383,11259476438599,216
11259476704637,11259476704717,80
11259476960035,11259476960116,81
11259477228127,11259477228355,228
11259477501013,11259477501096,83
11259477758586,11259477758727,141
11259477992918,11259477993053,135
11259478234212,11259478234293,81
11259478491152,11259478491237,85
11259478743563,11259478743654,91
11259479008478,11259479008647,169
11259479238008,11259479238152,144
11259479456218,11259479456361,143
11259479679172,11259479679279,107
11259479907404,11259479907526,122
11259480148710,11259480148858,148
11259480384470,11259480384598,128
11259480601291,11259480601423,132
11259480819483,11259480819618,135
11259481033348,11259481033489,141
11259481244769,11259481244914,145
11259481464454,11259481464587,133
11259481678860,11259481678941,81
11259481891330,11259481891416,86
11259482104639,11259482104758,119
11259482335708,11259482335852,144
11259482550661,11259482550803,142
11259482779650,11259482779799,149
11259482991727,11259482991868,141
11259483202852,11259483202981,129
11259483412439,11259483412587,148
11259483621322,11259483621451,129
11259483841465,11259483841611,146
11259484053957,11259484054094,137
11259484267618,11259484267756,138
11259484489305,11259484489447,142
11259484705969,11259484706096,127
11259484914841,11259484914967,126
11259485123708,11259485123845,137
11259485345757,11259485345880,123
11259485575978,11259485576104,126
11259485813205,11259485813323,118
11259486089820,11259486089999,179
11259486529882,11259486530015,133
11259486890464,11259486890612,148
11259487148487,11259487148660,173
11259487376675,11259487376808,133
11259487608934,11259487609078,144
11259487906502,11259487906749,247
11259488195005,11259488195190,185
11259488478858,11259488479018,160
11259488721181,11259488721333,152
11259488996972,11259488997099,127
11259489222073,11259489222185,112
11259489443928,11259489444053,125
11259489673889,11259489674012,123
11259489893892,11259489894017,125
11259490113281,11259490113403,122
11259490344511,11259490344653,142
11259490563408,11259490563549,141
11259490800470,11259490800625,155
11259491025996,11259491026143,147
11259491258487,11259491258711,224
11259491512937,11259491513125,188
11259491856143,11259491856351,208
11259492300641,11259492300797,156
11259492642541,11259492642700,159
11259492921702,11259492922000,298
11259493170786,11259493170889,103
11259493432798,11259493432937,139
11259493682120,11259493682318,198
11259494268686,11259494269023,337
11259494591645,11259494592083,438
11259494826091,11259494826226,135
11259495060538,11259495060676,138
11259495329808,11259495329944,136
11259495597737,11259495598001,264
11259495843126,11259495843268,142
11259496065243,11259496065379,136
11259496282887,11259496283023,136
11259496511528,11259496511670,142
11259496731813,11259496731906,93
11259496955243,11259496955379,136
11259497188865,11259497189005,140
11259497414433,11259497414634,201
11259497636130,11259497636283,153
11259497854622,11259497854759,137
11259498065513,11259498065652,139
11259498278159,11259498278296,137
11259498504259,11259498504388,129
11259498716375,11259498716507,132
11259498954589,11259498954740,151
11259499171746,11259499171874,128
11259499386379,11259499386509,130
11259499597937,11259499598078,141
11259499818072,11259499818215,143
11259500031559,11259500031783,224
11259500242333,11259500242474,141
11259500460474,11259500460613,139
11259500672500,11259500672639,139
11259500882782,11259500882917,135
11259501095860,11259501095999,139
11259501306733,11259501306882,149
11259501525002,11259501525141,139
11259501737705,11259501737827,122
11259501951243,11259501951374,131
11259502161385,11259502161514,129
11259502384032,11259502384157,125
11259502638909,11259502639061,152
11259502951653,11259502951825,172
11259503246885,11259503247013,128
11259503559757,11259503559936,179
11259503928374,11259503928605,231
11259504315191,11259504315365,174
11259504649390,11259504649562,172
11259504906185,11259504906348,163
11259505127491,11259505127651,160
11259505346244,11259505346403,159
11259505614634,11259505614869,235
11259505895659,11259505895776,117
11259506158126,11259506158378,252
11259506413063,11259506413151,88
11259506676553,11259506676650,97
11259506936837,11259506937093,256
11259507171424,11259507171582,158
11259507409021,11259507409171,150
11259507655695,11259507655790,95
11259507905195,11259507905285,90
11259508137971,11259508138115,144
11259508365464,11259508365558,94
11259508581876,11259508582016,140
11259508803170,11259508803261,91
11259509062843,11259509062958,115
11259509326256,11259509326348,92
11259509567790,11259509567931,141
11259509812791,11259509812921,130
11259510047009,11259510047153,144
11259510275511,11259510275641,130
11259510522254,11259510522410,156
11259510760472,11259510760616,144
11259510987039,11259510987185,146
11259511212201,11259511212342,141
11259511438129,11259511438267,138
11259511662003,11259511662152,149
11259511887892,11259511888073,181
11259512318636,11259512318863,227
11259512725190,11259512725419,229
11259513123105,11259513123302,197
11259513829203,11259513829434,231
11259514223674,11259514223893,219
11259514689839,11259514690034,195
11259515188344,11259515188544,200
11259515613119,11259515613290,171
11259516009168,11259516009363,195
11259516412696,11259516412910,214
11259516806882,11259516807102,220
11259517240212,11259517240408,196
11259517647434,11259517647653,219
11259518038940,11259518039163,223
11259518459397,11259518459618,221
11259518849643,11259518849838,195
11259519318358,11259519318601,243
11259519731351,11259519731532,181
11259520129890,11259520130079,189
11259520555537,11259520555744,207
11259520946547,11259520946720,173
11259521453525,11259521453741,216
11259521853665,11259521853838,173
11259522183093,11259522183238,145
11259522493273,11259522493437,164
11259522793031,11259522793244,213
11259523068844,11259523068935,91
11259523341517,11259523341653,136
11259523608359,11259523608583,224
11259523869441,11259523869598,157
11259524149898,11259524150066,168
11259524418094,11259524418245,151
11259524672863,11259524673027,164
11259524917228,11259524917366,138
11259525151128,11259525151213,85
11259525370623,11259525370770,147
11259525639948,11259525640073,125
11259525879892,11259525880052,160
11259526118308,11259526118395,87
11259526346023,11259526346157,134
11259526562039,11259526562174,135
11259526781430,11259526781563,133
11259526995801,11259526995943,142
11259527209032,11259527209169,137
11259527420259,11259527420391,132
11259527633156,11259527633299,143
11259527846029,11259527846166,137
11259528057463,11259528057595,132
11259528272841,11259528272974,133
11259528524883,11259528525017,134
11259528749182,11259528749320,138
11259528981488,11259528981634,146
11259529199257,11259529199391,134
11259529414649,11259529414786,137
11259529636931,11259529637058,127
11259529849052,11259529849186,134
11259530060372,11259530060509,137
11259530271063,11259530271195,132
11259530480923,11259530481054,131
11259530690709,11259530690846,137
11259530900911,11259530901044,133
11259531110541,11259531110671,130
11259531320002,11259531320141,139
11259531544841,11259531544971,130
11259531753725,11259531753857,132
11259531966700,11259531966787,87
11259532203556,11259532203715,159
11259532659690,11259532659852,162
11259532951161,11259532951316,155
11259533207967,11259533208146,179
11259533436041,11259533436172,131
11259533748389,11259533748510,121
11259534046816,11259534046951,135
11259534294005,11259534294139,134
11259534522186,11259534522302,116
11259534771565,11259534771679,114
11259535060687,11259535060954,267
11259535319120,11259535319340,220
11259535582831,11259535582961,130
11259535882052,11259535882223,171
11259536162607,11259536162753,146
11259536659857,11259536659998,141
11259536895954,11259536896075,121
11259537154688,11259537154852,164
11259537440738,11259537440974,236
11259537873495,11259537873681,186
11259538136264,11259538136466,202
11259538424543,11259538424726,183
11259538680071,11259538680205,134
11259539028902,11259539029061,159
11259539366359,11259539366546,187
11259539653186,11259539653401,215
11259540044485,11259540044798,313
11259540406770,11259540406950,180
11259540755528,11259540755701,173
11259541052206,11259541052301,95
11259541345588,11259541345703,115
11259541678158,11259541678388,230
11259542069338,11259542069619,281
11259542460145,11259542460416,271
11259542776652,11259542776813,161
11259543039306,11259543039478,172
11259543344145,11259543344300,155
11259543665778,11259543665993,215
11259543980629,11259543980755,126
11259544229027,11259544229190,163
11259544500863,11259544501053,190
11259544782026,11259544782333,307
11259545134344,11259545134675,331
11259545446062,11259545446234,172
11259545758645,11259545758941,296
11259546052452,11259546052648,196
11259546333530,11259546333744,214
11259546611222,11259546611401,179
11259546866491,11259546866679,188
11259547137848,11259547138037,189
11259547448079,11259547448256,177
11259547877774,11259547878042,268
11259548287562,11259548287781,219
11259548702338,11259548702565,227
11259549039998,11259549040128,130
11259549271874,11259549272033,159
11259549493447,11259549493605,158
11259549737055,11259549737191,136
11259550036687,11259550036837,150
11259550340687,11259550340996,309
11259550640801,11259550640998,197
11259551022460,11259551022694,234
11259551503953,11259551504304,351
11259552081587,11259552081824,237
11259552533897,11259552534196,299
11259552832441,11259552832578,137
11259553087166,11259553087303,137
11259553335082,11259553335359,277
11259553588870,11259553588978,108
11259553958373,11259553958734,361
11259554429253,11259554429515,262
11259554855823,11259554856144,321
11259555258329,11259555258541,212
11259555672662,11259555672938,276
11259556023831,11259556024072,241
11259556350627,11259556350762,135
11259556647634,11259556647777,143
11259556900854,11259556900983,129
11259557145376,11259557145458,82
11259557399739,11259557399928,189
11259557658429,11259557658512,83
11259557932542,11259557932754,212
11259558176115,11259558176257,142
11259558414951,11259558415078,127
11259558671857,11259558671993,136
11259558938039,11259558938243,204
11259559194480,11259559194638,158
11259559447179,11259559447293,114
11259559699211,11259559699321,110
11259560065027,11259560065578,551
11259560345546,11259560345690,144
11259560682398,11259560682607,209
11259561305313,11259561305495,182
11259561579262,11259561579453,191
11259561887075,11259561887263,188
11259562178010,11259562178183,173
11259562524158,11259562524313,155
11259562811824,11259562811961,137
11259563024985,11259563025120,135
11259563321329,11259563321458,129
11259563623875,11259563624008,133
11259563906374,11259563906539,165
11259564154232,11259564154365,133
11259564425136,11259564425285,149
11259564704077,11259564704202,125
11259564978928,11259564979102,174
11259565265174,11259565265340,166
11259565609606,11259565609794,188
11259565919790,11259565919978,188
11259566229460,11259566229630,170
11259566557710,11259566557855,145
11259566826151,11259566826376,225
11259567165490,11259567165868,378
11259567603586,11259567603926,340
11259568104231,11259568104458,227
11259568603150,11259568603528,378
11259569069028,11259569069338,310
11259569431451,11259569431541,90
11259569800222,11259569800338,116
11259570162217,11259570162327,110
11259570478499,11259570478609,110
11259570841846,11259570842099,253
11259571167769,11259571167872,103
11259571470014,11259571470162,148
11259571725277,11259571725366,89
11259571958853,11259571958944,91
11259572401446,11259572401829,383
11259572921248,11259572921555,307
11259573395398,11259573395678,280
11259573902131,11259573902500,369
11259574387738,11259574388106,368
11259574880112,11259574880427,315
11259575332021,11259575332283,262
11259575812406,11259575812712,306
11259576275660,11259576275969,309
11259576753849,11259576754154,305
11259577229641,11259577230005,364
11259577708901,11259577709209,308
11259578264513,11259578264777,264
11259578591282,11259578591486,204
11259578846202,11259578846407,205
11259579099119,11259579099270,151
11259579321188,11259579321328,140
11259579552971,11259579553121,150
11259579784197,11259579784362,165
11259580013054,11259580013194,140
11259580246373,11259580246526,153
11259580483938,11259580484033,95
11259580817992,11259580818191,199
11259581259207,11259581259475,268
11259581604021,11259581604232,211
11259581853043,11259581853186,143
11259582067964,11259582068096,132
11259582335294,11259582335429,135
11259582582124,11259582582279,155
11259582797662,11259582797802,140
11259583013769,11259583013906,137
11259583260568,11259583260728,160
11259583514216,11259583514344,128
11259583736788,11259583736913,125
11259583961395,11259583961551,156
11259584185832,11259584185969,137
11259584410742,11259584410883,141
11259584649859,11259584650038,179
11259584914219,11259584914400,181
11259585143861,11259585144009,148
11259585367711,11259585367841,130
11259585651735,11259585651859,124
11259586038607,11259586038758,151
11259586292304,11259586292434,130
11259586531943,11259586532071,128
11259586770173,11259586770299,126
11259587003435,11259587003557,122
11259587240382,11259587240510,128
11259587481672,11259587481786,114
11259587712918,11259587713043,125
11259587946525,11259587946635,110
11259588178560,11259588178692,132
11259588417733,11259588417864,131
11259588652438,11259588652548,110
11259588898707,11259588898826,119
11259589134444,11259589134566,122
11259589377145,11259589377260,115
11259589635653,11259589635857,204
11259589901517,11259589901649,132
11259590155190,11259590155315,125
11259590399089,11259590399211,122
11259590675585,11259590675725,140
11259590948808,11259590948962,154
11259591259524,11259591259669,145
11259591550149,11259591550260,111
11259591787254,11259591787370,116
11259592022575,11259592022680,105
11259592278560,11259592278680,120
11259592517154,11259592517285,131
11259592752661,11259592752758,97
11259592984714,11259592984840,126
11259593217941,11259593218049,108
11259593448612,11259593448756,144
11259593683185,11259593683298,113
11259593912371,11259593912514,143
11259594148351,11259594148437,86
11259594430280,11259594430435,155
11259594723690,11259594723862,172
11259595106366,11259595106649,283
11259595674971,11259595675144,173
11259596076854,11259596077202,348
11259596451948,11259596452071,123
11259596814649,11259596814742,93
11259597170685,11259597170983,298
11259597515216,11259597515300,84
11259597870722,11259597870853,131
11259598210280,11259598210375,95
11259598556655,11259598556778,123
11259598871763,11259598871948,185
11259599167447,11259599167619,172
11259599421485,11259599421618,133
11259599693809,11259599693964,155
11259599962889,11259599963019,130
11259600208373,11259600208524,151
11259600449229,11259600449368,139
11259600717433,11259600717614,181
11259600986701,11259600986850,149
11259601256546,11259601256736,190
11259601526675,11259601526849,174
11259601802854,11259601803024,170
11259602078762,11259602078920,158
11259602372413,11259602372590,177
11259602671427,11259602671606,179
11259602924622,11259602924796,174
11259603194229,11259603194408,179
11259603464902,11259603465058,156
11259603767036,11259603767213,177
11259604066861,11259604067023,162
11259604368267,11259604368447,180
11259604678540,11259604678671,131
11259604941311,11259604941467,156
11259605207294,11259605207460,166
11259605520380,11259605520567,187
11259605851847,11259605852004,157
11259606087383,11259606087520,137
11259606319877,11259606320032,155
11259606627981,11259606628162,181
11259606934086,11259606934276,190
11259607214239,11259607214440,201
11259607774571,11259607774764,193
11259608040222,11259608040402,180
11259608294872,11259608295050,178
11259608548021,11259608548193,172
11259608905711,11259608905920,209
11259609228249,11259609228429,180
11259609732404,11259609732663,259
11259610129433,11259610129634,201
11259610499890,11259610500087,197
11259610880357,11259610880711,354
11259611322988,11259611323408,420
11259611789334,11259611789625,291
11259612298751,11259612298987,236
11259612725964,11259612726191,227
11259613212668,11259613212921,253
11259613625851,11259613626052,201
11259614017032,11259614021352,4320
11259614472334,11259614472500,166
11259614806082,11259614806294,212
11259615151839,11259615152116,277
11259615665605,11259615666076,471
11259616185277,11259616185672,395
11259616728078,11259616728242,164
11259617255509,11259617255763,254
11259617742844,11259617743177,333
11259618239013,11259618239262,249
11259618685442,11259618685585,143
11259619130358,11259619130588,230
11259619593586,11259619593879,293
11259619992403,11259619992535,132
11259620352105,11259620352259,154
11259620699694,11259620699843,149
11259621050811,11259621050978,167
11259621435224,11259621435380,156
11259621818650,11259621818866,216
11259622225333,11259622225575,242
11259622622120,11259622622367,247
11259623017590,11259623017812,222
11259623419847,11259623420082,235
11259623830228,11259623830458,230
11259624224389,11259624224578,189
11259624618865,11259624619076,211
11259625091141,11259625091373,232
11259625608963,11259625609202,239
11259626022136,11259626022344,208
11259626422173,11259626422400,227
11259626824684,11259626824887,203
11259627214035,11259627214277,242
11259627642199,11259627642454,255
11259628000575,11259628000748,173
11259628417110,11259628417264,154
11259628776768,11259628776934,166
11259629106004,11259629106180,176
11259629472664,11259629472827,163
11259630071369,11259630071852,483
11259630666713,11259630667212,499
11259631220534,11259631221014,480
11259631734859,11259631735167,308
11259632236094,11259632236358,264
11259632571509,11259632571708,199
11259632811721,11259632811860,139
11259633042213,11259633042324,111
11259633355319,11259633355416,97
11259633681956,11259633682063,107
11259634175395,11259634175737,342
11259634765111,11259634765580,469
11259635304903,11259635305295,392
11259635947491,11259635948006,515
11259636439408,11259636439574,166
11259636772222,11259636772374,152
11259637052203,11259637052366,163
11259637329236,11259637329401,165
11259637657531,11259637657778,247
11259637940840,11259637941001,161
11259638293746,11259638293970,224
11259638824895,11259638825014,119
11259639085779,11259639085938,159
11259639351079,11259639351186,107
11259639754131,11259639754340,209
11259640092161,11259640092313,152
11259640448215,11259640448376,161
11259640771139,11259640771223,84
11259641151862,11259641151946,84
11259641463037,11259641463187,150
11259641898146,11259641898609,463
11259642399505,11259642399921,416
11259642926645,11259642927400,755
11259643383269,11259643383556,287
11259643721792,11259643721907,115
11259643997806,11259643997942,136
11259644246119,11259644246258,139
11259644503210,11259644503312,102
11259644742276,11259644742421,145
11259644980895,11259644981018,123
11259645218302,11259645218415,113
11259645467448,11259645467579,131
11259645773414,11259645773563,149
11259646053391,11259646053564,173
11259646331751,11259646331895,144
11259646631054,11259646631284,230
11259646970721,11259646971009,288
11259647389695,11259647389920,225
11259647700050,11259647700269,219
11259647999006,11259647999173,167
11259648248602,11259648248777,175
11259648496906,11259648497054,148
11259648731186,11259648731316,130
11259648970152,11259648970288,136
11259649202997,11259649203167,170
11259649433627,11259649433774,147
11259649661458,11259649661605,147
11259649880458,11259649880589,131
11259650137295,11259650137657,362
11259650517520,11259650517801,281
11259650892367,11259650892586,219
11259651250146,11259651250234,88
11259651646662,11259651646856,194
11259651953427,11259651953617,190
11259652289387,11259652289574,187
11259652620574,11259652620706,132
11259652873655,11259652873767,112
11259653118434,11259653118557,123
11259653404261,11259653404361,100
11259653675324,11259653675466,142
11259653911543,11259653911680,137
11259654156252,11259654156388,136
11259654370666,11259654370757,91
11259654623482,11259654623617,135
11259654842852,11259654842987,135
11259655062005,11259655062144,139
11259655419641,11259655419804,163
11259655737461,11259655737673,212
11259656036603,11259656036758,155
11259656269727,11259656269885,158
11259656544142,11259656544286,144
11259656845378,11259656845570,192
11259657132503,11259657132688,185
11259657426031,11259657426234,203
11259657752483,11259657752678,195
11259658077718,11259658077933,215
11259658415266,11259658415432,166
11259658736219,11259658736364,145
11259659208338,11259659208860,522
11259660034649,11259660035336,687
11259660759098,11259660759380,282
11259661228479,11259661228732,253
11259661603486,11259661603696,210
11259661994994,11259661995228,234
11259662568607,11259662569099,492
11259663145290,11259663145532,242
11259663717666,11259663718321,655
11259664206937,11259664207293,356
11259664966543,11259664966752,209
11259665308607,11259665308760,153
11259665649958,11259665650117,159
11259665912961,11259665913108,147
11259666174218,11259666174339,121
11259666418685,11259666418787,102
11259666659490,11259666659640,150
11259666978260,11259666978446,186
11259667289141,11259667289342,201
11259667641455,11259667641784,329
11259668014015,11259668014333,318
11259668477310,11259668477672,362
11259669178232,11259669178693,461
11259669967420,11259669967784,364
11259670509832,11259670510058,226
11259671161497,11259671161886,389
11259671793622,11259671793715,93
11259672257297,11259672257680,383
11259672884824,11259672885266,442
11259673270501,11259673270982,481
11259673643014,11259673643233,219
11259673947025,11259673947182,157
11259674212599,11259674212706,107
11259674452631,11259674452737,106
11259674724691,11259674724839,148
11259674973916,11259674974039,123
11259675215778,11259675215929,151
11259675498912,11259675499090,178
11259675917057,11259675917322,265
11259676319328,11259676319507,179
11259676598279,11259676598434,155
11259676937507,11259676937801,294
11259677345843,11259677346059,216
11259677768013,11259677768178,165
11259678121341,11259678121546,205
11259678395492,11259678395653,161
11259678643965,11259678644081,116
11259696538560,11259696538875,315
11259696883937,11259696884136,199
11259697146273,11259697146436,163
11259697396778,11259697396931,153
11259697642108,11259697642258,150
11259697884104,11259697884245,141
11259698127465,11259698127645,180
11259698370582,11259698370717,135
11259698656460,11259698656646,186
11259698947525,11259698947702,177
11259699189808,11259699189943,135
11259699428302,11259699428450,148
11259699739647,11259699739812,165
11259700003783,11259700003976,193
11259700276003,11259700276155,152
11259700534671,11259700534828,157
11259700800944,11259700801136,192
11259701023970,11259701024107,137
11259701235748,11259701235899,151
11259701469861,11259701470007,146
11259701716369,11259701716561,192
11259701977719,11259701977891,172
11259702325013,11259702325203,190
11259702599925,11259702600106,181
11259702918176,11259702918342,166
11259703199046,11259703199195,149
11259703942666,11259703943015,349
11259704594551,11259704594824,273
11259704942070,11259704942324,254
11259705293053,11259705293221,168
11259705679770,11259705680107,337
11259706107193,11259706107501,308
11259706717106,11259706717562,456
11259707144789,11259707145192,403
11259707658572,11259707659090,518
11259708124857,11259708125087,230
11259708558841,11259708559083,242
11259708998395,11259708998712,317
11259709284668,11259709284844,176
11259709516146,11259709516265,119
11259709740216,11259709740366,150
11259709960405,11259709960526,121
11259710176755,11259710176932,177
11259710397394,11259710397522,128
11259710612611,11259710612730,119
11259710826401,11259710826521,120
11259711040958,11259711041077,119
11259711275732,11259711275856,124
11259711492756,11259711492917,161
11259711706469,11259711706609,140
11259711928717,11259711928886,169
11259712142040,11259712142188,148
11259712384230,11259712384370,140
11259712600593,11259712600742,149
11259712826104,11259712826199,95
11259713085694,11259713085861,167
11259713359308,11259713359439,131
11259713627565,11259713627706,141
11259713953428,11259713953570,142
11259714288447,11259714288613,166
11259714576823,11259714576990,167
11259714866790,11259714866980,190
11259715187385,11259715187620,235
11259715459250,11259715459384,134
11259715736774,11259715736959,185
11259716023912,11259716024082,170
11259716265395,11259716265526,131
11259716518147,11259716518342,195
11259716819839,11259716820026,187
11259717073251,11259717073431,180
11259717315167,11259717315307,140
11259717555639,11259717555774,135
11259717796174,11259717796337,163
11259718057922,11259718058077,155
11259718297136,11259718297298,162
11259718543322,11259718543476,154
11259718780179,11259718780319,140
11259719027804,11259719027960,156
11259719266647,11259719266792,145
11259719503559,11259719503699,140
11259719738976,11259719739099,123
11259719974841,11259719974936,95
11259720211272,11259720211412,140
11259720453180,11259720453340,160
11259720688880,11259720689048,168
11259720924242,11259720924390,148
11259721160481,11259721160626,145
11259721395992,11259721396135,143
11259721634080,11259721634230,150
11259721869004,11259721869183,179
11259722104549,11259722104717,168
11259722351248,11259722351401,153
11259722595571,11259722595738,167
11259722833155,11259722833326,171
11259723067849,11259723067987,138
11259723304239,11259723304382,143
11259723539335,11259723539478,143
11259723775038,11259723775183,145
11259724018648,11259724018847,199
11259724270172,11259724270310,138
11259724500842,11259724500979,137
11259724712402,11259724712525,123
11259724921952,11259724922085,133
11259725370237,11259725370362,125
11259725623401,11259725623535,134
11259725876693,11259725876838,145
11259726120989,11259726121132,143
11259726332387,11259726332517,130
11259726542425,11259726542548,123
11259726752644,11259726752756,112
11259726962266,11259726962393,127
11259727174521,11259727174648,127
11259727391660,11259727391795,135
11259727600504,11259727600593,89
11259727808399,11259727808530,131
11259728017512,11259728017645,133
11259728223983,11259728224112,129
11259728460265,11259728460441,176
11259728702265,11259728702395,130
11259729074984,11259729075254,270
11259729455834,11259729455944,110
11259729823956,11259729824111,155
11259730171115,11259730171252,137
11259730421701,11259730421834,133
11259730754999,11259730755189,190
11259731087968,11259731088058,90
11259731400164,11259731400243,79
11259731744716,11259731744879,163
11259732076677,11259732076863,186
11259732391801,11259732391983,182
11259732689137,11259732689223,86
11259732976445,11259732976592,147
11259733395934,11259733396273,339
11259733816896,11259733817089,193
11259734102951,11259734103148,197
11259734357786,11259734357942,156
11259734608498,11259734608618,120
11259734837165,11259734837301,136
11259735062167,11259735062300,133
11259735285198,11259735285313,115
11259735509169,11259735509286,117
11259735767911,11259735768020,109
11259735995064,11259735995189,125
11259736219705,11259736219825,120
11259736448632,11259736448757,125
11259736671689,11259736671835,146
11259736895221,11259736895372,151
11259737117836,11259737117966,130
11259737342136,11259737342274,138
11259737582953,11259737583087,134
11259737814429,11259737814562,133
11259738035851,11259738035979,128
11259738257505,11259738257644,139
11259738488089,11259738488227,138
11259738707795,11259738707947,152
11259738940387,11259738940539,152
11259739164836,11259739164964,128
11259739529515,11259739529720,205
11259739835669,11259739835833,164
11259740089760,11259740089924,164
11259740314927,11259740315075,148
11259740565485,11259740565600,115
11259740815696,11259740815858,162
11259741036154,11259741036323,169
11259741257743,11259741257925,182
11259741495316,11259741495480,164
11259741750623,11259741750782,159
11259741968558,11259741968679,121
11259742187068,11259742187271,203
11259742494427,11259742494601,174
11259742729267,11259742729409,142
11259742948359,11259742948488,129
11259743165645,11259743165776,131
11259743384042,11259743384179,137
11259743601757,11259743601884,127
11259743819557,11259743819666,109
11259744037160,11259744037289,129
11259744254068,11259744254206,138
11259744556817,11259744557022,205
11259744901242,11259744901562,320
11259745896668,11259745897249,581
11259746257355,11259746257493,138
11259746554477,11259746554615,138
11259746828036,11259746828288,252
11259747147211,11259747147381,170
11259747517648,11259747518004,356
11259747883020,11259747883266,246
11259748216310,11259748216408,98
11259748560502,11259748560670,168
11259748822879,11259748823039,160
11259749104578,11259749104763,185
11259749383769,11259749383914,145
11259749630294,11259749630384,90
11259749870496,11259749870644,148
11259750102178,11259750102319,141
11259750331614,11259750331844,230
11259750602631,11259750602726,95
11259751012693,11259751013071,378
11259751404422,11259751404609,187
11259751653967,11259751654114,147
11259751884006,11259751884163,157
11259752099109,11259752099225,116
11259752356831,11259752356958,127
11259752573557,11259752573694,137
11259752784798,11259752784946,148
11259752995213,11259752995363,150
11259753205234,11259753205386,152
11259753447167,11259753447301,134
11259753658106,11259753658267,161
11259753869906,11259753870049,143
11259754078256,11259754078395,139
11259754288466,11259754288598,132
11259754504771,11259754504918,147
11259754713979,11259754714118,139
11259754923268,11259754923403,135
11259755132166,11259755132293,127
11259755342019,11259755342152,133
11259755559381,11259755559494,113
11259755774488,11259755774635,147
11259755992506,11259755992655,149
11259756237108,11259756237246,138
11259756508338,11259756508484,146
11259756826386,11259756826569,183
11259757069163,11259757069319,156
11259757284459,11259757284586,127
11259757503071,11259757503217,146
11259757722988,11259757723088,100
11259757950015,11259757950165,150
11259758224753,11259758224896,143
11259758463452,11259758463596,144
11259758707709,11259758707845,136
11259758935561,11259758935698,137
11259759149811,11259759149956,145
11259759359682,11259759359836,154
11259759583711,11259759583856,145
11259759818529,11259759818660,131
11259760038431,11259760038558,127
11259760256532,11259760256665,133
11259760477911,11259760478026,115
11259760691602,11259760691729,127
11259760974549,11259760974779,230
11259761361064,11259761361383,319
11259761919294,11259761919717,423
11259762423677,11259762424018,341
11259762761190,11259762761633,443
11259763149471,11259763149746,275
11259763501857,11259763502057,200
11259763828816,11259763828974,158
11259764116177,11259764116355,178
11259764416699,11259764416811,112
11259764702532,11259764702681,149
11259765017575,11259765017802,227
11259765352246,11259765352396,150
11259765668713,11259765668949,236
11259765914183,11259765914317,134
11259766408013,11259766408137,124
11259766764814,11259766764943,129
11259767012135,11259767012282,147
11259767229251,11259767229396,145
11259767444819,11259767444956,137
11259767661990,11259767662123,133
11259767875001,11259767875140,139
11259768093537,11259768093676,139
11259768305900,11259768306190,290
11259768529503,11259768529625,122
11259768744821,11259768744956,135
11259768971587,11259768971731,144
11259769185659,11259769185802,143
11259769421995,11259769422131,136
11259769634277,11259769634415,138
11259769843729,11259769843866,137
11259770052354,11259770052493,139
11259770260772,11259770260899,127
11259770501864,11259770501990,126
11259770710464,11259770710603,139
11259770917736,11259770917862,126
11259771125750,11259771125858,108
11259771335166,11259771335310,144
11259771573628,11259771573723,95
11259771782699,11259771782846,147
11259771991928,11259771992070,142
11259772331929,11259772332113,184
11259772659311,11259772659454,143
11259772898168,11259772898338,170
11259773117826,11259773117980,154
11259773335686,11259773335835,149
11259773579807,11259773579932,125
11259773841767,11259773842005,238
11259774219223,11259774219422,199
11259774596357,11259774596591,234
11259775025024,11259775025186,162
11259775318605,11259775318765,160
11259775585620,11259775585901,281
11259775861774,11259775861937,163
11259776129605,11259776129764,159
11259776398621,11259776398765,144
11259776666815,11259776667057,242
11259776934212,11259776934482,270
11259777197285,11259777197444,159
11259777440724,11259777440878,154
11259777691789,11259777692058,269
11259777945604,11259777945750,146
11259778193639,11259778193791,152
11259778439524,11259778439700,176
11259778706870,11259778707080,210
11259778957578,11259778957748,170
11259779197095,11259779197257,162
11259779449611,11259779449772,161
11259779679827,11259779679971,144
11259779902009,11259779902153,144
11259780129909,11259780130157,248
11259780365796,11259780365929,133
11259780585739,11259780585913,174
11259780807018,11259780807165,147
11259781027401,11259781027575,174
11259781247250,11259781247422,172
11259781482716,11259781482880,164
11259781703887,11259781704038,151
11259781924430,11259781924579,149
11259782145300,11259782145401,101
11259782385847,11259782386034,187
11259782607787,11259782607940,153
11259782829350,11259782829506,156
11259783050054,11259783050245,191
11259783270240,11259783270387,147
11259783515508,11259783515673,165
11259783735838,11259783736006,168
11259783955889,11259783956044,155
11259784175085,11259784175243,158
11259784419177,11259784419335,158
11259784639666,11259784639833,167
11259784864550,11259784864699,149
11259785157123,11259785157282,159
11259785904723,11259785904886,163
11259786159209,11259786159380,171
11259786391545,11259786391690,145
11259786633586,11259786633704,118
11259786856295,11259786856428,133
11259787078821,11259787078956,135
11259787299568,11259787299692,124
11259787556214,11259787556336,122
11259787774959,11259787775071,112
11259787993764,11259787993903,139
11259788211542,11259788211678,136
11259788429634,11259788429771,137
11259788646709,11259788646857,148
11259788864062,11259788864197,135
11259789091505,11259789091674,169
11259789334618,11259789334759,141
11259789553035,11259789553180,145
11259789804684,11259789804828,144
11259790041297,11259790041427,130
11259790277569,11259790277707,138
11259790520738,11259790520868,130
11259790765331,11259790765503,172
11259790990621,11259790990781,160
11259791215777,11259791215898,121
11259791447602,11259791447752,150
11259791696890,11259791697016,126
11259791944231,11259791944321,90
11259792187254,11259792187375,121
11259792484425,11259792484565,140
11259792741988,11259792742152,164
11259793005952,11259793006162,210
11259793265143,11259793265316,173
11259793530920,11259793531099,179
11259793795464,11259793795622,158
11259794054390,11259794054539,149
11259794313282,11259794313392,110
11259794557570,11259794557736,166
11259794799902,11259794800055,153
11259795050399,11259795050585,186
11259795313065,11259795313195,130
11259795567748,11259795567923,175
11259795805572,11259795805719,147
11259796032640,11259796032780,140
11259796264579,11259796264674,95
11259796511149,11259796511299,150
11259796757474,11259796757627,153
11259796999436,11259796999598,162
11259797224786,11259797225006,220
11259797446797,11259797446942,145
11259797667689,11259797667831,142
11259797888212,11259797888351,139
11259798109473,11259798109628,155
11259798329102,11259798329218,116
11259798549262,11259798549388,126
11259798769116,11259798769261,145
11259799006217,11259799006374,157
11259799232025,11259799232187,162
11259799463737,11259799463893,156
11259799685312,11259799685468,156
11259799907742,11259799907885,143
11259800129893,11259800130014,121
11259800358645,11259800358789,144
11259800578696,11259800578820,124
11259800799150,11259800799293,143
11259801017582,11259801017716,134
11259801239333,11259801239472,139
11259801464963,11259801465081,118
11259801691658,11259801691803,145
11259801913211,11259801913351,140
11259802186153,11259802186285,132
11259802451016,11259802451176,160
11259802746867,11259802747014,147
11259803005408,11259803005570,162
11259803245047,11259803245186,139
11259803502377,11259803502526,149
11259804159328,11259804159450,122
11259804464161,11259804464279,118
11259804732502,11259804732706,204
11259805019257,11259805019449,192
11259805298209,11259805298409,200
11259805591521,11259805591695,174
11259805874067,11259805874245,178
11259806146140,11259806146318,178
11259806410480,11259806410655,175
11259806661000,11259806661188,188
11259806920988,11259806921150,162
11259807177895,11259807178032,137
11259807445857,11259807445994,137
11259807693184,11259807693328,144
11259807934174,11259807934320,146
11259808177740,11259808177890,150
11259808440732,11259808440899,167
11259808691118,11259808691266,148
11259808985078,11259808985272,194
11259809236709,11259809236910,201
11259809490174,11259809490349,175
11259809731882,11259809732064,182
11259809972314,11259809972479,165
11259810212181,11259810212369,188
11259810452678,11259810452859,181
11259810699604,11259810699799,195
11259810938450,11259810938591,141
11259811177302,11259811177460,158
11259811416704,11259811416874,170
11259811675022,11259811675204,182
11259811913288,11259811913467,179
11259812153310,11259812153464,154
11259812408787,11259812408980,193
11259812649107,11259812649254,147
11259812887594,11259812887772,178
11259813128386,11259813128583,197
11259813368400,11259813368573,173
11259813608253,11259813608414,161
11259813846705,11259813846865,160
11259814161790,11259814161957,167
11259814467168,11259814467265,97
11259814728276,11259814728452,176
11259814978894,11259814979052,158
11259815221426,11259815221623,197
11259815477939,11259815478095,156
11259815726203,11259815726380,177
11259815967417,11259815967571,154
11259816207282,11259816207467,185
11259816486984,11259816487158,174
11259816723118,11259816723307,189
11259816958021,11259816958185,164
11259817194492,11259817194659,167
11259817431083,11259817431238,155
11259817666979,11259817667154,175
11259817904077,11259817904227,150
11259818140017,11259818140176,159
11259818376051,11259818376202,151
11259818618592,11259818618746,154
11259818852736,11259818852901,165
11259819099328,11259819099511,183
11259819334561,11259819334727,166
11259819568995,11259819569175,180
11259819811103,11259819811284,181
11259820049712,11259820049861,149
11259820351354,11259820351519,165
11259820632557,11259820632736,179
11259820879631,11259820879828,197
11259821219077,11259821219259,182
11259821501772,11259821501951,179
11259821799895,11259821800158,263
11259822072802,11259822073003,201
11259822378541,11259822378804,263
11259822692824,11259822692990,166
11259822990267,11259822990445,178
11259823253094,11259823253293,199
11259823516184,11259823516349,165
11259824048609,11259824048960,351
11259824377957,11259824378138,181
11259824633706,11259824633870,164
11259824879118,11259824879294,176
11259825125193,11259825125350,157
11259825393119,11259825393282,163
11259825654023,11259825654186,163
11259825895579,11259825895764,185
11259826133753,11259826133963,210
11259826371974,11259826372185,211
11259826617725,11259826617930,205
11259826858780,11259826858982,202
11259827096123,11259827096298,175
11259827334688,11259827334865,177
11259827573779,11259827573951,172
11259827812596,11259827812756,160
11259828056530,11259828056740,210
11259828294601,11259828294855,254
11259828532650,11259828532840,190
11259828771495,11259828771665,170
11259829018567,11259829018725,158
11259829268842,11259829269015,173
11259829523762,11259829523942,180
11259829761570,11259829761753,183
11259829998752,11259829998951,199
11259830237235,11259830237407,172
11259830474745,11259830474878,133
11259830743043,11259830743213,170
11259831031676,11259831031828,152
11259831358218,11259831358483,265
11259831609040,11259831609230,190
11259831849344,11259831849550,206
11259832089840,11259832090049,209
11259832341161,11259832341349,188
11259832622220,11259832622389,169
11259832861557,11259832861745,188
11259833104499,11259833104688,189
11259833373834,11259833374007,173
11259833617816,11259833618018,202
11259833850084,11259833850266,182
11259834084045,11259834084232,187
11259834322962,11259834323120,158
11259834553526,11259834553706,180
11259834785642,11259834785818,176
11259835018419,11259835018622,203
11259835250045,11259835250240,195
11259835482668,11259835482843,175
11259835757717,11259835757903,186
11259835999559,11259835999721,162
11259836231894,11259836232105,211
11259836463541,11259836463699,158
11259836712964,11259836713147,183
11259836947091,11259836947274,183
11259837180198,11259837180392,194
11259837423456,11259837423635,179
11259837672545,11259837672706,161
11259837917090,11259837917300,210
11259838195403,11259838195598,195
11259838461040,11259838461208,168
11259838745444,11259838745746,302
11259839054515,11259839054784,269
11259839440362,11259839440529,167
11259839743231,11259839743501,270
11259840020825,11259840021017,192
11259840289815,11259840290014,199
11259840538018,11259840538209,191
11259840801641,11259840801834,193
11259841068061,11259841068237,176
11259841320520,11259841320728,208
11259841565530,11259841565744,214
11259841802013,11259841802217,204
11259842042749,11259842042947,198
11259842330985,11259842331174,189
11259842596541,11259842596812,271
11259842839236,11259842839443,207
11259843077399,11259843077572,173
11259843593799,11259843593988,189
11259843837049,11259843837228,179
11259844075308,11259844075519,211
11259844312124,11259844312327,203
11259844554247,11259844554410,163
11259844790120,11259844790292,172
11259845029712,11259845029928,216
11259845265322,11259845265528,206
11259845519207,11259845519420,213
11259845767087,11259845767264,177
11259846003985,11259846004172,187
11259846239225,11259846239389,164
11259846496855,11259846497021,166
11259846732482,11259846732688,206
11259846967764,11259846967939,175
11259847203671,11259847203856,185
11259847454770,11259847454936,166
11259847690143,11259847690316,173
11259847924549,11259847924731,182
11259848158453,11259848158653,200
11259848393243,11259848393423,180
11259848628875,11259848629050,175
11259848895897,11259848896080,183
11259849254518,11259849254698,180
11259849555682,11259849555890,208
11259849831716,11259849832043,327
11259850086102,11259850086294,192
11259850332525,11259850332712,187
11259850587473,11259850587666,193
11259850822785,11259850822967,182
11259851058519,11259851058702,183
11259851305569,11259851305780,211
11259851576251,11259851576429,178
11259851839200,11259851839403,203
11259852102161,11259852102344,183
11259852389020,11259852389190,170
11259852663540,11259852663724,184
11259852925150,11259852925394,244
11259853175999,11259853176195,196
11259853442590,11259853442763,173
11259853722064,11259853722339,275
11259853978154,11259853978348,194
11259854223216,11259854223399,183
11259854462499,11259854462705,206
11259854700935,11259854701090,155
11259854941335,11259854941523,188
11259855189066,11259855189239,173
11259855452386,11259855452576,190
11259855700168,11259855700352,184
11259855940999,11259855941165,166
11259856177283,11259856177473,190
11259856418864,11259856419042,178
11259856654350,11259856654558,208
11259856890745,11259856890935,190
11259857124827,11259857124997,170
11259857384887,11259857385090,203
11259857642880,11259857643111,231
11259857883119,11259857883303,184
11259858119438,11259858119621,183
11259858355406,11259858355597,191
11259858590621,11259858590783,162
11259858826894,11259858827075,181
11259859070281,11259859070476,195
11259859307647,11259859307821,174
11259859551184,11259859551339,155
11259859786084,11259859786244,160
11259860020531,11259860020720,189
11259860254295,11259860254482,187
11259860501506,11259860501703,197
11259860791121,11259860791319,198
11259861104654,11259861104835,181
11259861348984,11259861349126,142
11259861561487,11259861561624,137
11259861769729,11259861769857,128
11259861977428,11259861977568,140
11259862185782,11259862185919,137
11259862746904,11259862747056,152
11259862963551,11259862963689,138
11259863199050,11259863199188,138
11259863410017,11259863410160,143
11259863629193,11259863629317,124
11259863833012,11259863833137,125
11259864036021,11259864036130,109
11259864239242,11259864239374,132
11259864447786,11259864447924,138
11259864650589,11259864650727,138
11259864853586,11259864853709,123
11259865056383,11259865056513,130
11259865258836,11259865258963,127
11259865483760,11259865483891,131
11259865704593,11259865704738,145
11259865916245,11259865916379,134
11259866136352,11259866136433,81
11259866432275,11259866432413,138
11259866689269,11259866689398,129
11259866967666,11259866967840,174
11259867217763,11259867218088,325
11259867490942,11259867491057,115
11259867743378,11259867743683,305
11259867996589,11259867996716,127
11259868249809,11259868249937,128
11259868498362,11259868498495,133
11259868752076,11259868752221,145
11259868997145,11259868997388,243
11259869243932,11259869244073,141
11259869521768,11259869522063,295
11259869796040,11259869796166,126
11259870020926,11259870021033,107
11259870236552,11259870236677,125
11259870460784,11259870460912,128
11259870685831,11259870685912,81
11259870914865,11259870915036,171
11259871152603,11259871152736,133
11259871367882,11259871368012,130
11259871639356,11259871639632,276
11259871885076,11259871885257,181
11259872123509,11259872123680,171
11259872383916,11259872384123,207
11259872647571,11259872647733,162
11259872884316,11259872884446,130
11259873120163,11259873120342,179
11259873357933,11259873358120,187
11259873600522,11259873600715,193
11259873836598,11259873836773,175
11259874073750,11259874073924,174
11259874310208,11259874310401,193
11259874548511,11259874548689,178
11259874783425,11259874783587,162
11259875018689,11259875018866,177
11259875252739,11259875252882,143
11259875496726,11259875496882,156
11259875741037,11259875741225,188
11259875977970,11259875978171,201
11259876213778,11259876213943,165
11259876457111,11259876457318,207
11259876693189,11259876693364,175
11259876928513,11259876928714,201
11259877218452,11259877218639,187
11259877514195,11259877514396,201
11259877785344,11259877785513,169
11259878034138,11259878034285,147
11259878269997,11259878270161,164
11259878514766,11259878514935,169
11259878749975,11259878750138,163
11259878996183,11259878996386,203
11259879234538,11259879234738,200
11259879470043,11259879470246,203
11259879704161,11259879704345,184
11259879976644,11259879976828,184
11259880209395,11259880209560,165
11259880452634,11259880452810,176
11259880697734,11259880697905,171
11259880930783,11259880930932,149
11259881162428,11259881162559,131
11259881678697,11259881678879,182
11259881920981,11259881921135,154
11259882161695,11259882161837,142
11259882420343,11259882420537,194
11259882673976,11259882674120,144
11259882949005,11259882949172,167
11259883252678,11259883252860,182
11259883515379,11259883515629,250
11259883780727,11259883780894,167
11259884044460,11259884044619,159
11259884302353,11259884302524,171
11259884569961,11259884570132,171
11259884827097,11259884827250,153
11259885080531,11259885080685,154
11259885332090,11259885332229,139
11259885598370,11259885598559,189
11259885850260,11259885850437,177
11259886101284,11259886101470,186
11259886349843,11259886350019,176
11259886599797,11259886599989,192
11259886850269,11259886850460,191
11259887092628,11259887092787,159
11259887334117,11259887334306,189
11259887575430,11259887575608,178
11259887819326,11259887819526,200
11259888062677,11259888062863,186
11259888298007,11259888298182,175
11259888534142,11259888534287,145
11259888771291,11259888771466,175
11259889032818,11259889032961,143
11259889295678,11259889295816,138
11259889556798,11259889556972,174
11259889817441,11259889817626,185
11259890075776,11259890075950,174
11259890358892,11259890359065,173
11259890600196,11259890600367,171
11259890867047,11259890867188,141
11259891119895,11259891120062,167
11259891356317,11259891356474,157
11259891595787,11259891595947,160
11259891830948,11259891831109,161
11259892067547,11259892067696,149
11259892326506,11259892326654,148
11259892587026,11259892587199,173
11259892838307,11259892838443,136
11259893073641,11259893073782,141
11259893309970,11259893310125,155
11259893545126,11259893545272,146
11259893780211,11259893780364,153
11259894016813,11259894016963,150
11259894313565,11259894313730,165
11259894618022,11259894618160,138
11259894866414,11259894866554,140
11259895077526,11259895077651,125
11259895286441,11259895286559,118
11259895577957,11259895578208,251
11259895815777,11259895815953,176
11259896181219,11259896181621,402
11259896530211,11259896530432,221
11259896771856,11259896772028,172
11259897056566,11259897056686,120
11259897326971,11259897327188,217
11259897574987,11259897575138,151
11259897816088,11259897816222,134
11259898061716,11259898061804,88
11259898308799,11259898308898,99
11259898567755,11259898567898,143
11259898816564,11259898816696,132
11259899080046,11259899080217,171
11259899329171,11259899329297,126
11259899555977,11259899556107,130
11259899803314,11259899803551,237
11259900068920,11259900069059,139
11259900308015,11259900308148,133
11259900547459,11259900547540,81
11259900768438,11259900768575,137
11259901236605,11259901236684,79
11259901475572,11259901475705,133
11259901694298,11259901694396,98
11259901927442,11259901927684,242
11259902151977,11259902152112,135
11259902380805,11259902380946,141
11259902614360,11259902614505,145
11259902825427,11259902825572,145
11259903034751,11259903034901,150
11259903241654,11259903241788,134
11259903462889,11259903463029,140
11259903671139,11259903671219,80
11259903877431,11259903877578,147
11259904084805,11259904084964,159
11259904291560,11259904291706,146
11259904506870,11259904507001,131
11259904713038,11259904713176,138
11259904919616,11259904919755,139
11259905126292,11259905126439,147
11259905339130,11259905339259,129
11259905554765,11259905554898,133
11259905766979,11259905767127,148
11259905975043,11259905975183,140
11259906181593,11259906181726,133
11259906387891,11259906388031,140
11259906604932,11259906605065,133
11259906813015,11259906813154,139
11259907040474,11259907040626,152
11259907254875,11259907255027,152
11259907476194,11259907476323,129
11259907681791,11259907681921,130
11259907887961,11259907888099,138
11259908138284,11259908138415,131
11259908404104,11259908404233,129
11259908712455,11259908712585,130
11259908969607,11259908969773,166
11259909182449,11259909182597,148
11259909394098,11259909394218,120
11259909620649,11259909620782,133
11259909839850,11259909839984,134
11259910055077,11259910055232,155
11259910336652,11259910336862,210
11259910697333,11259910697847,514
11259911007030,11259911007194,164
11259911251338,11259911251557,219
11259911621244,11259911621485,241
11259912029767,11259912030000,233
11259912390673,11259912390972,299
11259912775156,11259912775330,174
11259913072424,11259913072558,134
11259913308936,11259913309163,227
11259913603933,11259913604194,261
11259913926849,11259913927071,222
11259914244986,11259914245304,318
11259914538022,11259914538211,189
11259914843659,11259914843850,191
11259915129371,11259915129537,166
11259915464309,11259915464554,245
11259915766417,11259915766554,137
11259916054514,11259916054828,314
11259916358711,11259916358808,97
11259916763650,11259916763952,302
11259917263784,11259917264141,357
11259917582234,11259917582492,258
11259917853167,11259917853330,163
11259918135528,11259918135704,176
11259918376396,11259918376537,141
11259918608284,11259918608602,318
11259918837589,11259918837690,101
11259919081803,11259919081980,177
11259919315984,11259919316070,86
11259919542349,11259919542470,121
11259919762180,11259919762309,129
11259919983623,11259919983710,87
11259920202756,11259920202885,129
11259920421541,11259920421648,107
11259920920140,11259920920228,88
11259921145102,11259921145219,117
11259921364279,11259921364404,125
11259921582109,11259921582267,158
11259921797212,11259921797330,118
11259922014528,11259922014675,147
11259922246605,11259922246773,168
11259922468487,11259922468661,174
11259922687223,11259922687365,142
11259922907197,11259922907343,146
11259923123154,11259923123291,137
11259923339669,11259923339778,109
11259923556061,11259923556201,140
11259923771998,11259923772142,144
11259923988854,11259923988961,107
11259924256296,11259924256437,141
11259924534819,11259924534907,88
11259924787954,11259924788129,175
11259925008279,11259925008423,144
11259925224997,11259925225131,134
11259925440501,11259925440634,133
11259925675013,11259925675158,145
11259925892329,11259925892479,150
11259926108483,11259926108628,145
11259926324302,11259926324438,136
11259926547184,11259926547325,141
11259926786855,11259926787028,173
11259927058263,11259927058387,124
11259927273146,11259927273299,153
11259927511649,11259927511790,141
11259927724545,11259927724701,156
11259927937460,11259927937595,135
11259928150112,11259928150256,144
11259928388684,11259928388829,145
11259928610798,11259928610944,146
11259928853683,11259928853928,245
11259929240206,11259929240477,271
11259929544128,11259929544302,174
11259929931404,11259929931670,266
11259930340794,11259930341082,288
11259930631055,11259930631199,144
11259930986183,11259930986463,280
11259931427750,11259931428095,345
11259931764434,11259931764584,150
11259932032161,11259932032292,131
11259932312510,11259932312675,165
11259932591925,11259932592155,230
11259932841336,11259932841475,139
11259933080264,11259933080344,80
11259933304803,11259933304929,126
11259933544320,11259933544402,82
11259933784482,11259933784610,128
11259934028397,11259934028478,81
11259934265097,11259934265233,136
11259934508327,11259934508473,146
11259934727073,11259934727210,137
11259934940081,11259934940217,136
11259935153379,11259935153464,85
11259935384072,11259935384172,100
11259935629353,11259935629534,181
11259935865610,11259935865727,117
11259936076169,11259936076297,128
11259936286532,11259936286660,128
11259936500257,11259936500385,128
11259936706463,11259936706592,129
11259936912182,11259936912310,128
11259937136277,11259937136407,130
11259937345002,11259937345145,143
11259937552607,11259937552748,141
11259937758825,11259937759042,217
11259937966665,11259937966781,116
11259938172630,11259938172760,130
11259938391959,11259938392088,129
11259938597525,11259938597604,79
11259938803806,11259938803944,138
11259939019588,11259939019742,154
11259939517654,11259939517778,124
11259939731317,11259939731447,130
11259939936699,11259939936826,127
11259940141585,11259940141717,132
11259940353744,11259940353869,125
11259940558607,11259940558737,130
11259940765668,11259940765803,135
11259940971636,11259940971765,129
11259941183736,11259941183877,141
11259941389886,11259941390013,127
11259941594357,11259941594488,131
11259941798138,11259941798268,130
11259942058678,11259942058758,80
11259942429633,11259942429863,230
11259942764278,11259942764556,278
11259943052665,11259943052830,165
11259943307681,11259943307871,190
11259943573012,11259943573114,102
11259943828440,11259943828587,147
11259944063713,11259944063872,159
11259944323271,11259944323419,148
11259944551806,11259944551947,141
11259944767511,11259944767641,130
11259945004537,11259945004672,135
11259945249009,11259945249136,127
11259945502418,11259945502502,84
11259945782898,11259945782994,96
11259946042181,11259946042270,89
11259946285509,11259946285593,84
11259946526559,11259946526640,81
11259946770461,11259946770672,211
11259947013826,11259947013959,133
11259947250915,11259947251042,127
11259947471637,11259947471759,122
11259947696017,11259947696146,129
11259947932383,11259947932575,192
11259948168296,11259948168426,130
11259948449582,11259948449764,182
11259948687681,11259948687853,172
11259948921227,11259948921373,146
11259949136835,11259949136967,132
11259949366383,11259949366514,131
11259949591005,11259949591131,126
11259949830330,11259949830463,133
11259950060293,11259950060421,128
11259950273122,11259950273246,124
11259950500468,11259950500596,128
11259950713589,11259950713715,126
11259950926477,11259950926596,119
11259951137887,11259951138017,130
11259951346794,11259951346929,135
11259951566827,11259951566950,123
11259951778828,11259951778966,138
11259951989198,11259951989327,129
11259952201436,11259952201570,134
11259952435860,11259952436013,153
11259952648227,11259952648359,132
11259952858172,11259952858306,134
11259953076540,11259953076674,134
11259953289406,11259953289540,134
11259953507048,11259953507159,111
11259953714958,11259953715059,101
11259953920259,11259953920403,144
11259954126780,11259954126907,127
11259954334581,11259954334707,126
11259954540272,11259954540400,128
11259954747463,11259954747591,128
11259954952911,11259954953036,125
11259955159405,11259955159542,137
11259955365767,11259955365906,139
11259955612358,11259955612527,169
11259955821916,11259955822074,158
11259956032641,11259956032754,113
11259956310234,11259956310364,130
11259956591849,11259956591974,125
11259956832100,11259956832241,141
11259957375894,11259957376091,197
11259957597994,11259957598134,140
11259957805638,11259957805774,136
11259958012816,11259958012945,129
11259958219243,11259958219374,131
11259958481288,11259958481424,136
11259958708310,11259958708443,133
11259958987159,11259958987311,152
11259959226547,11259959226693,146
11259959488186,11259959488278,92
11259959723177,11259959723262,85
11259960006148,11259960006263,115
11259960273329,11259960273484,155
11259960596142,11259960596315,173
11259960875351,11259960875519,168
11259961132815,11259961132965,150
11259961382037,11259961382202,165
11259961637156,11259961637268,112
11259961881897,11259961882044,147
11259962133806,11259962133948,142
11259962395722,11259962395861,139
11259962643998,11259962644134,136
11259962885458,11259962885572,114
11259963129958,11259963130188,230
11259963392940,11259963393073,133
11259963634956,11259963635107,151
11259963860410,11259963860557,147
11259964078642,11259964078793,151
11259964303171,11259964303311,140
11259964550956,11259964551155,199
11259964788071,11259964788198,127
11259965016852,11259965016981,129
11259965242394,11259965242539,145
11259965464868,11259965465013,145
11259965712369,11259965712529,160
11259965940075,11259965940227,152
11259966159962,11259966160098,136
11259966387844,11259966387984,140
11259966605474,11259966605621,147
11259966823376,11259966823496,120
11259967040784,11259967040922,138
11259967258576,11259967258697,121
11259967482950,11259967483067,117
11259967701342,11259967701480,138
11259967919217,11259967919349,132
11259968137560,11259968137716,156
11259968355692,11259968355827,135
11259968584941,11259968585066,125
11259968802153,11259968802282,129
11259969031957,11259969032101,144
11259969252867,11259969253004,137
11259969478234,11259969478357,123
11259969695302,11259969695444,142
11259969911530,11259969911665,135
11259970126449,11259970126592,143
11259970349728,11259970349863,135
11259970568513,11259970568679,166
11259970785023,11259970785156,133
11259971071019,11259971071170,151
11259971309704,11259971309837,133
11259971620979,11259971621150,171
11259971843793,11259971843942,149
11259972062733,11259972062870,137
11259972316926,11259972317075,149
11259972544302,11259972544471,169
11259972765986,11259972766131,145
11259972984067,11259972984206,139
11259973201564,11259973201720,156
11259973416248,11259973416403,155
11259973633777,11259973633915,138
11259973866689,11259973866829,140
11259974080484,11259974080639,155
11259974294989,11259974295125,136
11259974597729,11259974597972,243
11259974856117,11259974856257,140
11259975073133,11259975073280,147
11259975289578,11259975289717,139
11259975826611,11259975826807,196
11259976054982,11259976055158,176
11259976294635,11259976294790,155
11259976553800,11259976553956,156
11259976789012,11259976789163,151
11259977023531,11259977023642,111
11259977302188,11259977303017,829
11259977544924,11259977545067,143
11259977799695,11259977799931,236
11259978064420,11259978064582,162
11259978312065,11259978312280,215
11259978594001,11259978594142,141
11259978893741,11259978893999,258
11259979156676,11259979156868,192
11259979408151,11259979408289,138
11259979638769,11259979638862,93
11259979872002,11259979872155,153
11259980118452,11259980118728,276
11259980367184,11259980367320,136
11259980619945,11259980620077,132
11259980847660,11259980847812,152
11259981075419,11259981075524,105
11259981294449,11259981294584,135
11259981527575,11259981527699,124
11259981759120,11259981759252,132
11259981993204,11259981993350,146
11259982234736,11259982234997,261
11259982456649,11259982456804,155
11259982674504,11259982674658,154
11259982891530,11259982891680,150
11259983107587,11259983107726,139
11259983323266,11259983323412,146
11259983554423,11259983554583,160
11259983771232,11259983771372,140
11259983988049,11259983988189,140
11259984221532,11259984221658,126
11259984447622,11259984447764,142
11259984664311,11259984664461,150
11259984881114,11259984881243,129
11259985097136,11259985097279,143
11259985310647,11259985310791,144
11259985532205,11259985532354,149
11259985763466,11259985763623,157
11259985982219,11259985982375,156
11259986200126,11259986200280,154
11259986418017,11259986418150,133
11259986634003,11259986634131,128
11259986847376,11259986847505,129
11259987061835,11259987061959,124
11259987276548,11259987276662,114
11259987500154,11259987500292,138
11259987714460,11259987714581,121
11259987928502,11259987928638,136
11259988141997,11259988142134,137
11259988428078,11259988428221,143
11259988753419,11259988753543,124
11259989084799,11259989084979,180
11259989371670,11259989371816,146
11259989794185,11259989794480,295
11259990192610,11259990192786,176
11259990454917,11259990455084,167
11259990672609,11259990672741,132
11259990948433,11259990948606,173
11259991212837,11259991212950,113
11259991526193,11259991526380,187
11259991892853,11259991893023,170
11259992202976,11259992203293,317
11259992512039,11259992512199,160
11259992788343,11259992788535,192
11259993055025,11259993055205,180
11259993301191,11259993301388,197
11259993547958,11259993548115,157
11259993794867,11259993795028,161
11259994046160,11259994046320,160
11259994310567,11259994310716,149
11259994553144,11259994553341,197
11259995037013,11259995037150,137
11259995282399,11259995282546,147
11259995533485,11259995533636,151
11259995804952,11259995805138,186
11259996045151,11259996045295,144
11259996282080,11259996282246,166
11259996522358,11259996522504,146
11259996773021,11259996773242,221
11259997010673,11259997010897,224
11259997222756,11259997222911,155
11259997428977,11259997429126,149
11259997635875,11259997636006,131
11259997841897,11259997842025,128
11259998047259,11259998047389,130
11259998252821,11259998252948,127
11259998465394,11259998465522,128
11259998670544,11259998670674,130
11259998887871,11259998888011,140
11259999099825,11259999099956,131
11259999305385,11259999305522,137
11259999516438,11259999516583,145
11259999720640,11259999720776,136
11259999925162,11259999925292,130
11260000135577,11260000135758,181
11260000390520,11260000390706,186
11260000613464,11260000613615,151
11260000824573,11260000824719,146
11260001035470,11260001035607,137
11260001242906,11260001243051,145
11260001457790,11260001457949,159
11260001665262,11260001665426,164
11260001889785,11260001889930,145
11260002137168,11260002137315,147
11260002431490,11260002431689,199
11260002656728,11260002656886,158
11260002879348,11260002879491,143
11260003096881,11260003097029,148
11260003321615,11260003321764,149
11260003538317,11260003538463,146
11260003752847,11260003752989,142
11260003968207,11260003968364,157
11260004182273,11260004182427,154
11260004398158,11260004398322,164
11260004623598,11260004623751,153
11260004851876,11260004852026,150
11260005064549,11260005064694,145
11260005278164,11260005278320,156
11260005493816,11260005493952,136
11260005713665,11260005713825,160
11260005973056,11260005973216,160
11260006220164,11260006220342,178
11260006626182,11260006626550,368
11260006999389,11260006999572,183
11260007232261,11260007232388,127
11260007526045,11260007526231,186
11260007761462,11260007761596,134
11260008003364,11260008003560,196
11260008244233,11260008244366,133
11260008493487,11260008493617,130
11260008738791,11260008738922,131
11260009048829,11260009049017,188
11260009318393,11260009318586,193
11260009568459,11260009568614,155
11260009794625,11260009794778,153
11260010019944,11260010020077,133
11260010260794,11260010260932,138
11260010509129,11260010509272,143
11260010748561,11260010748703,142
11260010974331,11260010974423,92
11260011195641,11260011195784,143
11260011405079,11260011405221,142
11260011617256,11260011617395,139
11260011838683,11260011838875,192
11260012058942,11260012059077,135
11260012317797,11260012317942,145
11260012539048,11260012539189,141
11260013032667,11260013032803,136
11260013253736,11260013253877,141
11260013466293,11260013466427,134
11260013679799,11260013679958,159
11260013887104,11260013887243,139
11260014092184,11260014092329,145
11260014301861,11260014301988,127
11260014507376,11260014507517,141
11260014713416,11260014713548,132
11260014918113,11260014918253,140
11260015123507,11260015123632,125
11260015344758,11260015344892,134
11260015562571,11260015562701,130
11260015772312,11260015772460,148
11260015977728,11260015977865,137
11260016183224,11260016183359,135
11260016396264,11260016396394,130
11260016617328,11260016617458,130
11260016823648,11260016823776,128
11260017028033,11260017028162,129
11260017233168,11260017233304,136
11260017438202,11260017438333,131
11260017642047,11260017642183,136
11260017846988,11260017847123,135
11260018050438,11260018050572,134
11260018254085,11260018254215,130
11260018523864,11260018523995,131
11260018738889,11260018739018,129
11260019045886,11260019046051,165
11260019268767,11260019268914,147
11260019482997,11260019483129,132
11260019688294,11260019688439,145
11260019896716,11260019896860,144
11260020130212,11260020130357,145
11260020359851,11260020359999,148
11260020567728,11260020567862,134
11260020774126,11260020774260,134
11260020986982,11260020987134,152
11260021229383,11260021229505,122
11260021434126,11260021434264,138
11260021637051,11260021637180,129
11260021840467,11260021840595,128
11260022046676,11260022046802,126
11260022303828,11260022303997,169
11260022526019,11260022526174,155
11260022738912,11260022739048,136
11260022978638,11260022978803,165
11260023409139,11260023409531,392
11260023684340,11260023684511,171
11260023907884,11260023908003,119
11260024171831,11260024172051,220
11260024413805,11260024413885,80
11260024658227,11260024658347,120
11260024909250,11260024909340,90
11260025152233,11260025152429,196
11260025407445,11260025407669,224
11260025677534,11260025677707,173
11260025927703,11260025927846,143
11260026174283,11260026174410,127
11260026409943,11260026410024,81
11260026636260,11260026636397,137
11260026861129,11260026861210,81
11260027142483,11260027142720,237
11260027397565,11260027397660,95
11260027618393,11260027618525,132
11260027837696,11260027837777,81
11260028056513,11260028056648,135
11260028269378,11260028269459,81
11260028485423,11260028485560,137
11260028712696,11260028712837,141
11260028959470,11260028959607,137
11260029182094,11260029182229,135
11260029390824,11260029390950,126
11260029604575,11260029604772,197
11260029812551,11260029812679,128
11260030018212,11260030018340,128
11260030509797,11260030509922,125
11260030716905,11260030717032,127
11260030920874,11260030921002,128
11260031125007,11260031125140,133
11260031330851,11260031330987,136
11260031540599,11260031540737,138
11260031745100,11260031745229,129
11260031953707,11260031953841,134
11260032160779,11260032160906,127
11260032392163,11260032392296,133
11260032599503,11260032599648,145
11260032806930,11260032807078,148
11260033016035,11260033016166,131
11260033226628,11260033226758,130
11260033432301,11260033432433,132
11260033639439,11260033639570,131
11260033855365,11260033855492,127
11260034064235,11260034064364,129
11260034270680,11260034270838,158
11260034479171,11260034479298,127
11260034685788,11260034685914,126
11260034894997,11260034895124,127
11260035109897,11260035110020,123
11260035376175,11260035376306,131
11260035648450,11260035648571,121
11260035896933,11260035897022,89
11260036111660,11260036111790,130
11260036366339,11260036366554,215
11260036669303,11260036669455,152
11260036920083,11260036920249,166
11260037146897,11260037147029,132
11260037404073,11260037404236,163
11260037719156,11260037719289,133
11260037956706,11260037956842,136
11260038205488,11260038205598,110
11260038591043,11260038591268,225
11260038906010,11260038906255,245
11260039177041,11260039177155,114
11260039421441,11260039421533,92
11260039660095,11260039660227,132
11260039903625,11260039903761,136
11260040143123,11260040143260,137
11260040383874,11260040384012,138
11260040628875,11260040629067,192
11260040850231,11260040850363,132
11260041081602,11260041081681,79
11260041318034,11260041318165,131
11260041553568,11260041553812,244
11260041787805,11260041787912,107
11260042008169,11260042008305,136
11260042240979,11260042241136,157
11260042462680,11260042462807,127
11260042695245,11260042695389,144
11260042914063,11260042914193,130
11260043150218,11260043150343,125
11260043376976,11260043377058,82
11260043586957,11260043587090,133
11260043799328,11260043799426,98
11260044007462,11260044007587,125
11260044213827,11260044213962,135
11260044420163,11260044420295,132
11260044630058,11260044630192,134
11260044837178,11260044837306,128
11260045041618,11260045041765,147
11260045266324,11260045266529,205
11260045518694,11260045518879,185
11260045744109,11260045744280,171
11260045952817,11260045952972,155
11260046157997,11260046158110,113
11260046362506,11260046362653,147
11260046567090,11260046567222,132
11260046771250,11260046771380,130
11260046977370,11260046977507,137
11260047181841,11260047181982,141
11260047385993,11260047386125,132
11260047591203,11260047591339,136
11260047795060,11260047795189,129
11260048269725,11260048269859,134
11260048494272,11260048494388,116
11260048698429,11260048698530,101
11260048910426,11260048910588,162
11260049158878,11260049159012,134
11260049377563,11260049377682,119
11260049645032,11260049645156,124
11260049907654,11260049907778,124
11260050161742,11260050161887,145
11260050382601,11260050382721,120
11260050596785,11260050596911,126
11260050803492,11260050803598,106
11260051008555,11260051008680,125
11260051214610,11260051214739,129
11260051426912,11260051427069,157
11260051634896,11260051635005,109
11260051839202,11260051839343,141
11260052043546,11260052043683,137
11260052291034,11260052291183,149
11260052498340,11260052498478,138
11260052709772,11260052709899,127
11260052965912,11260052966039,127
11260053302709,11260053302847,138
11260053547078,11260053547214,136
11260053764721,11260053764857,136
11260053980508,11260053980620,112
11260054190862,11260054190994,132
11260054403376,11260054403502,126
11260054613021,11260054613166,145
11260054821642,11260054821774,132
11260055027737,11260055027859,122
11260055238397,11260055238503,106
11260055447843,11260055447950,107
11260055666653,11260055666775,122
11260055879415,11260055879549,134
11260056088173,11260056088297,124
11260056311733,11260056311863,130
11260056525104,11260056525237,133
11260056764005,11260056764204,199
11260056982699,11260056982921,222
11260057224772,11260057224998,226
11260057529766,11260057530005,239
11260057775212,11260057775301,89
11260057996118,11260057996246,128
11260058317413,11260058317671,258
11260058663900,11260058664110,210
11260058972020,11260058972158,138
11260059230712,11260059230857,145
11260059477927,11260059478068,141
11260059721257,11260059721357,100
11260059973776,11260059973957,181
11260060216157,11260060216305,148
11260060457090,11260060457323,233
11260060672782,11260060672928,146
11260060903538,11260060903741,203
11260061140781,11260061140905,124
11260061374816,11260061374905,89
11260061612434,11260061612561,127
11260061833836,11260061834074,238
11260062056653,11260062056744,91
11260062282319,11260062282461,142
11260062509775,11260062509901,126
11260062732760,11260062732967,207
11260062959956,11260062960046,90
11260063184272,11260063184430,158
11260063401130,11260063401266,136
11260063612817,11260063612956,139
11260063817905,11260063818045,140
11260064021966,11260064022108,142
11260064226442,11260064226560,118
11260064435933,11260064436043,110
11260064642788,11260064642926,138
11260064848693,11260064848842,149
11260065054923,11260065055064,141
11260065259775,11260065259904,129
11260065479314,11260065479443,129
11260065699080,11260065699219,139
11260066199380,11260066199521,141
11260066412121,11260066412269,148
11260066615191,11260066615336,145
11260066817333,11260066817444,111
11260067023791,11260067023922,131
11260067230078,11260067230196,118
11260067435673,11260067435785,112
11260067658391,11260067658542,151
11260067912812,11260067912931,119
11260068142865,11260068142988,123
11260068349931,11260068350059,128
11260068556233,11260068556353,120
11260068763657,11260068763770,113
11260068984474,11260068984622,148
11260069205614,11260069205748,134
11260069472608,11260069472738,130
11260069760870,11260069760991,121
11260070002088,11260070002248,160
11260070227118,11260070227258,140
11260070457418,11260070457577,159
11260070672760,11260070672872,112
11260070879783,11260070879902,119
11260071083900,11260071084008,108
11260071294728,11260071294840,112
11260071499973,11260071500100,127
11260071704233,11260071704378,145
11260071908757,11260071908885,128
11260072139374,11260072139511,137
11260072359071,11260072359200,129
11260072565494,11260072565617,123
11260072767909,11260072768029,120
11260072971216,11260072971339,123
11260073174844,11260073174971,127
11260073380045,11260073380167,122
11260073601165,11260073601290,125
11260073803208,11260073803342,134
11260074005463,11260074005598,135
11260074207950,11260074208098,148
11260074414789,11260074414903,114
11260074617377,11260074617489,112
11260074818872,11260074818982,110
11260075021236,11260075021468,232
11260075224276,11260075224393,117
11260075426420,11260075426524,104
11260075673703,11260075673885,182
11260075889936,11260075890095,159
11260076095958,11260076096093,135
11260076300172,11260076300310,138
11260076510710,11260076510845,135
11260076721543,11260076721658,115
11260076934382,11260076934500,118
11260077139560,11260077139706,146
11260077362392,11260077362519,127
11260077565782,11260077565909,127
11260077768889,11260077769005,116
11260077971402,11260077971515,113
11260078173618,11260078173753,135
11260078388863,11260078388983,120
11260078589995,11260078590120,125
11260078791010,11260078791118,108
11260079041701,11260079041844,143
11260079256767,11260079256903,136
11260079491260,11260079491383,123
11260079692882,11260079692991,109
11260079895362,11260079895496,134
11260080097011,11260080097145,134
11260080324151,11260080324273,122
11260080527433,11260080527562,129
11260080728101,11260080728216,115
11260080929755,11260080929900,145
11260081130699,11260081130819,120
11260081338424,11260081338546,122
11260081542153,11260081542274,121
11260081748272,11260081748395,123
11260081952182,11260081952309,127
11260082398849,11260082399000,151
11260082656619,11260082656832,213
11260082896708,11260082896877,169
11260083107003,11260083107150,147
11260083313664,11260083313795,131
11260083543662,11260083543792,130
11260083747754,11260083747881,127
11260083950883,11260083951011,128
11260084154104,11260084154232,128
11260084363534,11260084363651,117
11260084566778,11260084566916,138
11260084768960,11260084769096,136
11260084971513,11260084971652,139
11260085174332,11260085174463,131
11260085378265,11260085378403,138
11260085611661,11260085611810,149
11260085821237,11260085821404,167
11260086027694,11260086027832,138
11260086234467,11260086234621,154
11260086499746,11260086499931,185
11260086717336,11260086717505,169
11260086921633,11260086921769,136
11260087126136,11260087126277,141
11260087344357,11260087344497,140
11260087548742,11260087548880,138
11260087752423,11260087752561,138
11260087957158,11260087957312,154
11260088161389,11260088161528,139
11260088365611,11260088365754,143
11260088569151,11260088569291,140
11260088772415,11260088772547,132
11260088984759,11260088984881,122
11260089190218,11260089190334,116
11260089392586,11260089392702,116
11260089596060,11260089596202,142
11260089809107,11260089809208,101
11260090013901,11260090014035,134
11260090217285,11260090217400,115
11260090438547,11260090438693,146
11260090642020,11260090642152,132
11260090844884,11260090845012,128
11260091079277,11260091079369,92
11260091313240,11260091313411,171
11260091565093,11260091565248,155
11260091831216,11260091831379,163
11260092100351,11260092100487,136
11260092382070,11260092382277,207
11260092636624,11260092636785,161
11260092879583,11260092879762,179
11260093118796,11260093118993,197
11260093378329,11260093378508,179
11260093611682,11260093611854,172
11260093846357,11260093846580,223
11260094122202,11260094122371,169
11260094368263,11260094368448,185
11260094625306,11260094625474,168
11260094838177,11260094838326,149
11260095043750,11260095043894,144
11260095249283,11260095249439,156
11260095473179,11260095473315,136
11260095685618,11260095685785,167
11260095891359,11260095891471,112
11260096094903,11260096095044,141
11260096297265,11260096297419,154
11260096530845,11260096530989,144
11260096733919,11260096734053,134
11260096939123,11260096939239,116
11260097142868,11260097143003,135
11260097347215,11260097347343,128
11260097550137,11260097550273,136
11260097752024,11260097752129,105
11260097954522,11260097954648,126
11260098157002,11260098157121,119
11260098384247,11260098384383,136
11260098585728,11260098585868,140
11260098787128,11260098787254,126
11260098995851,11260098996000,149
11260099447683,11260099447774,91
11260099657988,11260099658104,116
11260099862108,11260099862217,109
11260100065831,11260100065943,112
11260100299127,11260100299283,156
11260100519259,11260100519400,141
11260100727450,11260100727568,118
11260100931519,11260100931643,124
11260101138045,11260101138158,113
11260101362641,11260101362741,100
11260101566426,11260101566566,140
11260101770406,11260101770539,133
11260101974300,11260101974420,120
11260102177024,11260102177133,109
11260102391093,11260102391241,148
11260102596595,11260102596722,127
11260102801519,11260102801648,129
11260103005238,11260103005372,134
11260103208732,11260103208865,133
11260103432724,11260103432850,126
11260103658436,11260103658581,145
11260103880965,11260103881112,147
11260104088904,11260104089037,133
11260104304098,11260104304233,135
11260104514737,11260104514817,80
11260104726551,11260104726675,124
11260104943332,11260104943415,83
11260105152155,11260105152279,124
11260105381949,11260105382072,123
11260105595846,11260105595976,130
11260105802188,11260105802309,121
11260106005926,11260106006048,122
11260106209595,11260106209726,131
11260106430411,11260106430522,111
11260106644668,11260106644791,123
11260106861372,11260106861506,134
11260107078401,11260107078530,129
11260107295922,11260107296049,127
11260107522046,11260107522204,158
11260107746509,11260107746658,149
11260107974354,11260107974492,138
11260108228382,11260108228538,156
11260108479530,11260108479659,129
11260108711450,11260108711573,123
11260108953900,11260108954064,164
11260109301349,11260109301606,257
11260109626133,11260109626313,180
11260109897958,11260109898106,148
11260110148267,11260110148431,164
11260110400013,11260110400157,144
11260110644829,11260110645081,252
11260110891474,11260110891608,134
11260111135927,11260111136100,173
11260111378986,11260111379124,138
11260111607449,11260111607582,133
11260111837976,11260111838059,83
11260112077211,11260112077492,281
11260112335265,11260112335412,147
11260112583634,11260112583763,129
11260112810010,11260112810201,191
11260113039982,11260113040106,124
11260113259677,11260113259806,129
11260113498246,11260113498385,139
11260113727610,11260113727689,79
11260113962491,11260113962620,129
11260114192534,11260114192658,124
11260114416080,11260114416204,124
11260114635400,11260114635528,128
11260114854625,11260114854750,125
11260115070201,11260115070324,123
11260115288709,11260115288861,152
11260115522841,11260115522976,135
11260115793567,11260115793730,163
11260116015612,11260116015787,175
11260116232990,11260116233138,148
11260116450547,11260116450692,145
11260116953868,11260116953997,129
11260117177873,11260117178029,156
11260117409864,11260117409969,105
11260117627625,11260117627771,146
11260117844282,11260117844427,145
11260118062166,11260118062289,123
11260118284228,11260118284375,147
11260118512432,11260118512551,119
11260118777938,11260118778290,352
11260119048057,11260119048234,177
11260119289649,11260119289779,130
11260119534223,11260119534316,93
11260119798894,11260119799227,333
11260120175238,11260120175644,406
11260120557246,11260120557599,353
11260120926838,11260120927051,213
11260121233674,11260121233796,122
11260121504217,11260121504378,161
11260121742430,11260121742573,143
11260121992071,11260121992214,143
11260122257399,11260122257540,141
11260122517455,11260122517610,155
11260122748866,11260122749011,145
11260122970361,11260122970492,131
11260123195167,11260123195315,148
11260123431089,11260123431267,178
11260123670285,11260123670478,193
11260123902109,11260123902275,166
11260124137590,11260124137795,205
11260124370760,11260124370892,132
11260124588644,11260124588777,133
11260124805195,11260124805322,127
11260125020980,11260125021113,133
11260125236701,11260125236841,140
11260125474346,11260125474585,239
11260125738095,11260125738277,182
11260125958669,11260125958822,153
11260126176605,11260126176754,149
11260126393416,11260126393572,156
11260126609650,11260126609781,131
11260126824124,11260126824277,153
11260127039882,11260127040044,162
11260127255244,11260127255388,144
11260127470471,11260127470629,158
11260127687855,11260127688033,178
11260127913451,11260127913611,160
11260128129387,11260128129514,127
11260128345020,11260128345153,133
11260128571361,11260128571508,147
11260128786017,11260128786165,148
11260129023282,11260129023419,137
11260129243938,11260129244081,143
11260129460191,11260129460360,169
11260129676336,11260129676478,142
11260129892031,11260129892137,106
11260130138817,11260130138969,152
11260130370526,11260130370697,171
11260130660529,11260130660678,149
11260130951233,11260130951398,165
11260131213267,11260131213456,189
11260131430000,11260131430163,163
11260131644965,11260131645114,149
11260131869721,11260131869872,151
11260132077604,11260132077758,154
11260132298366,11260132298525,159
11260132508812,11260132508962,150
11260132749394,11260132749511,117
11260132954367,11260132954507,140
11260133158151,11260133158277,126
11260133362310,11260133362447,137
11260133567286,11260133567427,141
11260133770873,11260133770989,116
11260133975496,11260133975630,134
11260134193481,11260134193603,122
11260134443692,11260134443851,159
11260134683495,11260134683666,171
11260135199895,11260135199989,94
11260135645229,11260135645404,175
11260135929043,11260135929138,95
11260136242802,11260136243006,204
11260136542442,11260136542586,144
11260136818108,11260136818196,88
11260137102549,11260137102702,153
11260137362626,11260137362841,215
11260137648030,11260137648222,192
11260137977601,11260137977754,153
11260138230903,11260138231052,149
11260138454849,11260138454977,128
11260138680268,11260138680418,150
11260138931722,11260138931881,159
11260139182150,11260139182267,117
11260139396398,11260139396527,129
11260139609047,11260139609157,110
11260139817286,11260139817420,134
11260140025014,11260140025136,122
11260140240934,11260140241064,130
11260140448250,11260140448380,130
11260140654842,11260140654958,116
11260140862891,11260140863014,123
11260141070663,11260141070787,124
11260141277116,11260141277242,126
11260141482403,11260141482531,128
11260141689467,11260141689579,112
11260141895967,11260141896088,121
11260142102464,11260142102590,126
11260142332160,11260142332283,123
11260142541768,11260142541909,141
11260142747838,11260142747997,159
11260142952813,11260142952938,125
11260143157574,11260143157698,124
11260143364327,11260143364462,135
11260143570010,11260143570141,131
11260143849474,11260143849614,140
11260144151381,11260144151496,115
11260144425544,11260144425724,180
11260144652799,11260144652922,123
11260144861480,11260144861625,145
11260145068481,11260145068618,137
11260145276953,11260145277096,143
11260145490656,11260145490790,134
11260145713008,11260145713146,138
11260145960414,11260145960537,123
11260146165221,11260146165339,118
11260146375964,11260146376078,114
11260146580858,11260146580986,128
11260146784525,11260146784644,119
11260146988005,11260146988140,135
11260147192097,11260147192222,125
11260147394174,11260147394296,122
11260147596450,11260147596568,118
11260147799939,11260147800067,128
11260148077189,11260148077298,109
11260148376504,11260148376668,164
11260148595483,11260148595610,127
11260148802891,11260148803019,128
11260149083024,11260149083163,139
11260149291924,11260149292055,131
11260149496180,11260149496291,111
11260149698039,11260149698151,112
11260149901380,11260149901501,121
11260150105877,11260150105998,121
11260150314798,11260150314912,114
11260150517934,11260150518070,136
11260150721844,11260150721977,133
11260150926025,11260150926152,127
11260151136449,11260151136563,114
11260151341026,11260151341163,137
11260151545137,11260151545260,123
11260151749500,11260151749618,118
11260151953223,11260151953343,120
11260152156649,11260152156776,127
11260152416916,11260152417047,131
11260152910735,11260152910866,131
11260153120521,11260153120660,139
11260153325545,11260153325679,134
11260153535102,11260153535223,121
11260153740714,11260153740841,127
11260153944898,11260153945023,125
11260154147021,11260154147160,139
11260154395043,11260154395173,130
11260154613602,11260154613746,144
11260154847819,11260154847929,110
11260155078881,11260155079021,140
11260155313945,11260155314065,120
11260155649806,11260155650017,211
11260156026607,11260156026885,278
11260156343907,11260156344010,103
11260156626272,11260156626375,103
11260156904278,11260156904615,337
11260157174961,11260157175121,160
11260157432634,11260157432722,88
11260157666314,11260157666438,124
11260157915105,11260157915355,250
11260158173315,11260158173533,218
11260158409887,11260158410016,129
11260158634002,11260158634128,126
11260158850702,11260158850882,180
11260159102363,11260159102454,91
11260159327047,11260159327189,142
11260159559244,11260159559362,118
11260159772160,11260159772310,150
11260159982993,11260159983123,130
11260160192505,11260160192638,133
11260160399779,11260160399906,127
11260160606790,11260160606908,118
11260160814472,11260160814609,137
11260161021174,11260161021306,132
11260161228329,11260161228458,129
11260161433968,11260161434094,126
11260161648969,11260161649090,121
11260161854997,11260161855126,129
11260162069028,11260162069168,140
11260162327175,11260162327323,148
11260162550562,11260162550715,153
11260162757503,11260162757646,143
11260162971278,11260162971412,134
11260163177655,11260163177791,136
11260163384073,11260163384206,133
11260163596527,11260163596654,127
11260163804303,11260163804431,128
11260164010822,11260164010947,125
11260164216723,11260164216862,139
11260164423198,11260164423295,97
11260164629530,11260164629641,111
11260164836678,11260164836793,115
11260165043965,11260165044121,156
11260165248461,11260165248618,157
11260165455371,11260165455494,123
11260165728449,11260165728583,134
11260165963096,11260165963223,127
11260166283912,11260166284170,258
11260166515275,11260166515440,165
11260166726747,11260166726887,140
11260166933693,11260166933819,126
11260167141184,11260167141313,129
11260167348102,11260167348229,127
11260167554736,11260167554874,138
11260167761940,11260167762078,138
11260167968165,11260167968286,121
11260168211935,11260168212058,123
11260168414419,11260168414534,115
11260168633200,11260168633312,112
11260168836092,11260168836218,126
11260169048166,11260169048295,129
11260169268897,11260169269020,123
11260169491867,11260169492003,136
11260169695202,11260169695326,124
11260169898489,11260169898630,141
11260170100857,11260170100996,139
11260170555311,11260170555431,120
11260170759688,11260170759834,146
11260170964622,11260170964736,114
11260171169907,11260171170027,120
11260171384229,11260171384357,128
11260171588675,11260171588820,145
11260171793417,11260171793562,145
11260171998399,11260171998525,126
11260172205086,11260172205220,134
11260172471517,11260172471644,127
11260172739217,11260172739347,130
11260172955986,11260172956126,140
11260173163031,11260173163155,124
11260173372172,11260173372301,129
11260173592160,11260173592286,126
11260173798704,11260173798811,107
11260174012003,11260174012144,141
11260174218905,11260174219034,129
11260174422588,11260174422697,109
11260174628583,11260174628712,129
11260174835929,11260174836076,147
11260175044650,11260175044785,135
11260175250803,11260175250934,131
11260175469160,11260175469287,127
11260175680038,11260175680195,157
11260175886283,11260175886428,145
11260176089928,11260176090040,112
11260176293688,11260176293808,120
11260176496957,11260176497076,119
11260176700323,11260176700444,121
11260176903535,11260176903682,147
11260177106508,11260177106636,128
11260177308897,11260177309016,119
11260177511404,11260177511520,116
11260177713456,11260177713580,124
11260177915961,11260177916068,107
11260178118884,11260178119010,126
11260178320726,11260178320852,126
11260178522348,11260178522464,116
11260178754651,11260178754767,116
11260179087590,11260179087839,249
11260179406362,11260179411116,4754
11260179952219,11260179952464,245
11260180312396,11260180312657,261
11260180720341,11260180720643,302
11260181085783,11260181086010,227
11260181418137,11260181418300,163
11260181692051,11260181692216,165
11260181955102,11260181955256,154
11260182200593,11260182200784,191
11260182479079,11260182479261,182
11260182731547,11260182731751,204
11260182986124,11260182986308,184
11260183275868,11260183276055,187
11260183523535,11260183523722,187
11260183763486,11260183763639,153
11260184001026,11260184001177,151
11260184241622,11260184241815,193
11260184485569,11260184485730,161
11260184730826,11260184730963,137
11260184966268,11260184966413,145
11260185204100,11260185204293,193
11260185449776,11260185449972,196
11260185708287,11260185708468,181
11260185947213,11260185947397,184
11260186187283,11260186187434,151
11260186431617,11260186431815,198
11260186667753,11260186667932,179
11260186911877,11260186912047,170
11260187148065,11260187148240,175
11260187383751,11260187383935,184
11260187619247,11260187619417,170
11260187854761,11260187854946,185
11260188090224,11260188090383,159
11260188326762,11260188326938,176
11260188820977,11260188821160,183
11260189074058,11260189074236,178
11260189311145,11260189311336,191
11260189546365,11260189546528,163
11260189798160,11260189798312,152
11260190033267,11260190033444,177
11260190316954,11260190317116,162
11260190584222,11260190584356,134
11260190836871,11260190837015,144
11260191055718,11260191055840,122
11260191265160,11260191265286,126
11260191474847,11260191474959,112
11260191682960,11260191683087,127
11260191892262,11260191892401,139
11260192098622,11260192098725,103
11260192319164,11260192319284,120
11260192532811,11260192532946,135
11260192759866,11260192759982,116
11260192961966,11260192962077,111
11260193164884,11260193164991,107
11260193368067,11260193368176,109
11260193570823,11260193570930,107
11260193773152,11260193773274,122
11260193974823,11260193974932,109
11260194176543,11260194176651,108
11260194378136,11260194378248,112
11260194578313,11260194578420,107
11260194778934,11260194779039,105
11260194980173,11260194980317,144
11260195214666,11260195214805,139
11260195505259,11260195505413,154
11260195756105,11260195756265,160
11260196002761,11260196002934,173
11260196250574,11260196250747,173
11260196541839,11260196542009,170
11260196838934,11260196839143,209
11260197148491,11260197148748,257
11260197432390,11260197432556,166
11260197701610,11260197701804,194
11260197966750,11260197967016,266
11260198234130,11260198234478,348
11260198507605,11260198507767,162
11260198757691,11260198757838,147
11260199047223,11260199047459,236
11260199303076,11260199303249,173
11260199548270,11260199548399,129
11260199792071,11260199792257,186
11260200030601,11260200030747,146
11260200267997,11260200268179,182
11260200507376,11260200507560,184
11260200751645,11260200751808,163
11260201000571,11260201000731,160
11260201236539,11260201236701,162
11260201471651,11260201471817,166
11260201708128,11260201708294,166
11260201942427,11260201942603,176
11260202173627,11260202173800,173
11260202416030,11260202416212,182
11260202652825,11260202653011,186
11260202886378,11260202886536,158
11260203121234,11260203121366,132
11260203356430,11260203356598,168
11260203590896,11260203591048,152
11260203826001,11260203826121,120
11260204059778,11260204059937,159
11260204294700,11260204294903,203
11260204529443,11260204529634,191
11260204765187,11260204765366,179
11260204998883,11260204999071,188
11260205234135,11260205234319,184
11260205469274,11260205469442,168
11260205719715,11260205719875,160
11260205955811,11260205955998,187
11260206191234,11260206191381,147
11260206424408,11260206424586,178
11260206658051,11260206658240,189
11260206918699,11260206918885,186
11260207179945,11260207180113,168
11260207778951,11260207779138,187
11260208020890,11260208021062,172
11260208255705,11260208255887,182
11260208495984,11260208496159,175
11260208730807,11260208730960,153
11260208981025,11260208981204,179
11260209218270,11260209218447,177
11260209489618,11260209489805,187
11260209720289,11260209720435,146
11260209953210,11260209953359,149
11260210186033,11260210186198,165
11260210417339,11260210417517,178
11260210648122,11260210648306,184
11260210883803,11260210883998,195
11260211114880,11260211115026,146
11260211360893,11260211361067,174
11260211595569,11260211595732,163
11260211840398,11260211840546,148
11260212088534,11260212088690,156
11260212346379,11260212346547,168
11260212652680,11260212652869,189
11260212913149,11260212913329,180
11260213170004,11260213170196,192
11260213428171,11260213428334,163
11260213678069,11260213678227,158
11260213929196,11260213929368,172
11260214180766,11260214180905,139
11260214433088,11260214433274,186
11260214681939,11260214682093,154
11260214935760,11260214935975,215
11260215188279,11260215188424,145
11260215428095,11260215428225,130
11260215682184,11260215682325,141
11260215923742,11260215923832,90
11260216152146,11260216152243,97
11260216372197,11260216372322,125
11260216604093,11260216604214,121
11260216822802,11260216822903,101
11260217048709,11260217048835,126
11260217276788,11260217276924,136
11260217524415,11260217524536,121
11260217742019,11260217742128,109
11260217957097,11260217957278,181
11260218172410,11260218172549,139
11260218381126,11260218381263,137
11260218593329,11260218593460,131
11260218803446,11260218803572,126
11260219039893,11260219040043,150
11260219250769,11260219250906,137
11260219458445,11260219458576,131
11260219664122,11260219664252,130
11260219868517,11260219868629,112
11260220075321,11260220075453,132
11260220281759,11260220281898,139
11260220498977,11260220499109,132
11260220703896,11260220704036,140
11260220907601,11260220907743,142
11260221112835,11260221112976,141
11260221319914,11260221320061,147
11260221523782,11260221523912,130
11260221728856,11260221728985,129
11260221935586,11260221935715,129
11260222142289,11260222142428,139
11260222383264,11260222383421,157
11260222606606,11260222606750,144
11260222813314,11260222813439,125
11260223057138,11260223057263,125
11260223314552,11260223314678,126
11260223616088,11260223616225,137
11260223835572,11260223835701,129
11260224044414,11260224044556,142
11260224249941,11260224250077,136
11260224455766,11260224455902,136
11260224661670,11260224661802,132
11260224867013,11260224867141,128
11260225112387,11260225112562,175
11260225371479,11260225371660,181
11260225749900,11260225750049,149
11260226005644,11260226005737,93
11260226264361,11260226264544,183
11260226588750,11260226588881,131
11260226863394,11260226863545,151
11260227183376,11260227183713,337
11260227486891,11260227487051,160
11260227783151,11260227783420,269
11260228077465,11260228077648,183
11260228367546,11260228367699,153
11260228635221,11260228635398,177
11260228915483,11260228915635,152
11260229196230,11260229196390,160
11260229462251,11260229462395,144
11260229720050,11260229720218,168
11260229966361,11260229966513,152
11260230217121,11260230217287,166
11260230470425,11260230470583,158
11260230732645,11260230732762,117
11260230989115,11260230989275,160
11260231240317,11260231240445,128
11260231486789,11260231486931,142
11260231736201,11260231736358,157
11260231983962,11260231984095,133
11260232246140,11260232246308,168
11260232493365,11260232493514,149
11260232740070,11260232740238,168
11260232987311,11260232987498,187
11260233272196,11260233272375,179
11260233531560,11260233531723,163
11260233779439,11260233779590,151
11260234026826,11260234026965,139
11260234276186,11260234276351,165
11260234532013,11260234532163,150
11260234778536,11260234778704,168
11260235026887,11260235027037,150
11260235279387,11260235279536,149
11260235536108,11260235536274,166
11260235796315,11260235796484,169
11260236072187,11260236072340,153
11260236392898,11260236393048,150
11260236658768,11260236658920,152
11260236920700,11260236920860,160
11260237175211,11260237175361,150
11260237429361,11260237429532,171
11260237675014,11260237675151,137
11260237926413,11260237926555,142
11260238202090,11260238202243,153
11260238472352,11260238472507,155
11260238714616,11260238714761,145
11260238968269,11260238968457,188
11260239221486,11260239221654,168
11260239467905,11260239468058,153
11260239712517,11260239712667,150
11260239956472,11260239956622,150
11260240203108,11260240203242,134
11260240445583,11260240445732,149
11260240689335,11260240689490,155
11260240933145,11260240933314,169
11260241219988,11260241220150,162
11260241492520,11260241492706,186
11260241774382,11260241774542,160
11260242038816,11260242038993,177
11260242358027,11260242358196,169
11260242683872,11260242684026,154
11260242962672,11260242962903,231
11260243239759,11260243239914,155
11260243520486,11260243520628,142
11260243788364,11260243788574,210
11260244063346,11260244063499,153
11260244327800,11260244327956,156
11260244593328,11260244593481,153
11260244857988,11260244858133,145
11260245113161,11260245113319,158
11260245733433,11260245733792,359
11260246056862,11260246057053,191
11260246321080,11260246321205,125
11260246588701,11260246588874,173
11260246826416,11260246826556,140
11260247071239,11260247071388,149
11260247313620,11260247313762,142
11260247571447,11260247571610,163
11260247815877,11260247816022,145
11260248061115,11260248061256,141
11260248303421,11260248303584,163
11260248541691,11260248541853,162
11260248783209,11260248783363,154
11260249052167,11260249052360,193
11260249300683,11260249300841,158
11260249535614,11260249535754,140
11260249771831,11260249772017,186
11260250008036,11260250008197,161
11260250247398,11260250247563,165
11260250483771,11260250483905,134
11260250720378,11260250720545,167
11260250956308,11260250956474,166
11260251193670,11260251193839,169
11260251441394,11260251441547,153
11260251677638,11260251677806,168
11260251917338,11260251917480,142
11260252157507,11260252157664,157
11260252399857,11260252399991,134
11260252635464,11260252635633,169
11260252870457,11260252870603,146
11260253121782,11260253121930,148
11260253431200,11260253431351,151
11260253752203,11260253752348,145
11260254008274,11260254008416,142
11260254248440,11260254248581,141
11260254529848,11260254530001,153
11260254793020,11260254793158,138
11260255047245,11260255047411,166
11260255293746,11260255293863,117
11260255557856,11260255558011,155
11260255837673,11260255837898,225
11260256160635,11260256160781,146
11260256462401,11260256462556,155
11260256740323,11260256740544,221
11260257015969,11260257016128,159
11260257282722,11260257282856,134
11260257550711,11260257550862,151
11260257804971,11260257805108,137
11260258062158,11260258062307,149
11260258317500,11260258317661,161
11260258562898,11260258563047,149
11260258806678,11260258806841,163
11260259052720,11260259052859,139
11260259296488,11260259296646,158
11260259544446,11260259544611,165
11260259789143,11260259789288,145
11260260027307,11260260027436,129
11260260266948,11260260267073,125
11260260521729,11260260521850,121
11260260757471,11260260757614,143
11260260992839,11260260992991,152
11260261226293,11260261226429,136
11260261475355,11260261475516,161
11260261712895,11260261713054,159
11260261949104,11260261949259,155
11260262184116,11260262184270,154
11260262431906,11260262432065,159
11260262666821,11260262666987,166
11260262900741,11260262900888,147
11260263134147,11260263134295,148
11260263369286,11260263369426,140
11260263618722,11260263618893,171
11260263835091,11260263835231,140
11260264044243,11260264044366,123
11260264251270,11260264251419,149
11260264474529,11260264474677,148
11260264682970,11260264683110,140
11260265222046,11260265222156,110
11260265526422,11260265526652,230
11260265769724,11260265769912,188
11260266016431,11260266016590,159
11260266254490,11260266254633,143
11260266499930,11260266500034,104
11260266746465,11260266746962,497
11260266954048,11260266954179,131
11260267160758,11260267160868,110
11260267376866,11260267376997,131
11260267630639,11260267630729,90
11260267894353,11260267894491,138
11260268117868,11260268118014,146
11260268354671,11260268354841,170
11260268577989,11260268578138,149
11260268786242,11260268786380,138
11260269004685,11260269004828,143
11260269213696,11260269213838,142
11260269418516,11260269418650,134
11260269664548,11260269664717,169
11260269877074,11260269877226,152
11260270081452,11260270081589,137
11260270285739,11260270285870,131
11260270488717,11260270488849,132
11260270693704,11260270693839,135
11260270901410,11260270901543,133
11260271266846,11260271267023,177
11260271576906,11260271577072,166
11260271957430,11260271957637,207
11260272339249,11260272339442,193
11260272655063,11260272655214,151
11260272932889,11260272933024,135
11260273186606,11260273186690,84
11260273442993,11260273443121,128
11260273697959,11260273698042,83
11260273961803,11260273961960,157
11260274215635,11260274215774,139
11260274442047,11260274442146,99
11260274678039,11260274678226,187
11260274920871,11260274920971,100
11260275166171,11260275166360,189
11260275396373,11260275396560,187
11260275636705,11260275636862,157
11260275859237,11260275859380,143
11260276079615,11260276079773,158
11260276332467,11260276332624,157
11260276568404,11260276568527,123
11260276782873,11260276782999,126
11260276994658,11260276994762,104
11260277201830,11260277201952,122
11260277407284,11260277407409,125
11260277619213,11260277619342,129
11260277825019,11260277825142,123
11260278031174,11260278031318,144
11260278237046,11260278237170,124
11260278449590,11260278449710,120
11260278676391,11260278676518,127
11260278903070,11260278903219,149
11260279125438,11260279125555,117
11260279341909,11260279342023,114
11260279548876,11260279548998,122
11260279754309,11260279754446,137
11260279971235,11260279971373,138
11260280178467,11260280178600,133
11260280391192,11260280391322,130
11260280596647,11260280596782,135
11260280801313,11260280801434,121
11260281007343,11260281007453,110
11260281212566,11260281212694,128
11260281416260,11260281416409,149
11260281635593,11260281635734,141
11260281845771,11260281845904,133
11260282052675,11260282052810,135
11260282283741,11260282283890,149
11260282585804,11260282585928,124
11260282986186,11260282986363,177
11260283500768,11260283500880,112
11260283714898,11260283715032,134
11260283922033,11260283922172,139
11260284129289,11260284129419,130
11260284345744,11260284345870,126
11260284551541,11260284551673,132
11260284756362,11260284756492,130
11260284961338,11260284961476,138
11260285207165,11260285207293,128
11260285443215,11260285443351,136
11260285657824,11260285657978,154
11260285867898,11260285868042,144
11260286076208,11260286076338,130
11260286282571,11260286282697,126
11260286512148,11260286512271,123
11260286714918,11260286715045,127
11260286917598,11260286917731,133
11260287119052,11260287119182,130
11260287320843,11260287320972,129
11260287530454,11260287530589,135
11260287759419,11260287759542,123
11260287984182,11260287984328,146
11260288190883,11260288191032,149
11260288417902,11260288418054,152
11260288637248,11260288637374,126
11260288859778,11260288859910,132
11260289238381,11260289238662,281
11260289672506,11260289672699,193
11260290057517,11260290057695,178
11260290346162,11260290346333,171
11260290601353,11260290601507,154
11260290841237,11260290841383,146
11260291090621,11260291090700,79
11260291345847,11260291345985,138
11260291591176,11260291591264,88
11260291836225,11260291836358,133
11260292080379,11260292080512,133
11260292331220,11260292331347,127
11260292557609,11260292557718,109
11260292794362,11260292794443,81
11260293037601,11260293037681,80
11260293280949,11260293281062,113
11260293519441,11260293519521,80
11260293741047,11260293741178,131
11260293956964,11260293957104,140
11260294171271,11260294171380,109
11260294393259,11260294393341,82
11260294617848,11260294617994,146
11260294850759,11260294850890,131
11260295068041,11260295068160,119
11260295282202,11260295282287,85
11260295495475,11260295495608,133
11260295728621,11260295728770,149
11260295942495,11260295942649,154
11260296150489,11260296150629,140
11260296359055,11260296359187,132
11260296565206,11260296565318,112
11260296771375,11260296771504,129
11260296977041,11260296977199,158
11260297190881,11260297191037,156
11260297396282,11260297396410,128
11260297602522,11260297602636,114
11260297808871,11260297809010,139
11260298015512,11260298015649,137
11260298220984,11260298221108,124
11260298428007,11260298428125,118
11260298635568,11260298635695,127
11260298842039,11260298842168,129
11260299059005,11260299059135,130
11260299269228,11260299269362,134
11260299480349,11260299480479,130
11260299691826,11260299691955,129
11260299924153,11260299924242,89
11260300176343,11260300176473,130
11260300565239,11260300565496,257
11260300938097,11260300938388,291
11260301586275,11260301586528,253
11260301908661,11260301908831,170
11260302169410,11260302169597,187
11260302469770,11260302469941,171
11260302738989,11260302739243,254
11260302985042,11260302985186,144
11260303210885,11260303211025,140
11260303459761,11260303459869,108
11260303710148,11260303710243,95
11260303950699,11260303950846,147
11260304175327,11260304175471,144
11260304394696,11260304394831,135
11260304607554,11260304607693,139
11260304828771,11260304828909,138
11260305058577,11260305058780,203
11260305305441,11260305305569,128
11260305517607,11260305517744,137
11260305761475,11260305761621,146
11260305983425,11260305983562,137
11260306201044,11260306201167,123
11260306414197,11260306414324,127
11260306622687,11260306622820,133
11260306832610,11260306832725,115
11260307046403,11260307046535,132
11260307257268,11260307257392,124
11260307471576,11260307471699,123
11260307682616,11260307682744,128
11260307889844,11260307889970,126
11260308099937,11260308100067,130
11260308309923,11260308310048,125
11260308521988,11260308522117,129
11260308733000,11260308733130,130
11260308958329,11260308958477,148
11260309338272,11260309338401,129
11260309576203,11260309576323,120
11260309789723,11260309789857,134
11260310000079,11260310000210,131
11260310212062,11260310212188,126
11260310434738,11260310434863,125
11260310643928,11260310644057,129
11260310856101,11260310856230,129
11260311066141,11260311066273,132
11260311275306,11260311275441,135
11260311496665,11260311496802,137
11260311712769,11260311712906,137
11260311947619,11260311947793,174
11260312178396,11260312178535,139
11260312487543,11260312487676,133
11260312779132,11260312779240,108
11260313013388,11260313013526,138
11260313222675,11260313222810,135
11260313433728,11260313433856,128
11260313652169,11260313652312,143
11260313859604,11260313859740,136
11260314065077,11260314065186,109
11260314273188,11260314273323,135
11260314494911,11260314495029,118
11260314711779,11260314711900,121
11260314930331,11260314930453,122
11260315133485,11260315133610,125
11260315363189,11260315363302,113
11260315622782,11260315622927,145
11260315898003,11260315898116,113
11260316161531,11260316161676,145
11260316401622,11260316401731,109
11260316711866,11260316712010,144
11260316995059,11260316995204,145
11260317368302,11260317368546,244
11260317749774,11260317749938,164
11260318136394,11260318136586,192
11260318430816,11260318430915,99
11260318699133,11260318699294,161
11260318986825,11260318986970,145
11260319250408,11260319250740,332
11260319524574,11260319524706,132
11260319775225,11260319775354,129
11260320297249,11260320297330,81
11260320580553,11260320580650,97
11260320818626,11260320818761,135
11260321041953,11260321042084,131
11260321252995,11260321253126,131
11260321470534,11260321470613,79
11260321697585,11260321697673,88
11260321948720,11260321948845,125
11260322188829,11260322188960,131
11260322466124,11260322466298,174
11260322696302,11260322696453,151
11260322914529,11260322914684,155
11260323132589,11260323132750,161
11260323350651,11260323350810,159
11260323566739,11260323566898,159
11260323783773,11260323783917,144
11260324030430,11260324030594,164
11260324320877,11260324321081,204
11260324597821,11260324598042,221
11260324821035,11260324821171,136
11260325030951,11260325031101,150
11260325241402,11260325241561,159
11260325484993,11260325485134,141
11260325714176,11260325714291,115
11260325930936,11260325931057,121
11260326143396,11260326143550,154
11260326352938,11260326353083,145
11260326561997,11260326562115,118
11260326771042,11260326771167,125
11260326981870,11260326981992,122
11260327189892,11260327190026,134
11260327399922,11260327400062,140
11260327621115,11260327621229,114
11260327830245,11260327830360,115
11260328042617,11260328042743,126
11260328330359,11260328330492,133
11260328633308,11260328633409,101
11260328870925,11260328871054,129
11260329108730,11260329108879,149
11260329327972,11260329328104,132
11260329554680,11260329554810,130
11260329770823,11260329770941,118
11260329987395,11260329987501,106
11260330256326,11260330256483,157
11260330523958,11260330524149,191
11260330744757,11260330744888,131
11260330990259,11260330990409,150
11260331203107,11260331203257,150
11260331414361,11260331414481,120
11260331633853,11260331633957,104
11260331858914,11260331859065,151
11260332071533,11260332071653,120
11260332315037,11260332315236,199
11260332528178,11260332528292,114
11260332739454,11260332739576,122
11260332951230,11260332951347,117
11260333162687,11260333162826,139
11260333380783,11260333380927,144
11260333600434,11260333600548,114
11260333814151,11260333814295,144
11260334035742,11260334035850,108
11260334256435,11260334256561,126
11260334497402,11260334497542,140
11260334715889,11260334716021,132
11260334936640,11260334936766,126
11260335198985,11260335199145,160
11260335474311,11260335474473,162
11260335821177,11260335821370,193
11260336137671,11260336137865,194
11260336469684,11260336469879,195
11260336707652,11260336707787,135
11260336986104,11260336986212,108
11260337268034,11260337268167,133
11260337541161,11260337541367,206
11260337803421,11260337803502,81
11260338056738,11260338056854,116
11260338594876,11260338594980,104
11260338912956,11260338913101,145
11260339177462,11260339177610,148
11260339419250,11260339419372,122
11260339654997,11260339655126,129
11260339894607,11260339894791,184
11260340131816,11260340131956,140
11260340363818,11260340363922,104
11260340602081,11260340602228,147
11260340827573,11260340827721,148
11260341048913,11260341049058,145
11260341272897,11260341273074,177
11260341514668,11260341514803,135
11260341750339,11260341750480,141
11260341974634,11260341974787,153
11260342191063,11260342191192,129
11260342440039,11260342440183,144
11260342658267,11260342658405,138
11260342875023,11260342875155,132
11260343098296,11260343098422,126
11260343317551,11260343317679,128
11260343546105,11260343546250,145
11260343768150,11260343768269,119
11260343983865,11260343984003,138
11260344200154,11260344200271,117
11260344414142,11260344414287,145
11260344629277,11260344629406,129
11260344844164,11260344844307,143
11260345057518,11260345057665,147
11260345270674,11260345270817,143
11260345495556,11260345495694,138
11260345727451,11260345727602,151
11260345939422,11260345939596,174
11260346153310,11260346153474,164
11260346378290,11260346378429,139
11260346614970,11260346615129,159
11260346842122,11260346842271,149
11260347088155,11260347088355,200
11260347455198,11260347455375,177
11260347830230,11260347830401,171
11260348169366,11260348169941,575
11260348448161,11260348448342,181
11260348686909,11260348687045,136
11260348931795,11260348931935,140
11260349224708,11260349224909,201
11260349457336,11260349457488,152
11260349671273,11260349671418,145
11260349897008,11260349897233,225
11260350152563,11260350152713,150
11260350417103,11260350417251,148
11260350680385,11260350680475,90
11260350948516,11260350948606,90
11260351205101,11260351205194,93
11260351460327,11260351460530,203
11260351686395,11260351686537,142
11260351927057,11260351927147,90
11260352175377,11260352175516,139
11260352493727,11260352493891,164
11260352720867,11260352720974,107
11260352939865,11260352940017,152
11260353155949,11260353156084,135
11260353377433,11260353377576,143
11260353624325,11260353624466,141
11260353855399,11260353855616,217
11260354064181,11260354064317,136
11260354283479,11260354283558,79
11260354534069,11260354534240,171
11260354753046,11260354753198,152
11260354961125,11260354961267,142
11260355167845,11260355167979,134
11260355390486,11260355390610,124
11260355615857,11260355615982,125
11260355831212,11260355831340,128
11260356044049,11260356044161,112
11260356252058,11260356252213,155
11260356471585,11260356471736,151
11260356969308,11260356969462,154
11260357186641,11260357186797,156
11260357396065,11260357396223,158
11260357607659,11260357607779,120
11260357813267,11260357813380,113
11260358026521,11260358026651,130
11260358232701,11260358232830,129
11260358437633,11260358437775,142
11260358656257,11260358656399,142
11260358861999,11260358862148,149
11260359157668,11260359157853,185
11260359428332,11260359428472,140
11260359704889,11260359705050,161
11260359937084,11260359937251,167
11260360156214,11260360156351,137
11260360376849,11260360376988,139
11260360595283,11260360595429,146
11260360810616,11260360810738,122
11260361025902,11260361026035,133
11260361240402,11260361240548,146
11260361455257,11260361455390,133
11260361705587,11260361705729,142
11260361918890,11260361919031,141
11260362131413,11260362131554,141
11260362395357,11260362395517,160
11260362610923,11260362611065,142
11260362824350,11260362824452,102
11260363037703,11260363037796,93
11260363255037,11260363255136,99
11260363499066,11260363499256,190
11260363771177,11260363771392,215
11260364019634,11260364019765,131
11260364252277,11260364252435,158
11260364536839,11260364536935,96
11260364785888,11260364785974,86
11260365054748,11260365054875,127
11260365315066,11260365315169,103
11260365588316,11260365588539,223
11260365875592,11260365875797,205
11260366163733,11260366163823,90
11260366423454,11260366423601,147
11260366704483,11260366704664,181
11260366965024,11260366965160,136
11260367285446,11260367285678,232
11260367633222,11260367633488,266
11260367878964,11260367879088,124
11260368106009,11260368106147,138
11260368337993,11260368338119,126
11260368575990,11260368576318,328
11260368858505,11260368858594,89
11260369180136,11260369180388,252
11260369537716,11260369537949,233
11260369796255,11260369796428,173
11260370020149,11260370020280,131
11260370238294,11260370238423,129
11260370469984,11260370470120,136
11260370686972,11260370687098,126
11260370903540,11260370903695,155
11260371119609,11260371119725,116
11260371335092,11260371335228,136
11260371550905,11260371551038,133
11260371764273,11260371764405,132
11260371980451,11260371980580,129
11260372194025,11260372194155,130
11260372426307,11260372426466,159
11260372643661,11260372643786,125
11260372858102,11260372858237,135
11260373073125,11260373073240,115
11260373289078,11260373289210,132
11260373519744,11260373519877,133
11260373735096,11260373735202,106
11260373961229,11260373961359,130
11260374242183,11260374242296,113
11260374535508,11260374535618,110
11260374781444,11260374781608,164
11260375001481,11260375001600,119
11260375218122,11260375218248,126
11260375441324,11260375441437,113
11260376019850,11260376020035,185
11260376252662,11260376252837,175
11260376484193,11260376484313,120
11260376722508,11260376722642,134
11260376934015,11260376934138,123
11260377293155,11260377293288,133
11260377564009,11260377564166,157
11260377771387,11260377771527,140
11260377976162,11260377976299,137
11260378181019,11260378181196,177
11260378394283,11260378394421,138
11260378627008,11260378627155,147
11260378845188,11260378845340,152
11260379106549,11260379106680,131
11260379313936,11260379314086,150
11260379534992,11260379535118,126
11260379743231,11260379743367,136
11260379986386,11260379986538,152
11260380253496,11260380253699,203
11260380630395,11260380630662,267
11260380995528,11260380995708,180
11260381307269,11260381307521,252
11260381592871,11260381593156,285
11260381862316,11260381862533,217
11260382143967,11260382144123,156
11260382433056,11260382433215,159
11260382713828,11260382713932,104
11260382971216,11260382971352,136
11260383199548,11260383199683,135
11260383439246,11260383439349,103
11260383681147,11260383681249,102
11260383920606,11260383920750,144
11260384145168,11260384145294,126
11260384364343,11260384364491,148
11260384592417,11260384592523,106
11260384814262,11260384814396,134
11260385045164,11260385045271,107
11260385275052,11260385275208,156
11260385493845,11260385493970,125
11260385743450,11260385743610,160
11260385961990,11260385962106,116
11260386189681,11260386189812,131
11260386401526,11260386401656,130
11260386616894,11260386617010,116
11260386823224,11260386823354,130
11260387030450,11260387030563,113
11260387235981,11260387236125,144
11260387442745,11260387442856,111
11260387649388,11260387649531,143
11260387857365,11260387857489,124
11260388062770,11260388062900,130
11260388269033,11260388269153,120
11260388481156,11260388481283,127
11260388688509,11260388688617,108
11260388909809,11260388909934,125
11260389123331,11260389123461,130
11260389337503,11260389337629,126
11260389548232,11260389548362,130
11260389761261,11260389761389,128
11260389974754,11260389974869,115
11260390184928,11260390185042,114
11260390390095,11260390390223,128
11260390596196,11260390596305,109
11260390802577,11260390802677,100
11260391009210,11260391009327,117
11260391288133,11260391288259,126
11260391520951,11260391521084,133
11260391829084,11260391829176,92
11260392047515,11260392047657,142
11260392285192,11260392285333,141
11260392521074,11260392521224,150
11260392803960,11260392804105,145
11260393052644,11260393052804,160
11260393288833,11260393288966,133
11260393514353,11260393514499,146
11260393734016,11260393734149,133
11260394253144,11260394253327,183
11260394541592,11260394541733,141
11260394788390,11260394788518,128
11260395026034,11260395026147,113
11260395266003,11260395266084,81
11260395515771,11260395515899,128
11260395780019,11260395780122,103
11260396017417,11260396017541,124
11260396231970,11260396232098,128
11260396471086,11260396471213,127
11260396706654,11260396706783,129
11260396981595,11260396981818,223
11260397221350,11260397221491,141
11260397447844,11260397447973,129
11260397666112,11260397666242,130
11260397874581,11260397874718,137
11260398092623,11260398092754,131
11260398322410,11260398322519,109
11260398554121,11260398554248,127
11260398776791,11260398776922,131
11260399011305,11260399011456,151
11260399226082,11260399226200,118
11260399434135,11260399434264,129
11260399640903,11260399641016,113
11260399847024,11260399847161,137
11260400052681,11260400052785,104
11260400257308,11260400257429,121
11260400461202,11260400461333,131
11260400666330,11260400666449,119
11260400869504,11260400869619,115
11260401074101,11260401074236,135
11260401278389,11260401278521,132
11260401491129,11260401491252,123
11260401696643,11260401696774,131
11260401902908,11260401903020,112
11260402107532,11260402107655,123
11260402317633,11260402317754,121
11260402522289,11260402522416,127
11260402725331,11260402725448,117
11260402929713,11260402929844,131
11260403134296,11260403134418,122
11260403338450,11260403338568,118
11260403541367,11260403541497,130
11260403744918,11260403745036,118
11260403949068,11260403949183,115
11260404228770,11260404228898,128
11260404515411,11260404515527,116
11260404755735,11260404755871,136
11260404967696,11260404967832,136
11260405174366,11260405174465,99
11260405389899,11260405390012,113
11260405618814,11260405618985,171
11260405830323,11260405830437,114
11260406037814,11260406037937,123
11260406243922,11260406244052,130
11260406448858,11260406448976,118
11260406676209,11260406676335,126
11260406877686,11260406877805,119
11260407081455,11260407081562,107
11260407290612,11260407290724,112
11260407511390,11260407511536,146
11260407716407,11260407716528,121
11260407918580,11260407918692,112
11260408119919,11260408120037,118
11260408329430,11260408329541,111
11260408531251,11260408531379,128
11260408733481,11260408733613,132
11260408978556,11260408978736,180
11260409315502,11260409315668,166
11260409556814,11260409556944,130
11260409803854,11260409803979,125
11260410024669,11260410024796,127
11260410304290,11260410304501,211
11260410563725,11260410563877,152
11260410847961,11260410848041,80
11260411399899,11260411400128,229
11260411733065,11260411733198,133
11260412007661,11260412007798,137
11260412286604,11260412286814,210
11260412528587,11260412528707,120
11260412768080,11260412768209,129
11260413010732,11260413010942,210
11260413252542,11260413252678,136
11260413485525,11260413485674,149
11260413711389,11260413711497,108
11260413930180,11260413930314,134
11260414149839,11260414149994,155
11260414376340,11260414376492,152
11260414607436,11260414607536,100
11260414837248,11260414837392,144
11260415053559,11260415053713,154
11260415272289,11260415272422,133
11260415499829,11260415500084,255
11260415727618,11260415727762,144
11260415948177,11260415948325,148
11260416165555,11260416165689,134
11260416389750,11260416389908,158
11260416605305,11260416605444,139
11260416819322,11260416819466,144
11260417032504,11260417032644,140
11260417247494,11260417247632,138
11260417482577,11260417482715,138
11260417698820,11260417698962,142
11260417913727,11260417913859,132
11260418130840,11260418130964,124
11260418347238,11260418347358,120
11260418579230,11260418579367,137
11260418794726,11260418794828,102
11260419036955,11260419037094,139
11260419256380,11260419256495,115
11260419485119,11260419485242,123
11260419701684,11260419701815,131
11260419916089,11260419916243,154
11260420130993,11260420131142,149
11260420347023,11260420347175,152
11260420562312,11260420562471,159
11260420853396,11260420853531,135
11260421099898,11260421100037,139
11260421381705,11260421381911,206
11260421611872,11260421612035,163
11260421831519,11260421831656,137
11260422046774,11260422046904,130
11260422275125,11260422275291,166
11260422507324,11260422507462,138
11260422722294,11260422722444,150
11260422938114,11260422938240,126
11260423153628,11260423153750,122
11260423393192,11260423393310,118
11260423606235,11260423606351,116
11260423818170,11260423818304,134
11260424029830,11260424029939,109
11260424239383,11260424239518,135
11260424477271,11260424477385,114
11260424689349,11260424689477,128
11260424900677,11260424900784,107
11260425112641,11260425112767,126
11260425324933,11260425325035,102
11260425551520,11260425551641,121
11260425837096,11260425837238,142
11260426065146,11260426065274,128
11260426320714,11260426320876,162
11260426565852,11260426566030,178
11260426799677,11260426799771,94
11260427070005,11260427070218,213
11260427370681,11260427370842,161
11260427606164,11260427606359,195
11260427873571,11260427873748,177
11260428116601,11260428116723,122
11260428354002,11260428354137,135
11260428604495,11260428604587,92
11260428846553,11260428846706,153
11260429398491,11260429398637,146
11260429672799,11260429672937,138
11260429891430,11260429891522,92
11260430130481,11260430130618,137
11260430366909,11260430366989,80
11260430608165,11260430608289,124
11260430827233,11260430827379,146
11260431045356,11260431045496,140
11260431253308,11260431253421,113
11260431472358,11260431472499,141
11260431694477,11260431694624,147
11260431917442,11260431917526,84
11260432148152,11260432148270,118
11260432385720,11260432385859,139
11260432602093,11260432602221,128
11260432811597,11260432811718,121
11260433018120,11260433018237,117
11260433225700,11260433225821,121
11260433430641,11260433430759,118
11260433635733,11260433635858,125
11260433840363,11260433840501,138
11260434045176,11260434045304,128
11260434249582,11260434249714,132
11260434454481,11260434454593,112
11260434658942,11260434659062,120
11260434862946,11260434863058,112
11260435068930,11260435069073,143
11260435273395,11260435273534,139
11260435478284,11260435478414,130
11260435699441,11260435699574,133
11260435913774,11260435913890,116
11260436122430,11260436122562,132
11260436328863,11260436328995,132
11260436534994,11260436535123,129
11260436738454,11260436738577,123
11260436941615,11260436941729,114
11260437163840,11260437163959,119
11260437372012,11260437372151,139
11260437582521,11260437582637,116
11260437791794,11260437791921,127
11260437999572,11260437999702,130
11260438206670,11260438206810,140
11260438499761,11260438499912,151
11260438814594,11260438814735,141
11260439129510,11260439129652,142
11260439389115,11260439389260,145
11260439625352,11260439625545,193
11260439863914,11260439864062,148
11260440107114,11260440107255,141
11260440340208,11260440340371,163
11260440585186,11260440585334,148
11260440803535,11260440803695,160
11260441021607,11260441021731,124
11260441254693,11260441254860,167
11260441509942,11260441510091,149
11260441757082,11260441757163,81
11260442001422,11260442001611,189
11260442269441,11260442269633,192
11260442536287,11260442536412,125
11260442780741,11260442780882,141
11260443020926,11260443021064,138
11260443246711,11260443246850,139
11260443476937,11260443477240,303
11260443713624,11260443713774,150
11260443954539,11260443954700,161
11260444190667,11260444190811,144
11260444419223,11260444419337,114
11260444654285,11260444654443,158
11260444870893,11260444871029,136
11260445091523,11260445091669,146
11260445371483,11260445371619,136
11260445639995,11260445640167,172
11260445872553,11260445872683,130
11260446089907,11260446090025,118
11260446315311,11260446315452,141
11260446531165,11260446531298,133
11260446748117,11260446748276,159
11260447239875,11260447239997,122
11260447461923,11260447462070,147
11260447678419,11260447678520,101
11260447893393,11260447893543,150
11260448108116,11260448108253,137
11260448331726,11260448331873,147
11260448546522,11260448546641,119
11260448759902,11260448760048,146
11260448989306,11260448989478,172
11260449207989,11260449208117,128
11260449423073,11260449423194,121
11260449637663,11260449637798,135
11260449852747,11260449852887,140
11260450068656,11260450068786,130
11260450288929,11260450289042,113
11260450503725,11260450503851,126
11260450718471,11260450718627,156
11260450933631,11260450933757,126
11260451148700,11260451148818,118
11260451363445,11260451363571,126
11260451577372,11260451577533,161
11260451796782,11260451796929,147
11260452084007,11260452084156,149
11260452401306,11260452401456,150
11260452644235,11260452644399,164
11260452862683,11260452862833,150
11260453078337,11260453078492,155
11260453294264,11260453294409,145
11260453510345,11260453510450,105
11260453725330,11260453725495,165
11260453939919,11260453940064,145
11260454156117,11260454156278,161
11260454380845,11260454380990,145
11260454609883,11260454609999,116
11260454822096,11260454822238,142
11260455033666,11260455033820,154
11260455246257,11260455246413,156
11260455475221,11260455475396,175
11260455703053,11260455703199,146
11260455930991,11260455931135,144
11260456159038,11260456159205,167
11260456415566,11260456415665,99
11260456646239,11260456646389,150
11260456926255,11260456926402,147
11260457174148,11260457174361,213
11260457481318,11260457481436,118
11260457784022,11260457784132,110
11260458051185,11260458051309,124
11260458316134,11260458316341,207
11260458588843,11260458588947,104
11260458851157,11260458851257,100
11260459118129,11260459118292,163
11260459367971,11260459368108,137
11260459607700,11260459607860,160
11260459847108,11260459847228,120
11260460082523,11260460082661,138
11260460309094,11260460309211,117
11260460531920,11260460532056,136
11260460751746,11260460751836,90
11260460976287,11260460976425,138
11260461203842,11260461203977,135
11260461442611,11260461442752,141
11260461666673,11260461666814,141
11260461886015,11260461886155,140
11260462104386,11260462104493,107
11260462347458,11260462347596,138
11260462568682,11260462568814,132
11260462786022,11260462786152,130
11260463002418,11260463002527,109
11260463235396,11260463235541,145
11260463454109,11260463454227,118
11260463670022,11260463670160,138
11260463885797,11260463885907,110
11260464108955,11260464109055,100
11260464336546,11260464336676,130
11260464555068,11260464555168,100
11260464772162,11260464772304,142
11260465274221,11260465274351,130
11260465499586,11260465499706,120
11260465734623,11260465734766,143
11260465965493,11260465965628,135
11260466185011,11260466185102,91
11260466402208,11260466402340,132
11260466617703,11260466617869,166
11260466833244,11260466833396,152
11260467049370,11260467049486,116
11260467264754,11260467264871,117
11260467550490,11260467550636,146
11260467842510,11260467842642,132
11260468079478,11260468079615,137
11260468297836,11260468297936,100
11260468515351,11260468515469,118
11260468732346,11260468732479,133
11260468958276,11260468958445,169
11260469176280,11260469176412,132
11260469392791,11260469392886,95
11260469615529,11260469615679,150
11260469858233,11260469858352,119
11260470072177,11260470072296,119
11260470286878,11260470286998,120
11260470531583,11260470531735,152
11260470785838,11260470785985,147
11260470998252,11260470998363,111
11260471210610,11260471210762,152
11260471423396,11260471423510,114
11260471635773,11260471635909,136
11260471850140,11260471850282,142
11260472066739,11260472066869,130
11260472350596,11260472350770,174
11260472611314,11260472611439,125
11260472846458,11260472846586,128
11260473079261,11260473079342,81
11260473365112,11260473365224,112
11260473619625,11260473619748,123
11260473875320,11260473875460,140
11260474119656,11260474119862,206
11260474361797,11260474361945,148
11260474606150,11260474606352,202
11260474848406,11260474848558,152
11260475092711,11260475092791,80
11260475338533,11260475338663,130
11260475627112,11260475627285,173
11260475874172,11260475874276,104
11260476117245,11260476117348,103
11260476370262,11260476370351,89
11260476613135,11260476613345,210
11260476847036,11260476847163,127
11260477075049,11260477075146,97
11260477298704,11260477298790,86
11260477528646,11260477528747,101
11260477770926,11260477771040,114
11260478003821,11260478003941,120
11260478243316,11260478243461,145
11260478461125,11260478461256,131
11260478677981,11260478678192,211
11260478910016,11260478910174,158
11260479132085,11260479132188,103
11260479349437,11260479349548,111
11260479566989,11260479567127,138
11260479782345,11260479782486,141
11260479998796,11260479998930,134
11260480215427,11260480215564,137
11260480431907,11260480432052,145
11260480647261,11260480647406,145
11260480860981,11260480861111,130
11260481075307,11260481075456,149
11260481289560,11260481289700,140
11260481503827,11260481503974,147
11260481717464,11260481717609,145
11260481931601,11260481931737,136
11260482146450,11260482146592,142
11260482376585,11260482376739,154
11260482593216,11260482593345,129
11260483074232,11260483074342,110
11260483296691,11260483296832,141
11260483517210,11260483517319,109
11260483728817,11260483728912,95
11260483942231,11260483942329,98
11260484156615,11260484156750,135
11260484432443,11260484432579,136
11260484680783,11260484680873,90
11260484944131,11260484944266,135
11260485170114,11260485170253,139
11260485385060,11260485385158,98
11260485631149,11260485631318,169
11260485855347,11260485855452,105
11260486078609,11260486078722,113
11260486300268,11260486300411,143
11260486536339,11260486536468,129
11260486763615,11260486763866,251
11260487040011,11260487040109,98
11260487333034,11260487333133,99
11260487581489,11260487581627,138
11260487842159,11260487842267,108
11260488099337,11260488099486,149
11260488342684,11260488342815,131
11260488583798,11260488583989,191
11260488834506,11260488834633,127
11260489094996,11260489095099,103
11260489342922,11260489343059,137
11260489613762,11260489613889,127
11260489838615,11260489838758,143
11260490069280,11260490069423,143
11260490307231,11260490307346,115
11260490555780,11260490555929,149
11260490791820,11260490792031,211
11260491016459,11260491016601,142
11260491239865,11260491239999,134
11260491457234,11260491457384,150
11260491676014,11260491676165,151
11260491902769,11260491902918,149
11260492144852,11260492144988,136
11260492412077,11260492412205,128
11260492680119,11260492680251,132
11260492915600,11260492915748,148
11260493133263,11260493133378,115
11260493348686,11260493348823,137
11260493565674,11260493565831,157
11260493817393,11260493817576,183
11260494067702,11260494067835,133
11260494380632,11260494380808,176
11260494735007,11260494735198,191
11260494977268,11260494977453,185
11260495197048,11260495197199,151
11260495416603,11260495416712,109
11260495673399,11260495673562,163
11260495893737,11260495893865,128
11260496109901,11260496110030,129
11260496325716,11260496325846,130
11260496539649,11260496539783,134
11260496754568,11260496754671,103
11260496969004,11260496969130,126
11260497183424,11260497183535,111
11260497398401,11260497398509,108
11260497612148,11260497612268,120
11260497825689,11260497825808,119
11260498059920,11260498060049,129
11260498366965,11260498367068,103
11260498663184,11260498663321,137
11260498919841,11260498919964,123
11260499143760,11260499143864,104
11260499360417,11260499360517,100
11260499604545,11260499604705,160
11260499865696,11260499865849,153
11260500086926,11260500087059,133
11260500308897,11260500309015,118
11260500536757,11260500536876,119
11260500778123,11260500778243,120
11260500990725,11260500990850,125
11260501476587,11260501476699,112
11260501696441,11260501696565,124
11260501916368,11260501916482,114
11260502185885,11260502186003,118
11260502523568,11260502523672,104
11260502749214,11260502749339,125
11260502998971,11260502999102,131
11260503265352,11260503265466,114
11260503518701,11260503518869,168
11260503764549,11260503764727,178
11260504024173,11260504024357,184
11260504270960,11260504271058,98
11260504517164,11260504517311,147
11260504759195,11260504759311,116
11260505002061,11260505002161,100
11260505245819,11260505245951,132
11260505504254,11260505504380,126
11260505748463,11260505748628,165
11260506026475,11260506026596,121
11260506302996,11260506303121,125
11260506540376,11260506540503,127
11260506771935,11260506772058,123
11260506994853,11260506994956,103
11260507216303,11260507216428,125
11260507442559,11260507442667,108
11260507666022,11260507666150,128
11260507892273,11260507892431,158
11260508124664,11260508124777,113
11260508348116,11260508348244,128
11260508564642,11260508564759,117
11260508787284,11260508787399,115
11260509014978,11260509015110,132
11260509232941,11260509233051,110
11260509455019,11260509455135,116
11260509670416,11260509670545,129
11260509889112,11260509889219,107
11260510102532,11260510102636,104
11260510333776,11260510333953,177
11260510547795,11260510547940,145
11260510762654,11260510762820,166
11260510975439,11260510975611,172
11260511190601,11260511190750,149
11260511406582,11260511406731,149
11260511636619,11260511636746,127
11260511859041,11260511859150,109
11260512075005,11260512075112,107
11260512302767,11260512302926,159
11260512523073,11260512523195,122
11260512738465,11260512738573,108
11260512953685,11260512953779,94
11260513166881,11260513167002,121
11260513397984,11260513398143,159
11260513612331,11260513612482,151
11260513827214,11260513827371,157
11260514041108,11260514041215,107
11260514255324,11260514255468,144
11260514545396,11260514545541,145
11260514854773,11260514854929,156
11260515090280,11260515090473,193
11260515328600,11260515328741,141
11260515553024,11260515553191,167
11260515777215,11260515777354,139
11260516009399,11260516009538,139
11260516226699,11260516226824,125
11260516453750,11260516453884,134
11260516669941,11260516670088,147
11260516885366,11260516885509,143
11260517141361,11260517141465,104
11260517357387,11260517357496,109
11260517575079,11260517575206,127
11260517805965,11260517806075,110
11260518028982,11260518029108,126
11260518246863,11260518247006,143
11260518501716,11260518501856,140
11260518734591,11260518734758,167
11260519219009,11260519219236,227
11260519448644,11260519448771,127
11260519668345,11260519668454,109
11260519884651,11260519884765,114
11260520124160,11260520124417,257
11260520373292,11260520373451,159
11260520620417,11260520620525,108
11260520860296,11260520860469,173
11260521096352,11260521096523,171
11260521324975,11260521325115,140
11260521552940,11260521553078,138
11260521781029,11260521781171,142
11260522001758,11260522001910,152
11260522316678,11260522316863,185
11260522603374,11260522603581,207
11260522858124,11260522858224,100
11260523080346,11260523080465,119
11260523302601,11260523302711,110
11260523568443,11260523568627,184
11260523886369,11260523886582,213
11260524199565,11260524199748,183
11260524477103,11260524477328,225
11260524756429,11260524756517,88
11260525013323,11260525013425,102
11260525370792,11260525371058,266
11260525784760,11260525785166,406
11260526165359,11260526165632,273
11260526489606,11260526489797,191
11260526775012,11260526775152,140
11260527043646,11260527043738,92
11260527310357,11260527310563,206
11260527560829,11260527560972,143
11260527803151,11260527803292,141
11260528052329,11260528052553,224
11260528302256,11260528302398,142
11260528566221,11260528566319,98
11260528807950,11260528808088,138
11260529061177,11260529061358,181
11260529298811,11260529298940,129
11260529538468,11260529538611,143
11260529777941,11260529778102,161
11260530022095,11260530022198,103
11260530263534,11260530263675,141
11260530511427,11260530511570,143
11260530746624,11260530746762,138
11260530980650,11260530980794,144
11260531213242,11260531213385,143
11260531451862,11260531451991,129
11260531685611,11260531685724,113
11260531919019,11260531919163,144
11260532151244,11260532151380,136
11260532402644,11260532402806,162
11260532651933,11260532652064,131
11260532877071,11260532877223,152
11260533101924,11260533102078,154
11260533321277,11260533321408,131
11260533532466,11260533532567,101
11260533749043,11260533749175,132
11260533965573,11260533965703,130
11260534213663,11260534213758,95
11260534491837,11260534491997,160
11260534748387,11260534748544,157
11260535080170,11260535080363,193
11260535367401,11260535367549,148
11260535656813,11260535656980,167
11260535906504,11260535906637,133
11260536144054,11260536144166,112
11260536403500,11260536403622,122
11260536716633,11260536716960,327
11260536992824,11260536992990,166
11260537234780,11260537234913,133
11260537479266,11260537479420,154
11260537712094,11260537712223,129
11260537944272,11260537944401,129
11260538177419,11260538177558,139
11260538408861,11260538408991,130
11260538651108,11260538651256,148
11260538919031,11260538919230,199
11260539498437,11260539498581,144
11260539827243,11260539827375,132
11260540114293,11260540114389,96
11260540391814,11260540392015,201
11260540647051,11260540647180,129
11260540897641,11260540897781,140
11260541154514,11260541154641,127
11260541405272,11260541405428,156
11260541644734,11260541644865,131
11260541883137,11260541883286,149
11260542120865,11260542120995,130
11260542419139,11260542419388,249
11260542691606,11260542691697,91
11260542929793,11260542929912,119
11260543164659,11260543164781,122
11260543407748,11260543407885,137
11260543640634,11260543640763,129
11260543875313,11260543875425,112
11260544109887,11260544109998,111
11260544357574,11260544357701,127
11260544598235,11260544598370,135
11260544831220,11260544831344,124
11260545063803,11260545063920,117
11260545297086,11260545297224,138
11260545530837,11260545530950,113
11260545797062,11260545797184,122
11260546032478,11260546032595,117
11260546269000,11260546269125,125
11260546503830,11260546503956,126
11260546735842,11260546735992,150
11260546969114,11260546969254,140
11260547202468,11260547202600,132
11260547444162,11260547444281,119
11260547675248,11260547675360,112
11260547934274,11260547934389,115
11260548209380,11260548209519,139
11260548522763,11260548522921,158
11260548772936,11260548773071,135
11260549048179,11260549048338,159
11260549307675,11260549307809,134
11260549561248,11260549561394,146
11260549844126,11260549844298,172
11260550122066,11260550122197,131
11260550371184,11260550371294,110
11260550659562,11260550659677,115
11260550916497,11260550916625,128
11260551196726,11260551196856,130
11260551481577,11260551481707,130
11260551755742,11260551755831,89
11260552023538,11260552023650,112
11260552307824,11260552308070,246
11260552570336,11260552570448,112
11260552814574,11260552814681,107
11260553070040,11260553070144,104
11260553323122,11260553323229,107
11260553572096,11260553572210,114
11260553814559,11260553814676,117
11260554047032,11260554047134,102
11260554285478,11260554285623,145
11260554545099,11260554545225,126
11260554783301,11260554783425,124
11260555007037,11260555007185,148
11260555219866,11260555219948,82
11260555426180,11260555426294,114
11260555659261,11260555659380,119
11260555871085,11260555871196,111
11260556078955,11260556079063,108
11260556284966,11260556285092,126
11260556490445,11260556490577,132
11260556696620,11260556696741,121
11260556901632,11260556901747,115
11260557107542,11260557107656,114
11260557313113,11260557313230,117
11260557519159,11260557519276,117
11260557724428,11260557724542,114
11260557929045,11260557929163,118
11260558409766,11260558409854,88
11260558620602,11260558620770,168
11260558826272,11260558826402,130
11260559045088,11260559045239,151
11260559255956,11260559256087,131
11260559462318,11260559462437,119
11260559739814,11260559739932,118
11260559996884,11260559997029,145
11260560240200,11260560240359,159
11260560458157,11260560458298,141
11260560666328,11260560666467,139
11260560871649,11260560871784,135
11260561076042,11260561076165,123
11260561280513,11260561280659,146
11260561492694,11260561492820,126
11260561705798,11260561705937,139
11260561940403,11260561940522,119
11260562143082,11260562143224,142
11260562483364,11260562483545,181
11260562723304,11260562723454,150
11260562931584,11260562931723,139
11260563135372,11260563135530,158
11260563345092,11260563345255,163
11260563550242,11260563550386,144
11260563752791,11260563752944,153
11260563957976,11260563958126,150
11260564161412,11260564161557,145
11260564370798,11260564370945,147
11260564573466,11260564573610,144
11260564779783,11260564779921,138
11260564987007,11260564987148,141
11260565190917,11260565191061,144
11260565410975,11260565411116,141
11260565621909,11260565622049,140
11260565831657,11260565831795,138
11260566081450,11260566081575,125
11260566380027,11260566380133,106
11260566722663,11260566722866,203
11260566971884,11260566972044,160
11260567263836,11260567263956,120
11260567513803,11260567513882,79
11260567774949,11260567775031,82
11260568040892,11260568041023,131
11260568299396,11260568299493,97
11260568551939,11260568552032,93
11260568806323,11260568806451,128
11260569081121,11260569081268,147
11260569339327,11260569339458,131
11260569586101,11260569586216,115
11260569834896,11260569835024,128
11260570083135,11260570083264,129
11260570325382,11260570325512,130
11260570552527,11260570552666,139
11260570767880,11260570768009,129
11260571007063,11260571007203,140
11260571231930,11260571232012,82
11260571486023,11260571486151,128
11260571704465,11260571704591,126
11260571922503,11260571922695,192
11260572137429,11260572137559,130
11260572360626,11260572360756,130
11260572583122,11260572583300,178
11260572790948,11260572791094,146
11260572996589,11260572996736,147
11260573199151,11260573199294,143
11260573411383,11260573411537,154
11260573616989,11260573617131,142
11260573822493,11260573822624,131
11260574025936,11260574026063,127
11260574290925,11260574291055,130
11260574517537,11260574517689,152
11260574727647,11260574727793,146
11260574934954,11260574935114,160
11260575142879,11260575143042,163
11260575352173,11260575352313,140
11260575847787,11260575847942,155
11260576059934,11260576060081,147
11260576266704,11260576266841,137
11260576472973,11260576473112,139
11260576679241,11260576679371,130
11260576943759,11260576943892,133
11260577164242,11260577164374,132
11260577459745,11260577459943,198
11260577690207,11260577690368,161
11260577901106,11260577901235,129
11260578109784,11260578109916,132
11260578318229,11260578318358,129
11260578531776,11260578531905,129
11260578747665,11260578747795,130
11260578968972,11260578969081,109
11260579182826,11260579182952,126
11260579429737,11260579429862,125
11260579636799,11260579636925,126
11260579842916,11260579843040,124
11260580049254,11260580049388,134
11260580263431,11260580263552,121
11260580466692,11260580466816,124
11260580670351,11260580670474,123
11260580872892,11260580873008,116
11260581075961,11260581076085,124
11260581279271,11260581279397,126
11260581482523,11260581482649,126
11260581685327,11260581685453,126
11260581887440,11260581887568,128
11260582089849,11260582089974,125
11260582298104,11260582298202,98
11260582503691,11260582503832,141
11260582728829,11260582728981,152
11260582958969,11260582959129,160
11260583173747,11260583173894,147
11260583391198,11260583391350,152
11260583613995,11260583614131,136
11260583850393,11260583850563,170
11260584081242,11260584081385,143
11260584383065,11260584383228,163
11260584669568,11260584669717,149
11260584962557,11260584962690,133
11260585223565,11260585223673,108
11260585504455,11260585504651,196
11260585793017,11260585793185,168
11260586044051,11260586044133,82
11260586296601,11260586296744,143
11260586538666,11260586538810,144
11260586762318,11260586762568,250
11260586998737,11260586998827,90
11260587243965,11260587244114,149
11260587478773,11260587478862,89
11260587710584,11260587710815,231
11260587932392,11260587932648,256
11260588148766,11260588148902,136
11260588363643,11260588363785,142
11260588584113,11260588584252,139
11260588806881,11260588807089,208
11260589049289,11260589049429,140
11260589268965,11260589269101,136
11260589489791,11260589489928,137
11260589701925,11260589702059,134
11260589912683,11260589912821,138
11260590134260,11260590134350,90
11260590342237,11260590342374,137
11260590564917,11260590565045,128
11260590776396,11260590776523,127
11260590992596,11260590992734,138
11260591205708,11260591205842,134
11260591442083,11260591442227,144
11260591738687,11260591738857,170
11260592072517,11260592072743,226
11260592368318,11260592368496,178
11260592618659,11260592618807,148
11260592888596,11260592888782,186
11260593151844,11260593152006,162
11260593397838,11260593397976,138
11260593631662,11260593631836,174
11260594150448,11260594150627,179
11260594395165,11260594395310,145
11260594661534,11260594661668,134
11260595121626,11260595121867,241
11260595627715,11260595627917,202
11260595958528,11260595958673,145
11260596215216,11260596215289,73
11260596442028,11260596442173,145
11260596666247,11260596666392,145
11260596890389,11260596890512,123
11260597104985,11260597105120,135
11260597317044,11260597317181,137
11260597558198,11260597558299,101
11260597815399,11260597815564,165
11260598072489,11260598072570,81
11260598334885,11260598335048,163
11260598593286,11260598593434,148
11260598847925,11260598848172,247
11260599124051,11260599124226,175
11260599350835,11260599350994,159
11260599587298,11260599587388,90
11260599828404,11260599828641,237
11260600071741,11260600071840,99
11260600303845,11260600304004,159
11260600524963,11260600525137,174
11260600741848,11260600742013,165
11260600959116,11260600959272,156
11260601181316,11260601181459,143
11260601416278,11260601416417,139
11260601639927,11260601640160,233
11260601851584,11260601851734,150
11260602061340,11260602061472,132
11260602288553,11260602288689,136
11260602512531,11260602512676,145
11260602720160,11260602720280,120
11260602967242,11260602967415,173
11260603189049,11260603189206,157
11260603397282,11260603397409,127
11260603615633,11260603615733,100
11260603821507,11260603821658,151
11260604027113,11260604027260,147
11260604232009,11260604232145,136
11260604458005,11260604458137,132
11260604662829,11260604662968,139
11260604870004,11260604870148,144
11260605077033,11260605077164,131
11260605298547,11260605298682,135
11260605504566,11260605504687,121
11260605730904,11260605731038,134
11260605944827,11260605944960,133
11260606152843,11260606152971,128
11260606359474,11260606359612,138
11260606581057,11260606581195,138
11260606796269,11260606796399,130
11260607058962,11260607059101,139
11260607362894,11260607363056,162
11260607581656,11260607581794,138
11260607801678,11260607801824,146
11260608010722,11260608010851,129
11260608216644,11260608216783,139
11260608447055,11260608447180,125
11260608653291,11260608653424,133
11260608879879,11260608880026,147
11260609102269,11260609102422,153
11260609343116,11260609343238,122
11260609548028,11260609548154,126
11260609752437,11260609752554,117
11260609956370,11260609956487,117
11260610159795,11260610159920,125
11260610362970,11260610363096,126
11260610566691,11260610566824,133
11260610770978,11260610771111,133
11260610974059,11260610974193,134
11260611176961,11260611177087,126
11260611413577,11260611413704,127
11260611618188,11260611618447,259
11260612148251,11260612148420,169
11260612416014,11260612416187,173
11260612674355,11260612674528,173
11260612923571,11260612923750,179
11260613160895,11260613161004,109
11260613406036,11260613406165,129
11260613671922,11260613672069,147
11260613938880,11260613938964,84
11260614192136,11260614192374,238
11260614444837,11260614444922,85
11260614694730,11260614694890,160
11260614988281,11260614988550,269
11260615251008,11260615251251,243
11260615495976,11260615496193,217
11260615762507,11260615762696,189
11260616004488,11260616004628,140
11260616228902,11260616228984,82
11260616447202,11260616447332,130
11260616663759,11260616663867,108
11260616893736,11260616893865,129
11260617126331,11260617126573,242
11260617357461,11260617357595,134
11260617581745,11260617581875,130
11260617796394,11260617796546,152
11260618009482,11260618009617,135
11260618220533,11260618220680,147
11260618434983,11260618435131,148
11260618661560,11260618661708,148
11260618871276,11260618871416,140
11260619100224,11260619100356,132
11260619309259,11260619309389,130
11260619517142,11260619517277,135
11260619726352,11260619726490,138
11260619931785,11260619931921,136
11260620143288,11260620143432,144
11260620360535,11260620360631,96
11260620580520,11260620580662,142
11260620789205,11260620789332,127
11260620994918,11260620995044,126
11260621202829,11260621202956,127
11260621407071,11260621407213,142
11260621611365,11260621611505,140
11260621815323,11260621815462,139
11260622022526,11260622022656,130
11260622237219,11260622237319,100
11260622448160,11260622448290,130
11260622757125,11260622757251,126
11260623033571,11260623033697,126
11260623283381,11260623283517,136
11260623496312,11260623496447,135
11260623711921,11260623712058,137
11260623919666,11260623919801,135
11260624127403,11260624127530,127
11260624336431,11260624336561,130
11260624562968,11260624563096,128
11260624775499,11260624775579,80
11260687317534,11260687318074,540
11260687838107,11260687838474,367
11260688257358,11260688257618,260
11260688588133,11260688588290,157
11260688834077,11260688834205,128
11260689087448,11260689087581,133
11260689328178,11260689328311,133
11260689592854,11260689593072,218
11260689860385,11260689860464,79
11260690185482,11260690185566,84
11260690468542,11260690468669,127
11260690740568,11260690740648,80
11260691001261,11260691001371,110
11260691230421,11260691230561,140
11260691489341,11260691489574,233
11260691736464,11260691736545,81
11260691978999,11260691979082,83
11260692220868,11260692221033,165
11260692467063,11260692467192,129
11260692682781,11260692682984,203
11260692904781,11260692904922,141
11260693149902,11260693149986,84
11260693424366,11260693424456,90
11260693667192,11260693667326,134
11260693952821,11260693953003,182
11260694186938,11260694187091,153
11260694403607,11260694403751,144
11260694625329,11260694625478,149
11260694838467,11260694838613,146
11260695052752,11260695052896,144
11260695282487,11260695282642,155
11260695508597,11260695508744,147
11260695731027,11260695731162,135
11260695946745,11260695946886,141
11260696156416,11260696156538,122
11260696368911,11260696369011,100
11260696581106,11260696581215,109
11260696791628,11260696791767,139
11260697002358,11260697002472,114
11260697215509,11260697215635,126
11260697426399,11260697426544,145
11260697637782,11260697637893,111
11260697845445,11260697845563,118
11260698055467,11260698055589,122
11260698267757,11260698267886,129
11260698478900,11260698479038,138
11260698754317,11260698754417,100
11260699031042,11260699031177,135
11260699276790,11260699276884,94
11260699504336,11260699504463,127
11260699716942,11260699717063,121
11260699935098,11260699935239,141
11260700149250,11260700149370,120
11260700365330,11260700365472,142
11260700573620,11260700573749,129
11260700781258,11260700781389,131
11260700991178,11260700991306,128
11260701226848,11260701226985,137
11260701433377,11260701433502,125
11260701638835,11260701638960,125
11260701845874,11260701846015,141
11260702051304,11260702051428,124
11260702263540,11260702263674,134
11260702477732,11260702477888,156
11260702684917,11260702685043,126
11260702889886,11260702890021,135
11260703094213,11260703094341,128
11260703333890,11260703334038,148
11260703566658,11260703566768,110
11260703840450,11260703840558,108
11260704090815,11260704090915,100
11260704339709,11260704339812,103
11260704606588,11260704606735,147
11260704850794,11260704850881,87
11260705114550,11260705114696,146
11260705393152,11260705393247,95
11260705672585,11260705672729,144
11260705998469,11260705998657,188
11260706300099,11260706300336,237
11260706573993,11260706574132,139
11260706820145,11260706820301,156
11260707061486,11260707061641,155
11260707309306,11260707309437,131
11260707582141,11260707582278,137
11260707820762,11260707820911,149
11260708046190,11260708046326,136
11260708267971,11260708268100,129
11260708509503,11260708509650,147
11260708747723,11260708747812,89
11260709003053,11260709003202,149
11260709220831,11260709220961,130
11260709442177,11260709442322,145
11260709660326,11260709660454,128
11260709877567,11260709877696,129
11260710092412,11260710092540,128
11260710307012,11260710307142,130
11260710534940,11260710535074,134
11260710742006,11260710742139,133
11260710949726,11260710949860,134
11260711159495,11260711159622,127
11260711368693,11260711368822,129
11260711607166,11260711607295,129
11260711819356,11260711819495,139
11260712028779,11260712028888,109
11260712244665,11260712244787,122
11260712464079,11260712464218,139
11260712672189,11260712672322,133
11260712882355,11260712882488,133
11260713092304,11260713092434,130
11260713299964,11260713300115,151
11260713518711,11260713518840,129
11260713727187,11260713727313,126
11260713936573,11260713936704,131
11260714144255,11260714144385,130
11260714352038,11260714352164,126
11260714574226,11260714574354,128
11260714793923,11260714794099,176
11260715023127,11260715023247,120
11260715310947,11260715311084,137
11260715611316,11260715611450,134
11260715852758,11260715852895,137
11260716068053,11260716068191,138
11260716279636,11260716279766,130
11260716495308,11260716495447,139
11260716703917,11260716704052,135
11260716912069,11260716912212,143
11260717120268,11260717120400,132
11260717329429,11260717329510,81
11260717538967,11260717539093,126
11260717747000,11260717747126,126
11260718005574,11260718005693,119
11260718217029,11260718217172,143
11260718449422,11260718449529,107
11260718656249,11260718656358,109
11260718862093,11260718862229,136
11260719078180,11260719078336,156
11260719287879,11260719288014,135
11260719497922,11260719498049,127
11260719706987,11260719707115,128
11260719917945,11260719918072,127
11260720124538,11260720124664,126
11260720361241,11260720361439,198
11260720635569,11260720635716,147
11260720912841,11260720913010,169
11260721178120,11260721178292,172
11260721425550,11260721425712,162
11260721679583,11260721679724,141
11260721917234,11260721917384,150
11260722159208,11260722159289,81
11260722426172,11260722426299,127
11260722678013,11260722678095,82
11260722919797,11260722919926,129
11260723161290,11260723161373,83
11260723403871,11260723404016,145
11260723647197,11260723647320,123
11260723890487,11260723890578,91
11260724167529,11260724167699,170
11260724415236,11260724415367,131
11260724669477,11260724669559,82
11260724912501,11260724912630,129
11260725148671,11260725148807,136
11260725377274,11260725377491,217
11260725620367,11260725620495,128
11260725837681,11260725837834,153
11260726060419,11260726060532,113
11260726289735,11260726289866,131
11260726535881,11260726535984,103
11260726760963,11260726761093,130
11260726974242,11260726974368,126
11260727194711,11260727194840,129
11260727415576,11260727415709,133
11260727631750,11260727631881,131
11260727847980,11260727848106,126
11260728063529,11260728063655,126
11260728275257,11260728275366,109
11260728487147,11260728487278,131
11260728700747,11260728700875,128
11260728923784,11260728923925,141
11260729138064,11260729138200,136
11260729356030,11260729356160,130
11260729572919,11260729573069,150
11260729792755,11260729792874,119
11260730011879,11260730012007,128
11260730226349,11260730226475,126
11260730442985,11260730443112,127
11260730655025,11260730655155,130
11260730869647,11260730869774,127
11260731080122,11260731080260,138
11260731290869,11260731290995,126
11260731510186,11260731510327,141
11260731720874,11260731721003,129
11260731939801,11260731939935,134
11260732154780,11260732154908,128
11260732380624,11260732380754,130
11260732600489,11260732600651,162
11260732886552,11260732886686,134
11260733191826,11260733192003,177
11260733539981,11260733540160,179
11260733814179,11260733814423,244
11260734052283,11260734052455,172
11260734291029,11260734291171,142
11260734524538,11260734524619,81
11260734760263,11260734760343,80
11260734977206,11260734977336,130
11260735190106,11260735190235,129
11260735402682,11260735402807,125
11260735650124,11260735650278,154
11260735890151,11260735890254,103
11260736150768,11260736150957,189
11260736406510,11260736406661,151
11260736658860,11260736658992,132
11260736901812,11260736901952,140
11260737162122,11260737162212,90
11260737417359,11260737417487,128
11260737657970,11260737658099,129
11260737880811,11260737880936,125
11260738113704,11260738113846,142
11260738355862,11260738355999,137
11260738590874,11260738590956,82
11260738820435,11260738820516,81
11260739060228,11260739060368,140
11260739284249,11260739284379,130
11260739505863,11260739505991,128
11260739726363,11260739726474,111
11260739954419,11260739954563,144
11260740185351,11260740185485,134
11260740415407,11260740415534,127
11260740627213,11260740627343,130
11260740846611,11260740846737,126
11260741059829,11260741059957,128
11260741279275,11260741279420,145
11260741493308,11260741493440,132
11260741704728,11260741704868,140
11260741917128,11260741917255,127
11260742127432,11260742127562,130
11260742406477,11260742406646,169
11260742632307,11260742632445,138
11260742844803,11260742844938,135
11260743057243,11260743057373,130
11260743266425,11260743266559,134
11260743476990,11260743477130,140
11260743689342,11260743689475,133
11260743900518,11260743900652,134
11260744111526,11260744111658,132
11260744322186,11260744322322,136
11260744530988,11260744531122,134
11260744740754,11260744740884,130
11260744951969,11260744952101,132
11260745161582,11260745161715,133
11260745371121,11260745371253,132
11260745586848,11260745586987,139
11260745835817,11260745835946,129
11260746099819,11260746099931,112
11260746402344,11260746402493,149
11260746631222,11260746631377,155
11260746849878,11260746850020,142
11260747062222,11260747062366,144
11260747272374,11260747272505,131
11260747486842,11260747486964,122
11260747698683,11260747698810,127
11260747918295,11260747918430,135
11260748158100,11260748158213,113
11260748424423,11260748424567,144
11260748635161,11260748635293,132
11260748842353,11260748842484,131
11260749055080,11260749055200,120
11260749261937,11260749262072,135
11260749467670,11260749467803,133
11260749674647,11260749674780,133
11260749915828,11260749915994,166
11260750149084,11260750149233,149
11260750433808,11260750433958,150
11260750680298,11260750680424,126
11260750912390,11260750912522,132
11260751183963,11260751184118,155
11260751507767,11260751507998,231
11260752011191,11260752011450,259
11260752442458,11260752442786,328
11260752884984,11260752885492,508
11260753287282,11260753287489,207
11260753594665,11260753594808,143
11260753841879,11260753842071,192
11260754095477,11260754095623,146
11260754368215,11260754368474,259
11260754663636,11260754663787,151
11260754949514,11260754949675,161
11260755262053,11260755262228,175
11260755576237,11260755576403,166
11260755855504,11260755855674,170
11260756115910,11260756116049,139
11260756344996,11260756345084,88
11260756569368,11260756569487,119
11260756791417,11260756791536,119
11260757012676,11260757012787,111
11260757233087,11260757233199,112
11260757459752,11260757459874,122
11260757679698,11260757679829,131
11260757898826,11260757898944,118
11260758118985,11260758119112,127
11260758345270,11260758345402,132
11260758564827,11260758564966,139
11260758784645,11260758784772,127
11260759019149,11260759019264,115
11260759243920,11260759244054,134
11260759463948,11260759464083,135
11260759685451,11260759685577,126
11260759905550,11260759905668,118
11260760124611,11260760124740,129
11260760359741,11260760359861,120
11260760579223,11260760579337,114
11260760797494,11260760797616,122
11260761017231,11260761017377,146
11260761236313,11260761236452,139
11260761464175,11260761464303,128
11260761684349,11260761684480,131
11260761903290,11260761903429,139
11260762130345,11260762130476,131
11260762431089,11260762431223,134
11260762735684,11260762735821,137
11260762982047,11260762982211,164
11260763198642,11260763198784,142
11260763410694,11260763410846,152
11260763623031,11260763623163,132
11260763848904,11260763849042,138
11260764060631,11260764060774,143
11260764270675,11260764270813,138
11260764479237,11260764479384,147
11260764699732,11260764699867,135
11260764910008,11260764910142,134
11260765116446,11260765116579,133
11260765329605,11260765329739,134
11260765561064,11260765561210,146
11260765774857,11260765774998,141
11260765984022,11260765984111,89
11260766190125,11260766190259,134
11260766396539,11260766396672,133
11260766624280,11260766624412,132
11260766834048,11260766834181,133
11260767046410,11260767046544,134
11260767275436,11260767275627,191
11260767553834,11260767554058,224
11260767791274,11260767791467,193
11260768019591,11260768019711,120
11260768303626,11260768303767,141
11260768593307,11260768593661,354
11260769047142,11260769047383,241
11260769391389,11260769391492,103
11260769697708,11260769697810,102
11260769959476,11260769959559,83
11260770215460,11260770215559,99
11260770497243,11260770497407,164
11260770784720,11260770784833,113
11260771105554,11260771105903,349
11260771443972,11260771444171,199
11260771735610,11260771735748,138
11260771967957,11260771968105,148
11260772187345,11260772187477,132
11260772425770,11260772425853,83
11260772698535,11260772698723,188
11260772939254,11260772939390,136
11260773166766,11260773166905,139
11260773383229,11260773383367,138
11260773600243,11260773600382,139
11260773816234,11260773816364,130
11260774032568,11260774032690,122
11260774251173,11260774251320,147
11260774470898,11260774471034,136
11260774680439,11260774680549,110
11260774889640,11260774889778,138
11260775100211,11260775100332,121
11260775316095,11260775316228,133
11260775530947,11260775531075,128
11260775768501,11260775768638,137
11260775985660,11260775985788,128
11260776200434,11260776200563,129
11260776416413,11260776416551,138
11260776631460,11260776631606,146
11260776845310,11260776845436,126
11260777057050,11260777057175,125
11260777271280,11260777271408,128
11260777494513,11260777494634,121
11260777704365,11260777704514,149
11260777912853,11260777912992,139
11260778124743,11260778124878,135
11260778336328,11260778336464,136
11260778543819,11260778543949,130
11260778755552,11260778755685,133
11260778978615,11260778978744,129
11260779224641,11260779224757,116
11260779494007,11260779494129,122
11260779797000,11260779797131,131
11260780020813,11260780020958,145
11260780232686,11260780232825,139
11260780443935,11260780444060,125
11260780661781,11260780661871,90
11260780889813,11260780890024,211
11260781177335,11260781177544,209
11260781422489,11260781422683,194
11260781682012,11260781682203,191
11260782000072,11260782000248,176
11260782281937,11260782282105,168
11260782557126,11260782557226,100
11260782824143,11260782824384,241
11260783086993,11260783087226,233
11260783353444,11260783353536,92
11260783614538,11260783614629,91
11260783870778,11260783870926,148
11260784110364,11260784110592,228
11260784364399,11260784364610,211
11260784626085,11260784626259,174
11260784912297,11260784912564,267
11260785152916,11260785153076,160
11260785386400,11260785386507,107
11260785634604,11260785634767,163
11260785873466,11260785873580,114
11260786115567,11260786115716,149
11260786373703,11260786373800,97
11260786597481,11260786597615,134
11260786823996,11260786824137,141
11260787045757,11260787045901,144
11260787266484,11260787266628,144
11260787487702,11260787487841,139
11260787707635,11260787707776,141
11260787927620,11260787927752,132
11260788148339,11260788148480,141
11260788386660,11260788386812,152
11260788607173,11260788607333,160
11260788827969,11260788828112,143
11260789060518,11260789060681,163
11260789287103,11260789287250,147
11260789517394,11260789517530,136
11260789740489,11260789740660,171
11260789963805,11260789963956,151
11260790200694,11260790200865,171
11260790432264,11260790432409,145
11260790654167,11260790654305,138
11260790875652,11260790875798,146
11260791096528,11260791096679,151
11260791317553,11260791317697,144
11260791556750,11260791556898,148
11260791846499,11260791846653,154
11260792155864,11260792156049,185
11260792399539,11260792399701,162
11260792618388,11260792618519,131
11260792830288,11260792830415,127
11260793040613,11260793040744,131
11260793253466,11260793253595,129
11260793471173,11260793471312,139
11260793681568,11260793681710,142
11260793891628,11260793891755,127
11260794126281,11260794126406,125
11260794333169,11260794333298,129
11260794554803,11260794554930,127
11260794760602,11260794760743,141
11260794966656,11260794966784,128
11260795173852,11260795173977,125
11260795386787,11260795386922,135
11260795604900,11260795605038,138
11260795816413,11260795816559,146
11260796025744,11260796025893,149
11260796232622,11260796232760,138
11260796447808,11260796447942,134
11260796654647,11260796654773,126
11260796887474,11260796887648,174
11260797105101,11260797105241,140
11260797317761,11260797317889,128
11260797604872,11260797605044,172
11260797918049,11260797918191,142
11260798178728,11260798178867,139
11260798436340,11260798436463,123
11260798745789,11260798745922,133
11260799030911,11260799031185,274
11260799313226,11260799313371,145
11260799580877,11260799581055,178
11260799843943,11260799844112,169
11260800106640,11260800106823,183
11260800373091,11260800373256,165
11260800641252,11260800641421,169
11260800898410,11260800898587,177
11260801142993,11260801143159,166
11260801401863,11260801402119,256
11260801654649,11260801654832,183
11260801910273,11260801910419,146
11260802173224,11260802173377,153
11260802431059,11260802431218,159
11260802674000,11260802674175,175
11260802917571,11260802917702,131
11260803164666,11260803164846,180
11260803417628,11260803417784,156
11260803661760,11260803661927,167
11260803908030,11260803908180,150
11260804149107,11260804149259,152
11260804400447,11260804400611,164
11260804641566,11260804641710,144
11260804882689,11260804882851,162
11260805123074,11260805123247,173
11260805363031,11260805363194,163
11260805641061,11260805641215,154
11260805882168,11260805882345,177
11260806121851,11260806122012,161
11260806361397,11260806361573,176
11260806612500,11260806612672,172
11260806854266,11260806854423,157
11260807093634,11260807093787,153
11260807333916,11260807334066,150
11260807574413,11260807574594,181
11260807815506,11260807815676,170
11260808055474,11260808055648,174
11260808296044,11260808296208,164
11260808545860,11260808546016,156
11260808785852,11260808786026,174
11260809038259,11260809038413,154
11260809352720,11260809352874,154
11260809701298,11260809701491,193
11260809952161,11260809952322,161
11260810196482,11260810196646,164
11260810438124,11260810438279,155
11260810677265,11260810677400,135
11260810917324,11260810917444,120
11260811155106,11260811155275,169
11260811394413,11260811394566,153
11260811673795,11260811673934,139
11260811907532,11260811907682,150
11260812144373,11260812144530,157
11260812455138,11260812455279,141
11260812691644,11260812691777,133
11260812928260,11260812928384,124
11260813163362,11260813163490,128
11260813398162,11260813398327,165
11260813633719,11260813633886,167
11260813872749,11260813872904,155
11260814107202,11260814107365,163
11260814359500,11260814359670,170
11260814596277,11260814596408,131
11260814840261,11260814840409,148
11260815131817,11260815131985,168
11260815395497,11260815395668,171
11260815725412,11260815725537,125
11260815979544,11260815979703,159
11260816243130,11260816243273,143
11260816516636,11260816516789,153
11260816777344,11260816777483,139
11260817037705,11260817037868,163
11260817299049,11260817299212,163
11260817571739,11260817571896,157
11260817826552,11260817826695,143
11260818073271,11260818073403,132
11260818320795,11260818320938,143
11260818572040,11260818572195,155
11260818821204,11260818821349,145
11260819088287,11260819088419,132
11260819336359,11260819336525,166
11260819580007,11260819580136,129
11260819820098,11260819820249,151
11260820064608,11260820064763,155
11260820308612,11260820308796,184
11260820558900,11260820559039,139
11260820800896,11260820801041,145
11260821042008,11260821042172,164
11260821282936,11260821283084,148
11260821521141,11260821521304,163
11260821758959,11260821759115,156
11260821996537,11260821996693,156
11260822246894,11260822247066,172
11260822488110,11260822488295,185
11260822727311,11260822727472,161
11260822965854,11260822965996,142
11260823204414,11260823204561,147
11260823442589,11260823442751,162
11260823713838,11260823713975,137
11260823954329,11260823954489,160
11260824265315,11260824265472,157
11260824530353,11260824530535,182
11260824773734,11260824773862,128
11260825014566,11260825014698,132
11260825262625,11260825262780,155
11260825501394,11260825501531,137
11260825751308,11260825751445,137
11260825992448,11260825992584,136
11260826232286,11260826232434,148
11260826497314,11260826497469,155
11260826803678,11260826803833,155
11260827108616,11260827108764,148
11260827367401,11260827367551,150
11260827622548,11260827622884,336
11260827879576,11260827879752,176
11260828145839,11260828146008,169
11260828404475,11260828404627,152
11260828660975,11260828661157,182
11260828932885,11260828933019,134
11260829210520,11260829210708,188
11260829506806,11260829506965,159
11260829799503,11260829799658,155
11260830084141,11260830084302,161
11260830348655,11260830348808,153
11260830615005,11260830615131,126
11260830875130,11260830875257,127
11260831121483,11260831121647,164
11260831379831,11260831379992,161
11260831638727,11260831638871,144
11260831891462,11260831891635,173
11260832138316,11260832138475,159
11260832392559,11260832392718,159
11260832643808,11260832643948,140
11260832890234,11260832890388,154
11260833170416,11260833170696,280
11260833427492,11260833427666,174
11260833671456,11260833671611,155
11260833912361,11260833912502,141
11260834152759,11260834152926,167
11260834400736,11260834400884,148
11260834641865,11260834642023,158
11260834880159,11260834880307,148
11260835118006,11260835118138,132
11260835381873,11260835382010,137
11260835634862,11260835634995,133
11260835875867,11260835876016,149
11260836114957,11260836115113,156
11260836379936,11260836380108,172
11260836619078,11260836619293,215
11260836860313,11260836860497,184
11260837099408,11260837099567,159
11260837338352,11260837338543,191
11260837587758,11260837587930,172
11260837828064,11260837828208,144
11260838067382,11260838067557,175
11260838305280,11260838305480,200
11260838624325,11260838624476,151
11260838946822,11260838946971,149
11260839215039,11260839215216,177
11260839461555,11260839461686,131
11260839701624,11260839701763,139
11260839939759,11260839939915,156
11260840178379,11260840178519,140
11260840422711,11260840422894,183
11260840660925,11260840661116,191
11260840906697,11260840906870,173
11260841158880,11260841159032,152
11260841394765,11260841394886,121
11260841658381,11260841658522,141
11260841892327,11260841892479,152
11260842128507,11260842128638,131
11260842442110,11260842442278,168
11260842679383,11260842679530,147
11260842914877,11260842915011,134
11260843150379,11260843150527,148
11260843400436,11260843400588,152
11260843633661,11260843633780,119
11260843870511,11260843870643,132
11260844105606,11260844105763,157
11260844374880,11260844375086,206
11260844657998,11260844658178,180
11260844912984,11260844913168,184
11260845203426,11260845203607,181
11260845477922,11260845478071,149
11260845769975,11260845770099,124
11260846022357,11260846022464,107
11260846269607,11260846269775,168
11260846519234,11260846519319,85
11260846770377,11260846770457,80
11260847025996,11260847026192,196
11260847273086,11260847273219,133
11260847504629,11260847504809,180
11260847727958,11260847728090,132
11260847963055,11260847963138,83
11260848203251,11260848203379,128
11260848440235,11260848440394,159
11260848664102,11260848664240,138
11260848906076,11260848906233,157
11260849131433,11260849131557,124
11260849347429,11260849347556,127
11260849574903,11260849575099,196
11260849801134,11260849801216,82
11260850039280,11260850039415,135
11260850256335,11260850256464,129
11260850475057,11260850475309,252
11260850690490,11260850690627,137
11260850899413,11260850899537,124
11260851108572,11260851108711,139
11260851319021,11260851319149,128
11260851537919,11260851538031,112
11260851752620,11260851752746,126
11260851960858,11260851960982,124
11260852169414,11260852169535,121
11260852454455,11260852454581,126
11260852672171,11260852672319,148
11260852886195,11260852886345,150
11260853102711,11260853102856,145
11260853315619,11260853315757,138
11260853526735,11260853526865,130
11260853739384,11260853739516,132
11260853948867,11260853948989,122
11260854162714,11260854162824,110
11260854381533,11260854381639,106
11260854590551,11260854590670,119
11260854798762,11260854798886,124
11260855006830,11260855006960,130
11260855214684,11260855214819,135
11260855430007,11260855430137,130
11260855658976,11260855659116,140
11260855874628,11260855874761,133
11260856094359,11260856094487,128
11260856368809,11260856368937,128
11260856676782,11260856676913,131
11260856916969,11260856917105,136
11260857133502,11260857133651,149
11260857352209,11260857352351,142
11260857569262,11260857569396,134
11260857782007,11260857782136,129
11260857994497,11260857994636,139
11260858207553,11260858207692,139
11260858429720,11260858429846,126
11260858647708,11260858647834,126
11260858893790,11260858893946,156
11260859112573,11260859112718,145
11260859323851,11260859323973,122
11260859556796,11260859556929,133
11260859764315,11260859764441,126
11260859973864,11260859973989,125
11260860220072,11260860220257,185
11260860518978,11260860519152,174
11260860786774,11260860787033,259
11260861043786,11260861043929,143
11260861346720,11260861346883,163
11260861620784,11260861620971,187
11260861908681,11260861908860,179
11260862180367,11260862180544,177
11260862486537,11260862486751,214
11260862751845,11260862752002,157
11260863012375,11260863012559,184
11260863274375,11260863274533,158
11260863560668,11260863560866,198
11260863821777,11260863821981,204
11260864076958,11260864077194,236
11260864348403,11260864348567,164
11260864597836,11260864597999,163
11260864840327,11260864840496,169
11260865085552,11260865085710,158
11260865326100,11260865326262,162
11260865613768,11260865613961,193
11260865865816,11260865865980,164
11260866115602,11260866115757,155
11260866369283,11260866369436,153
11260866610844,11260866611008,164
11260866851271,11260866851441,170
11260867090981,11260867091145,164
11260867334523,11260867334680,157
11260867575549,11260867575693,144
11260867815364,11260867815502,138
11260868053854,11260868054013,159
11260868291329,11260868291491,162
11260868540481,11260868540641,160
11260868791917,11260868792050,133
11260869077791,11260869077944,153
11260869302980,11260869303154,174
11260869532614,11260869532769,155
11260869756814,11260869756958,144
11260869979763,11260869979945,182
11260870203573,11260870203738,165
11260870425978,11260870426147,169
11260870648394,11260870648548,154
11260870873196,11260870873339,143
11260871134039,11260871134181,142
11260871355690,11260871355846,156
11260871579148,11260871579285,137
11260871882757,11260871882926,169
11260872166108,11260872166268,160
11260872521298,11260872521487,189
11260872770130,11260872770307,177
11260873010853,11260873011012,159
11260873252533,11260873252722,189
11260873492317,11260873492478,161
11260873734483,11260873734635,152
11260873983930,11260873984104,174
11260874230879,11260874231040,161
11260874544934,11260874545089,155
11260874809868,11260874810049,181
11260875067892,11260875068057,165
11260875345527,11260875345707,180
11260875672059,11260875672255,196
11260875940326,11260875940516,190
11260876209379,11260876209546,167
11260876471314,11260876471511,197
11260876727921,11260876728128,207
11260876986527,11260876986714,187
11260877250445,11260877250647,202
11260877506768,11260877506979,211
11260877757716,11260877757896,180
11260878002971,11260878003124,153
11260878254889,11260878255142,253
11260878506629,11260878506794,165
11260878757219,11260878757474,255
11260879014547,11260879014680,133
11260879270701,11260879270890,189
11260879511590,11260879511761,171
11260879752959,11260879753160,201
11260879995548,11260879995728,180
11260880257718,11260880257901,183
11260880500858,11260880501016,158
11260880739005,11260880739217,212
11260880980309,11260880980495,186
11260881218949,11260881219130,181
11260881459566,11260881459717,151
11260881736932,11260881737113,181
11260881981556,11260881981714,158
11260882236824,11260882236972,148
11260882492933,11260882493126,193
11260882733509,11260882733668,159
11260882974093,11260882974244,151
11260883215417,11260883215590,173
11260883455328,11260883455481,153
11260883706403,11260883706549,146
11260883946293,11260883946440,147
11260884185480,11260884185666,186
11260884425682,11260884425841,159
11260884664717,11260884664898,181
11260884904555,11260884904729,174
11260885143469,11260885143642,173
11260885382540,11260885382724,184
11260885637464,11260885637618,154
11260885891441,11260885891599,158
11260886203006,11260886203177,171
11260886536175,11260886536345,170
11260886787641,11260886787817,176
11260887026813,11260887026982,169
11260887265019,11260887265210,191
11260887504925,11260887505107,182
11260887749659,11260887749811,152
11260887991176,11260887991376,200
11260888230911,11260888231120,209
11260888511528,11260888511683,155
11260888747799,11260888747952,153
11260889038974,11260889039116,142
11260889297157,11260889297323,166
11260889552049,11260889552186,137
11260889791326,11260889791526,200
11260890069125,11260890069282,157
11260890356251,11260890356408,157
11260890646048,11260890646237,189
11260890907661,11260890907814,153
11260891160600,11260891160752,152
11260891435779,11260891435937,158
11260891719738,11260891719898,160
11260891975585,11260891975764,179
11260892260117,11260892260280,163
11260892525471,11260892525635,164
11260892783332,11260892783492,160
11260893040715,11260893040863,148
11260893298320,11260893298487,167
11260893553067,11260893553217,150
11260893843423,11260893843595,172
11260894135273,11260894135442,169
11260894400399,11260894400527,128
11260894654492,11260894654633,141
11260894905087,11260894905221,134
11260895149933,11260895150098,165
11260895394996,11260895395138,142
11260895646559,11260895646712,153
11260895892179,11260895892332,153
11260896135682,11260896135875,193
11260896385380,11260896385555,175
11260896632180,11260896632350,170
11260896870812,11260896870951,139
11260897109936,11260897110096,160
11260897358998,11260897359115,117
11260897596659,11260897596810,151
11260897835609,11260897835729,120
11260898074571,11260898074691,120
11260898313172,11260898313329,157
11260898564039,11260898564196,157
11260898801488,11260898801642,154
11260899050597,11260899050748,151
11260899289798,11260899289983,185
11260899529269,11260899529417,148
11260899765883,11260899766164,281
11260900004422,11260900004589,167
11260900256821,11260900256987,166
11260900495129,11260900495278,149
11260900734848,11260900735017,169
11260900974403,11260900974533,130
11260901215801,11260901215931,130
11260901452326,11260901452483,157
11260901691619,11260901691765,146
11260901929660,11260901929828,168
11260902168337,11260902168491,154
11260902435306,11260902435504,198
11260902740229,11260902740392,163
11260903050397,11260903050582,185
11260903337190,11260903337336,146
11260903590948,11260903591068,120
11260903830918,11260903831064,146
11260904076318,11260904076459,141
11260904318348,11260904318519,171
11260904556066,11260904556212,146
11260904795473,11260904795663,190
11260905035671,11260905035840,169
11260905314696,11260905314849,153
11260905561762,11260905561946,184
11260905819097,11260905819315,218
11260906064542,11260906064723,181
11260906302976,11260906303163,187
11260906545521,11260906545663,142
11260906790647,11260906790820,173
11260907031011,11260907031196,185
11260907273129,11260907273325,196
11260907532687,11260907532874,187
11260907771270,11260907771463,193
11260908009023,11260908009211,188
11260908246666,11260908246848,182
11260908483444,11260908483637,193
11260908719605,11260908719741,136
11260909022745,11260909022923,178
11260909285030,11260909285180,150
11260909541621,11260909541749,128
11260909776756,11260909776906,150
11260910014465,11260910014610,145
11260910271433,11260910271646,213
11260910534425,11260910534592,167
11260910795360,11260910795543,183
11260911047301,11260911047474,173
11260911316415,11260911316571,156
11260911558688,11260911558831,143
11260911870920,11260911871107,187
11260912135693,11260912135870,177
11260912396675,11260912396822,147
11260912639431,11260912639556,125
11260912891020,11260912891120,100
11260913141987,11260913142153,166
11260913385100,11260913385179,79
11260913637355,11260913637490,135
11260913886816,11260913886936,120
11260914117981,11260914118080,99
11260914350114,11260914350261,147
11260914586513,11260914586702,189
11260914823685,11260914823767,82
11260915060018,11260915060099,81
11260915287670,11260915287808,138
11260915517650,11260915517782,132
11260915754898,11260915755090,192
11260915971096,11260915971178,82
11260916188467,11260916188590,123
11260916409900,11260916410018,118
11260916644861,11260916645014,153
11260916860716,11260916860875,159
11260917076326,11260917076467,141
11260917287561,11260917287659,98
11260917498216,11260917498340,124
11260917707042,11260917707191,149
11260917916241,11260917916394,153
11260918126065,11260918126215,150
11260918334980,11260918335124,144
11260918558828,11260918558966,138
11260918766983,11260918767122,139
11260918991787,11260918991972,185
11260919206569,11260919206698,129
11260919427606,11260919427746,140
11260919635877,11260919636007,130
11260919846433,11260919846579,146
11260920056465,11260920056605,140
11260920270718,11260920270851,133
11260920521399,11260920521570,171
11260920771716,11260920771854,138
11260921011738,11260921011912,174
11260921251400,11260921251562,162
11260921501850,11260921501992,142
11260921740545,11260921740718,173
11260921978698,11260921978867,169
11260922230193,11260922230362,169
11260922474709,11260922474868,159
11260922723620,11260922723759,139
11260923020511,11260923020671,160
11260923337678,11260923337832,154
11260923594019,11260923594219,200
11260923832371,11260923832532,161
11260924077875,11260924078062,187
11260924318116,11260924318304,188
11260924568783,11260924568956,173
11260924806860,11260924807047,187
11260925044769,11260925044947,178
11260925282129,11260925282282,153
11260925537849,11260925538017,168
11260925807037,11260925807195,158
11260926043553,11260926043703,150
11260926280755,11260926280903,148
11260926536291,11260926536434,143
11260926772712,11260926772870,158
11260927007368,11260927007522,154
11260927254391,11260927254541,150
11260927508769,11260927508920,151
11260927745105,11260927745260,155
11260927982735,11260927982895,160
11260928217458,11260928217611,153
11260928452986,11260928453136,150
11260928688892,11260928689044,152
11260928932957,11260928933128,171
11260929170452,11260929170623,171
11260929407180,11260929407359,179
11260929662068,11260929662218,150
11260929898692,11260929898857,165
11260930156574,11260930156769,195
11260930423787,11260930423954,167
11260930661352,11260930661517,165
11260930898110,11260930898257,147
11260931136745,11260931136882,137
11260931372846,11260931372994,148
11260931635208,11260931635349,141
11260931871334,11260931871477,143
11260932107051,11260932107205,154
11260932350845,11260932351039,194
11260932587254,11260932587403,149
11260932823375,11260932823499,124
11260933059954,11260933060097,143
11260933296320,11260933296451,131
11260933548495,11260933548639,144
11260933784382,11260933784490,108
11260934019671,11260934019831,160
11260934252311,11260934252457,146
11260934486585,11260934486745,160
11260934721568,11260934721723,155
11260934956926,11260934957062,136
11260935192939,11260935193092,153
11260935434880,11260935435028,148
11260935718518,11260935718687,169
11260935964270,11260935964440,170
11260936234258,11260936234383,125
11260936475977,11260936476121,144
11260936714953,11260936715111,158
11260936954262,11260936954419,157
11260937178306,11260937178448,142
11260937396040,11260937396171,131
11260937615978,11260937616096,118
11260937829530,11260937829659,129
11260938041705,11260938041834,129
11260938253921,11260938254036,115
11260938466876,11260938466999,123
11260938677765,11260938677882,117
11260938903116,11260938903269,153
11260939116914,11260939117049,135
11260939327560,11260939327682,122
11260939538383,11260939538518,135
11260939748338,11260939748460,122
11260939957417,11260939957546,129
11260940167115,11260940167240,125
11260940400460,11260940400586,126
11260940612914,11260940613039,125
11260940822723,11260940822864,141
11260941034946,11260941035065,119
11260941244193,11260941244313,120
11260941475066,11260941475184,118
11260941684944,11260941685069,125
11260941895855,11260941895978,123
11260942106631,11260942106769,138
11260942333888,11260942334001,113
11260942548894,11260942549024,130
11260942758676,11260942758802,126
11260942968504,11260942968635,131
11260943181237,11260943181363,126
11260943390281,11260943390408,127
11260943600470,11260943600590,120
11260943809930,11260943810050,120
11260944021887,11260944022007,120
11260944231772,11260944231892,120
11260944462190,11260944462315,125
11260944670062,11260944670184,122
11260944878443,11260944878582,139
11260945088060,11260945088197,137
11260945302196,11260945302322,126
11260945513288,11260945513417,129
11260945731148,11260945731304,156
11260945944507,11260945944637,130
11260946154779,11260946154905,126
11260946374163,11260946374290,127
11260946584190,11260946584320,130
11260946793070,11260946793202,132
11260947001239,11260947001363,124
11260947213187,11260947213315,128
11260947422160,11260947422286,126
11260947632030,11260947632159,129
11260947840840,11260947840968,128
11260948050058,11260948050186,128
11260948264583,11260948264704,121
11260948477773,11260948477902,129
11260948689171,11260948689300,129
11260948913681,11260948913844,163
11260949127835,11260949127961,126
11260949336005,11260949336130,125
11260949543565,11260949543703,138
11260949750190,11260949750320,130
11260949957142,11260949957268,126
11260950163900,11260950164036,136
11260950368956,11260950369078,122
11260950574518,11260950574642,124
11260950783812,11260950783947,135
11260950990414,11260950990540,126
11260951197245,11260951197381,136
11260951403290,11260951403434,144
11260951610843,11260951610953,110
11260951829250,11260951829385,135
11260952037371,11260952037505,134
11260952254458,11260952254594,136
11260952478373,11260952478494,121
11260952689337,11260952689460,123
11260952900032,11260952900151,119
11260953108138,11260953108265,127
11260953317432,11260953317559,127
11260953576622,11260953576785,163
11260953825203,11260953825339,136
11260954063961,11260954064129,168
11260954300393,11260954300559,166
11260954548507,11260954548658,151
11260954784211,11260954784364,153
11260955020789,11260955020923,134
11260955256572,11260955256763,191
11260955490711,11260955490873,162
11260955733958,11260955734114,156
11260955971873,11260955972016,143
11260956208958,11260956209131,173
11260956445329,11260956445512,183
11260956680650,11260956680823,173
11260956916678,11260956916820,142
11260957151975,11260957152122,147
11260957398922,11260957399108,186
11260957635335,11260957635507,172
11260957870459,11260957870637,178
11260958106736,11260958106889,153
11260958342703,11260958342846,143
11260958579153,11260958579285,132
11260958815507,11260958815631,124
11260959059638,11260959059817,179
11260959297692,11260959297847,155
11260959537469,11260959537605,136
11260959774014,11260959774151,137
11260960009044,11260960009183,139
11260960245256,11260960245395,139
11260960479825,11260960479949,124
11260960714772,11260960714899,127
11260960949749,11260960949869,120
11260961185026,11260961185159,133
11260961419703,11260961419825,122
11260961655569,11260961655707,138
11260961891124,11260961891259,135
11260962126790,11260962126934,144
11260962391659,11260962391831,172
11260962629077,11260962629244,167
11260962865760,11260962865889,129
11260963100580,11260963100734,154
11260963367483,11260963367641,158
11260963604743,11260963604909,166
11260963840313,11260963840465,152
11260964074240,11260964074357,117
11260964309880,11260964310001,121
11260964559007,11260964559132,125
11260964793525,11260964793647,122
11260965026465,11260965026606,141
11260965261086,11260965261267,181
11260965505254,11260965505417,163
11260965744005,11260965744176,171
11260965978915,11260965979067,152
11260966211867,11260966212029,162
11260966445130,11260966445279,149
11260966693716,11260966693859,143
11260966926738,11260966926877,139
11260967158762,11260967158909,147
11260967392738,11260967392920,182
11260967627443,11260967627628,185
11260967860611,11260967860757,146
11260968094225,11260968094398,173
11260968326541,11260968326711,170
11260968560328,11260968560482,154
11260968793431,11260968793565,134
11260969035038,11260969035170,132
11260969270469,11260969270609,140
11260969516487,11260969516623,136
11260969752672,11260969752823,151
11260969987763,11260969987974,211
11260970221158,11260970221315,157
11260970468875,11260970469046,171
11260970703253,11260970703398,145
11260970936990,11260970937139,149
11260971170562,11260971170704,142
11260971530349,11260971530512,163
11260971774316,11260971774487,171
11260972009632,11260972009765,133
11260972251550,11260972251725,175
11260972486592,11260972486758,166
11260972720447,11260972720603,156
11260972953269,11260972953417,148
11260973186321,11260973186468,147
11260973420904,11260973421060,156
11260973656301,11260973656456,155
11260973925577,11260973925745,168
11260974165213,11260974165375,162
11260974406394,11260974406541,147
11260974641917,11260974642067,150
11260974877661,11260974877797,136
11260975111941,11260975112064,123
11260975353336,11260975353477,141
11260975599161,11260975599320,159
11260975836485,11260975836632,147
11260976072463,11260976072609,146
11260976307926,11260976308071,145
11260976544803,11260976544944,141
11260976780915,11260976781068,153
11260977017184,11260977017326,142
11260977251975,11260977252110,135
11260977496040,11260977496175,135
11260977729877,11260977730026,149
11260977964884,11260977965046,162
11260978286477,11260978286691,214
11260978579903,11260978580107,204
11260978859019,11260978859194,175
11260979104901,11260979105078,177
11260979334404,11260979334532,128
11260979592183,11260979592320,137
11260979819355,11260979819499,144
11260980048395,11260980048539,144
11260980331381,11260980331596,215
11260980579404,11260980579575,171
11260980847187,11260980847354,167
11260981109378,11260981109565,187
11260981423838,11260981424015,177
11260981694778,11260981694967,189
11260981998474,11260981998711,237
11260982315978,11260982316206,228
11260982626527,11260982626687,160
11260982896271,11260982896507,236
11260983160832,11260983160996,164
11260983422864,11260983423016,152
11260983684531,11260983684685,154
11260983943089,11260983943267,178
11260984199818,11260984200005,187
11260984479572,11260984479749,177
11260984795226,11260984795407,181
11260985085471,11260985085636,165
11260985340327,11260985340499,172
11260985634566,11260985634733,167
11260985881413,11260985881569,156
11260986141041,11260986141297,256
11260986467863,11260986468030,167
11260986813881,11260986814051,170
11260987071805,11260987071970,165
11260987319401,11260987319601,200
11260987570439,11260987570611,172
11260987825773,11260987825982,209
11260988085615,11260988085825,210
11260988364083,11260988364338,255
11260988647682,11260988647875,193
11260988932418,11260988932601,183
11260989185289,11260989185469,180
11260989428936,11260989429119,183
11260989670621,11260989670818,197
11260989910755,11260989910902,147
11260990151036,11260990151244,208
11260990389892,11260990390072,180
11260990640856,11260990641014,158
11260990879585,11260990879731,146
11260991119925,11260991120120,195
11260991361436,11260991361591,155
11260991610934,11260991611112,178
11260991849627,11260991849821,194
11260992105397,11260992105652,255
11260992464763,11260992465166,403
11260992809242,11260992809630,388
11260993132098,11260993132381,283
11260993423640,11260993423877,237
11260993703948,11260993704132,184
11260993959500,11260993959669,169
11260994209881,11260994210029,148
11260994460305,11260994460437,132
11260994705590,11260994705747,157
11260994944852,11260994945015,163
11260995185513,11260995185698,185
11260995456898,11260995457054,156
11260995705319,11260995705459,140
11260995952724,11260995952875,151
11260996210717,11260996210853,136
11260996467723,11260996467855,132
11260996702447,11260996702528,81
11260996942436,11260996942543,107
11260997192383,11260997192512,129
11260997504305,11260997504446,141
11260997817151,11260997817305,154
11260998060833,11260998060979,146
11260998283074,11260998283218,144
11260998499928,11260998500075,147
11260998713370,11260998713522,152
11260998940171,11260998940328,157
11260999155662,11260999155784,122
11260999370089,11260999370215,126
11260999579406,11260999579539,133
11260999789912,11260999790020,108
11261000000004,11261000000135,131
11261000212944,11261000213096,152
11261000423289,11261000423399,110
11261000632601,11261000632737,136
11261000842533,11261000842661,128
11261001053008,11261001053137,129
11261001263574,11261001263681,107
11261001472907,11261001473014,107
11261001682989,11261001683117,128
11261001895064,11261001895210,146
11261002108049,11261002108159,110
11261002350503,11261002350639,136
11261002566586,11261002566676,90
11261002777193,11261002777297,104
11261003103619,11261003103740,121
11261003372419,11261003372587,168
11261003689601,11261003690233,632
11261003936776,11261003936914,138
11261004196913,11261004197106,193
11261004487631,11261004487836,205
11261004745872,11261004746053,181
11261004986768,11261004986950,182
11261005226642,11261005226807,165
11261005465372,11261005465548,176
11261005762741,11261005762926,185
11261006001601,11261006001767,166
11261006237610,11261006237762,152
11261006473473,11261006473620,147
11261006722746,11261006722915,169
11261006957523,11261006957662,139
11261007193832,11261007193976,144
11261007448991,11261007449132,141
11261007684834,11261007684977,143
11261007966733,11261007966908,175
11261008240544,11261008240691,147
11261008477101,11261008477258,157
11261008713833,11261008713989,156
11261009026473,11261009026641,168
11261009301556,11261009301719,163
11261009543784,11261009543922,138
11261009780357,11261009780506,149
11261010015417,11261010015575,158
11261010251327,11261010251482,155
11261010498367,11261010498534,167
11261010734084,11261010734224,140
11261010969057,11261010969203,146
11261011202875,11261011203045,170
11261011448556,11261011448703,147
11261011683901,11261011684045,144
11261011918829,11261011918973,144
11261012153710,11261012153863,153
11261012465896,11261012466070,174
11261012738140,11261012738305,165
11261012972483,11261012972656,173
11261013208953,11261013209114,161
11261013461831,11261013461989,158
11261013698781,11261013698949,168
11261013933752,11261013933913,161
11261014168882,11261014169038,156
11261014414786,11261014414957,171
11261014649313,11261014649476,163
11261014884506,11261014884653,147
11261015119316,11261015119458,142
11261015372593,11261015372731,138
11261015616873,11261015617044,171
11261015854830,11261015854991,161
11261016090968,11261016091142,174
11261016328618,11261016328772,154
11261016563967,11261016564138,171
11261016799676,11261016799816,140
11261017037295,11261017037450,155
11261017271237,11261017271390,153
11261017507216,11261017507358,142
11261017744405,11261017744557,152
11261017980098,11261017980253,155
11261018215702,11261018215864,162
11261018450833,11261018450994,161
11261018685196,11261018685326,130
11261018927551,11261018927703,152
11261019164053,11261019164187,134
11261019414336,11261019414494,158
11261019648707,11261019648876,169
11261019883221,11261019883377,156
11261020119345,11261020119488,143
11261020387516,11261020387701,185
11261020637955,11261020638140,185
11261020874857,11261020875006,149
11261021112092,11261021112253,161
11261021347384,11261021347552,168
11261021599685,11261021599853,168
11261021835319,11261021835458,139
11261022071642,11261022071816,174
11261022318391,11261022318534,143
11261022555798,11261022555956,158
11261022792976,11261022793119,143
11261023029003,11261023029132,129
11261023273749,11261023273881,132
11261023509726,11261023509883,157
11261023745029,11261023745197,168
11261023980950,11261023981106,156
11261024217373,11261024217526,153
11261024472357,11261024472538,181
11261024708210,11261024708356,146
11261024943394,11261024943520,126
11261025179062,11261025179213,151
11261025433607,11261025433774,167
11261025676585,11261025676739,154
11261025912584,11261025912701,117
11261026147605,11261026147789,184
11261026382807,11261026382985,178
11261026618224,11261026618400,176
11261026854381,11261026854582,201
11261027088981,11261027089129,148
11261027326250,11261027326432,182
11261027587761,11261027587920,159
11261027824611,11261027824743,132
11261028061536,11261028061656,120
11261028297730,11261028297890,160
11261028559241,11261028559379,138
11261028793339,11261028793484,145
11261029037077,11261029037224,147
11261029320575,11261029320826,251
11261029617323,11261029617538,215
11261029848372,11261029848565,193
11261030063326,11261030063480,154
11261030274132,11261030274277,145
11261030484224,11261030484375,151
11261030693804,11261030693936,132
11261030918294,11261030918553,259
11261031198266,11261031198440,174
11261031462371,11261031462576,205
11261031691343,11261031691514,171
11261031904114,11261031904256,142
11261032123739,11261032123850,111
11261032438017,11261032438177,160
11261032705259,11261032705450,191
11261032931679,11261032931825,146
11261033145033,11261033145169,136
11261033358520,11261033358675,155
11261033593430,11261033593565,135
11261033807898,11261033807993,95
11261034021079,11261034021171,92
11261034232936,11261034233061,125
11261034452137,11261034452260,123
11261034681395,11261034681523,128
11261034893405,11261034893542,137
11261035105237,11261035105360,123
11261035316021,11261035316149,128
11261035527891,11261035528021,130
11261035800814,11261035800985,171
11261036021984,11261036022130,146
11261036235173,11261036235316,143
11261036446214,11261036446340,126
11261036661936,11261036662055,119
11261036870362,11261036870495,133
11261037080896,11261037081020,124
11261037293627,11261037293759,132
11261037506826,11261037506951,125
11261037719206,11261037719326,120
11261037932546,11261037932656,110
11261038147032,11261038147161,129
11261038358021,11261038358147,126
11261038575657,11261038575772,115
11261038793011,11261038793130,119
11261039016266,11261039016387,121
11261039232848,11261039232979,131
11261039446978,11261039447087,109
11261039665233,11261039665351,118
11261039881727,11261039881846,119
11261040097561,11261040097698,137
11261040310853,11261040310987,134
11261040526529,11261040526655,126
11261040751434,11261040751560,126
11261040967598,11261040967710,112
11261041183747,11261041183872,125
11261041399190,11261041399298,108
11261041620330,11261041620457,127
11261041840038,11261041840119,81
11261042071649,11261042071760,111
11261042328004,11261042328166,162
11261042556895,11261042557029,134
11261042781153,11261042781293,140
11261043002239,11261043002369,130
11261043221654,11261043221769,115
11261043442594,11261043442716,122
11261043662255,11261043662384,129
11261043880568,11261043880710,142
11261044098755,11261044098892,137
11261044318643,11261044318782,139
11261044543201,11261044543312,111
11261044761700,11261044761832,132
11261044980079,11261044980222,143
11261045199113,11261045199252,139
11261045417344,11261045417475,131
11261045646107,11261045646237,130
11261045868315,11261045868458,143
11261046085520,11261046085673,153
11261046302737,11261046302877,140
11261046540028,11261046540168,140
11261046758371,11261046758510,139
11261046975857,11261046975991,134
11261047193349,11261047193466,117
11261047411057,11261047411211,154
11261047627618,11261047627747,129
11261047844149,11261047844291,142
11261048061792,11261048061941,149
11261048280111,11261048280246,135
11261048589178,11261048589296,118
11261048826887,11261048827035,148
11261049051548,11261049051702,154
11261049288701,11261049288883,182
11261049578640,11261049578793,153
11261049799058,11261049799200,142
11261050016408,11261050016531,123
11261050230754,11261050230886,132
11261050448643,11261050448760,117
11261050677985,11261050678096,111
11261050891415,11261050891496,81
11261051105227,11261051105361,134
11261051319212,11261051319335,123
11261051536453,11261051536561,108
11261051742600,11261051742702,102
11261051949957,11261051950093,136
11261052155898,11261052156038,140
11261052377102,11261052377235,133
11261052588930,11261052589096,166
11261052825684,11261052825817,133
11261053032829,11261053032963,134
11261053239450,11261053239575,125
11261053447436,11261053447573,137
11261053655689,11261053655824,135
11261053866278,11261053866416,138
11261054074119,11261054074244,125
11261054282727,11261054282865,138
11261054490485,11261054490574,89
11261054713774,11261054713890,116
11261054920780,11261054920904,124
11261055128864,11261055128989,125
11261055336672,11261055336810,138
11261055560430,11261055560571,141
11261055772280,11261055772416,136
11261055980095,11261055980227,132
11261056188468,11261056188611,143
11261056396534,11261056396665,131
11261056607115,11261056607238,123
11261056814529,11261056814650,121
11261057020882,11261057021017,135
11261057227854,11261057227978,124
11261057433276,11261057433411,135
11261057655594,11261057655730,136
11261057865153,11261057865287,134
11261058071207,11261058071334,127
11261058277583,11261058277719,136
11261058483840,11261058483965,125
11261058691591,11261058691714,123
11261058909433,11261058909566,133
11261059123424,11261059123556,132
11261059332070,11261059332207,137
11261059539376,11261059539516,140
11261059745926,11261059746071,145
11261059953148,11261059953256,108
11261060160033,11261060160157,124
11261060366614,11261060366744,130
11261060573253,11261060573379,126
11261060780425,11261060780550,125
11261060987338,11261060987464,126
11261061193302,11261061193403,101
11261061400200,11261061400326,126
11261061606682,11261061606772,90
11261061812837,11261061812966,129
11261062020935,11261062021060,125
11261062262629,11261062262754,125
11261062508456,11261062508585,129
11261062720893,11261062721026,133
11261062930395,11261062930523,128
11261063145220,11261063145346,126
11261063355717,11261063355844,127
11261063563543,11261063563670,127
11261063770598,11261063770723,125
11261063978884,11261063978999,115
11261064191945,11261064192061,116
11261064402463,11261064402588,125
11261064611046,11261064611171,125
11261064818333,11261064818451,118
11261065029006,11261065029130,124
11261065235509,11261065235635,126
11261065458860,11261065458978,118
11261065675376,11261065675508,132
11261065889936,11261065890061,125
11261066104285,11261066104409,124
11261066314310,11261066314423,113
11261066538482,11261066538606,124
11261066745708,11261066745832,124
11261066951983,11261066952103,120
11261067159534,11261067159667,133
11261067365671,11261067365804,133
11261067588604,11261067588731,127
11261067794917,11261067795044,127
11261068001055,11261068001189,134
11261068207454,11261068207536,82
11261068414024,11261068414153,129
11261068619966,11261068620088,122
11261068827921,11261068828047,126
11261069042178,11261069042316,138
11261069252493,11261069252630,137
11261069459625,11261069459741,116
11261069666530,11261069666655,125
11261069872780,11261069872863,83
11261070079301,11261070079426,125
11261070287462,11261070287586,124
11261070494079,11261070494199,120
11261070700416,11261070700537,121
11261070907847,11261070907972,125
11261071113707,11261071113824,117
11261071319563,11261071319687,124
11261071524547,11261071524680,133
11261071730017,11261071730142,125
11261071936451,11261071936576,125
11261072142890,11261072143023,133
11261072360732,11261072360871,139
11261072572160,11261072572288,128
11261072779923,11261072780049,126
11261072986241,11261072986369,128
11261073193259,11261073193385,126
11261073419585,11261073419720,135
11261073627130,11261073627255,125
11261073832960,11261073833095,135
11261074040295,11261074040421,126
11261074302712,11261074302908,196
11261074549996,11261074550130,134
11261074760157,11261074760277,120
11261074967954,11261074968089,135
11261075178120,11261075178247,127
11261075386220,11261075386346,126
11261075629355,11261075629484,129
11261075843969,11261075844096,127
11261076057947,11261076058082,135
11261076271693,11261076271819,126
11261076502434,11261076502560,126
11261076717106,11261076717241,135
11261076927033,11261076927166,133
11261077137929,11261077138047,118
11261077347583,11261077347726,143
11261077556985,11261077557112,127
11261077769607,11261077769732,125
11261077978909,11261077979033,124
11261078190818,11261078190942,124
11261078402742,11261078402869,127
11261078616785,11261078616908,123
11261078825533,11261078825659,126
11261079043837,11261079043958,121
11261079255944,11261079256073,129
11261079471014,11261079471141,127
11261079679361,11261079679488,127
11261079887544,11261079887663,119
11261080094859,11261080094975,116
11261080302952,11261080303078,126
11261080517667,11261080517786,119
11261080725025,11261080725161,136
11261080933356,11261080933480,124
11261081150325,11261081150451,126
11261081365787,11261081365896,109
11261081572409,11261081572527,118
11261081779324,11261081779453,129
11261081985881,11261081986012,131
11261082194131,11261082194245,114
11261082421767,11261082421892,125
11261082630474,11261082630602,128
11261082840340,11261082840466,126
11261083046885,11261083047019,134
11261083254312,11261083254438,126
11261083461803,11261083461939,136
11261083669810,11261083669936,126
11261083876945,11261083877070,125
11261084084448,11261084084584,136
11261084292094,11261084292222,128
11261084515676,11261084515808,132
11261084722802,11261084722910,108
11261084930152,11261084930281,129
11261085136924,11261085137049,125
11261085356356,11261085356477,121
11261085587908,11261085588077,169
11261085815712,11261085815847,135
11261086023515,11261086023641,126
11261086229340,11261086229470,130
11261086451962,11261086452099,137
11261086658167,11261086658300,133
11261086863678,11261086863803,125
11261087070992,11261087071118,126
11261087280466,11261087280591,125
11261087493549,11261087493675,126
11261087699942,11261087700075,133
11261087905882,11261087906011,129
11261088111366,11261088111490,124
11261088316962,11261088317087,125
11261088529096,11261088529222,126
11261088733743,11261088733874,131
11261088947437,11261088947596,159
11261089157516,11261089157654,138
11261089371391,11261089371520,129
11261089578203,11261089578328,125
11261089786056,11261089786181,125
11261089993002,11261089993122,120
11261090200125,11261090200239,114
11261090429870,11261090429992,122
11261090637608,11261090637713,105
11261090845508,11261090845635,127
11261091054852,11261091054976,124
11261091261624,11261091261751,127
11261091467592,11261091467719,127
11261091674249,11261091674376,127
11261091881235,11261091881359,124
11261092089155,11261092089282,127
11261092305447,11261092305565,118
11261092535821,11261092535946,125
11261092743024,11261092743150,126
11261092948529,11261092948654,125
11261093154193,11261093154322,129
11261093359508,11261093359634,126
11261093575925,11261093576055,130
11261093779640,11261093779769,129
11261093984476,11261093984605,129
11261094190557,11261094190686,129
11261094415851,11261094415983,132
11261094622241,11261094622352,111
11261094826338,11261094826458,120
11261095030654,11261095030779,125
11261095234673,11261095234798,125
11261095453877,11261095453997,120
11261095667726,11261095667841,115
11261095876108,11261095876236,128
11261096082461,11261096082588,127
11261096288099,11261096288224,125
11261096493638,11261096493770,132
11261096698293,11261096698420,127
11261096903448,11261096903574,126
11261097108183,11261097108308,125
11261097313284,11261097313412,128
11261097518854,11261097518980,126
11261097729153,11261097729267,114
11261097935334,11261097935459,125
11261098141125,11261098141254,129
11261098345353,11261098345487,134
11261098551064,11261098551193,129
11261098757091,11261098757217,126
11261098971829,11261098971955,126
11261099179602,11261099179734,132
11261099385893,11261099386020,127
11261099592106,11261099592234,128
11261099798110,11261099798234,124
11261100003981,11261100004106,125
11261100208764,11261100208882,118
11261100415649,11261100415769,120
11261100620954,11261100621073,119
11261100826978,11261100827087,109
11261101032583,11261101032701,118
11261101237563,11261101237693,130
11261101462966,11261101463049,83
11261101670432,11261101670556,124
11261101877303,11261101877428,125
11261102083954,11261102084079,125
11261102299696,11261102299822,126
11261102525535,11261102525673,138
11261102731825,11261102731967,142
11261102937549,11261102937692,143
11261103143501,11261103143634,133
11261103349091,11261103349228,137
11261103562766,11261103562903,137
11261103797953,11261103798076,123
11261104007760,11261104007895,135
11261104212450,11261104212585,135
11261104456512,11261104456642,130
11261104662933,11261104663069,136
11261104872623,11261104872757,134
11261105081072,11261105081205,133
11261105290108,11261105290239,131
11261105516090,11261105516209,119
11261105731723,11261105731852,129
11261105941251,11261105941387,136
11261106145956,11261106146099,143
11261106351740,11261106351858,118
11261106563944,11261106564054,110
11261106768856,11261106768992,136
11261106973953,11261106974034,81
11261107179616,11261107179736,120
11261107409767,11261107409893,126
11261107613476,11261107613605,129
11261107819717,11261107819846,129
11261108024643,11261108024770,127
11261108232765,11261108232902,137
11261108454458,11261108454584,126
11261108659731,11261108659860,129
11261108865352,11261108865486,134
11261109082088,11261109082235,147
11261109287863,11261109287984,121
11261109507554,11261109507670,116
11261109714163,11261109714271,108
11261109918058,11261109918164,106
11261110124018,11261110124136,118
11261110352497,11261110352613,116
11261110558818,11261110558942,124
11261110764491,11261110764614,123
11261110967934,11261110968091,157
11261111172748,11261111172854,106
11261111378519,11261111378638,119
11261111602638,11261111602760,122
11261111808681,11261111808801,120
11261112015111,11261112015232,121
11261112228540,11261112228675,135
11261112455307,11261112455442,135
11261112661373,11261112661490,117
11261112866436,11261112866532,96
11261113072387,11261113072505,118
11261113278219,11261113278337,118
11261113502227,11261113502344,117
11261113707164,11261113707281,117
11261113912570,11261113912689,119
11261114117608,11261114117726,118
11261114323622,11261114323740,118
11261114528076,11261114528202,126
11261114732675,11261114732800,125
11261114936256,11261114936366,110
11261115140104,11261115140225,121
11261115344271,11261115344391,120
11261115558336,11261115558447,111
11261115768762,11261115768870,108
11261115975521,11261115975641,120
11261116181078,11261116181199,121
11261116385846,11261116385966,120
11261116607618,11261116607736,118
11261116812642,11261116812762,120
11261117018988,11261117019112,124
11261117223685,11261117223812,127
11261117443962,11261117444085,123
11261117649411,11261117649555,144
11261117854809,11261117854934,125
11261118057707,11261118057832,125
11261118263069,11261118263195,126
11261118494121,11261118494247,126
11261118703345,11261118703469,124
11261118919681,11261118919818,137
11261119127092,11261119127224,132
11261119337247,11261119337376,129
11261119569196,11261119569302,106
11261119773705,11261119773813,108
11261119977797,11261119977906,109
11261120183603,11261120183709,106
11261120388572,11261120388717,145
11261120609374,11261120609506,132
11261120813665,11261120813793,128
11261121017940,11261121018047,107
11261121223342,11261121223461,119
11261121428553,11261121428671,118
11261121633313,11261121633436,123
11261121838775,11261121838893,118
11261122042872,11261122042991,119
11261122255250,11261122255377,127
11261122463398,11261122463515,117
11261122668093,11261122668211,118
11261122873652,11261122873766,114
11261123079102,11261123079223,121
11261123284817,11261123284941,124
11261123515432,11261123515550,118
11261123719220,11261123719338,118
11261123923556,11261123923687,131
11261124127137,11261124127256,119
11261124331043,11261124331159,116
11261124534943,11261124535070,127
11261124738875,11261124739003,128
11261124942078,11261124942192,114
11261125146130,11261125146231,101
11261125349918,11261125350045,127
11261125563636,11261125563762,126
11261125772837,11261125772978,141
11261125978822,11261125978949,127
11261126183941,11261126184067,126
11261126388737,11261126388859,122
11261126594626,11261126594747,121
11261126798982,11261126799102,120
11261127004129,11261127004252,123
11261127210327,11261127210435,108
11261127423133,11261127423240,107
11261127683749,11261127683867,118
11261127891025,11261127891149,124
11261128096181,11261128096306,125
11261128301857,11261128301980,123
11261128506885,11261128506994,109
11261128713567,11261128713696,129
11261128928210,11261128928345,135
11261129142077,11261129142189,112
11261129349419,11261129349544,125
11261129574365,11261129574490,125
11261129779919,11261129780029,110
11261129986008,11261129986115,107
11261130191330,11261130191439,109
11261130395772,11261130395889,117
11261130601026,11261130601144,118
11261130805366,11261130805486,120
11261131010980,11261131011101,121
11261131216250,11261131216366,116
11261131421139,11261131421259,120
11261131625918,11261131626039,121
11261131830481,11261131830601,120
11261132034621,11261132034741,120
11261132274917,11261132275040,123
11261132483121,11261132483244,123
11261132689960,11261132690079,119
11261132895468,11261132895577,109
11261133101637,11261133101754,117
11261133308551,11261133308675,124
11261133518041,11261133518172,131
11261133725480,11261133725601,121
11261133931533,11261133931655,122
11261134138333,11261134138453,120
11261134360704,11261134360826,122
11261134568333,11261134568450,117
11261134777459,11261134777580,121
11261134989897,11261134990015,118
11261135201244,11261135201364,120
11261135410497,11261135410623,126
11261135622322,11261135622461,139
11261135831329,11261135831457,128
11261136039919,11261136040044,125
11261136251354,11261136251479,125
11261136473942,11261136474072,130
11261136683494,11261136683620,126
11261136893733,11261136893854,121
11261137103776,11261137103894,118
11261137311339,11261137311466,127
11261137519205,11261137519330,125
11261137728356,11261137728482,126
11261137937055,11261137937172,117
11261138145341,11261138145464,123
11261138355226,11261138355347,121
11261138563039,11261138563167,128
11261138770898,11261138771023,125
11261138983578,11261138983721,143
11261139196221,11261139196327,106
11261139415818,11261139415934,116
11261139628065,11261139628188,123
11261139837245,11261139837366,121
11261140048347,11261140048467,120
11261140257910,11261140258036,126
11261140480754,11261140480878,124
11261140688090,11261140688207,117
11261140896517,11261140896651,134
11261141106183,11261141106309,126
11261141336376,11261141336487,111
11261141545403,11261141545526,123
11261141758971,11261141759098,127
11261141970910,11261141971034,124
11261142180093,11261142180198,105
11261142393022,11261142393150,128
11261142602018,11261142602126,108
11261142810673,11261142810794,121
11261143021248,11261143021366,118
11261143230919,11261143231026,107
11261143440111,11261143440232,121
11261143647755,11261143647892,137
11261143855125,11261143855264,139
11261144062462,11261144062595,133
11261144270614,11261144270743,129
11261144479707,11261144479845,138
11261144688371,11261144688499,128
11261144895958,11261144896092,134
11261145105135,11261145105272,137
11261145324263,11261145324395,132
11261145531914,11261145532033,119
11261145749144,11261145749264,120
11261145955607,11261145955723,116
11261146163218,11261146163341,123
11261146389229,11261146389358,129
11261146599888,11261146600015,127
11261146807388,11261146807506,118
11261147018577,11261147018700,123
11261147228247,11261147228357,110
11261147445652,11261147445770,118
11261147655474,11261147655593,119
11261147863550,11261147863659,109
11261148072430,11261148072551,121
11261148280258,11261148280378,120
11261148489418,11261148489542,124
11261148695266,11261148695393,127
11261148910101,11261148910255,154
11261149119913,11261149120049,136
11261149346247,11261149346375,128
11261149553871,11261149554000,129
11261149761379,11261149761516,137
11261149970990,11261149971102,112
11261150180134,11261150180242,108
11261150388247,11261150388359,112
11261150605373,11261150605485,112
11261150821921,11261150822040,119
11261151032159,11261151032278,119
11261151242526,11261151242652,126
11261151452942,11261151453061,119
11261151661234,11261151661355,121
11261151874292,11261151874413,121
11261152083934,11261152084053,119
11261152298493,11261152298624,131
11261152507980,11261152508103,123
11261152716677,11261152716795,118
11261152928728,11261152928848,120
11261153143872,11261153143992,120
11261153380697,11261153380820,123
11261153587112,11261153587231,119
11261153792378,11261153792498,120
11261153997006,11261153997122,116
11261154201670,11261154201792,122
11261154436586,11261154436705,119
11261154642590,11261154642717,127
11261154847464,11261154847589,125
11261155053880,11261155053996,116
11261155260325,11261155260449,124
11261155466663,11261155466799,136
11261155676563,11261155676715,152
11261155884021,11261155884133,112
11261156090100,11261156090220,120
11261156295529,11261156295656,127
11261156501481,11261156501591,110
11261156707645,11261156707752,107
11261156912914,11261156913034,120
11261157118625,11261157118734,109
11261157344843,11261157344964,121
11261157551272,11261157551404,132
11261157757552,11261157757672,120
11261157962979,11261157963103,124
11261158168382,11261158168505,123
11261158394718,11261158394835,117
11261158600036,11261158600155,119
11261158805064,11261158805186,122
11261159017716,11261159017841,125
11261159223521,11261159223647,126
11261159428311,11261159428447,136
11261159634329,11261159634447,118
11261159839625,11261159839740,115
11261160045927,11261160046048,121
11261160252682,11261160252802,120
11261160458868,11261160458989,121
11261160667478,11261160667600,122
11261160872336,11261160872468,132
11261161078323,11261161078452,129
11261161284070,11261161284198,128
11261161506122,11261161506249,127
11261161712421,11261161712546,125
11261161918973,11261161919090,117
11261162124245,11261162124364,119
11261162335156,11261162335304,148
11261162543321,11261162543456,135
11261162749913,11261162750020,107
11261162956572,11261162956692,120
11261163162979,11261163163100,121
11261163369735,11261163369862,127
11261163604397,11261163604533,136
11261163812395,11261163812529,134
11261164018388,11261164018512,124
11261164223760,11261164223886,126
11261164439388,11261164439508,120
11261164642922,11261164643049,127
11261164847003,11261164847110,107
11261165051295,11261165051434,139
11261165255519,11261165255645,126
11261165484023,11261165484149,126
11261165695010,11261165695145,135
11261165970215,11261165970374,159
11261166222492,11261166222625,133
11261166463626,11261166463764,138
11261166674946,11261166675070,124
11261166884454,11261166884589,135
11261167093425,11261167093550,125
11261167302539,11261167302671,132
11261167510045,11261167510176,131
11261167718136,11261167718277,141
11261167928070,11261167928210,140
11261168142207,11261168142340,133
11261168349236,11261168349358,122
11261168555598,11261168555729,131
11261168761644,11261168761767,123
11261168973464,11261168973590,126
11261169180474,11261169180604,130
11261169388558,11261169388640,82
11261169594992,11261169595113,121
11261169801196,11261169801312,116
11261170007989,11261170008112,123
11261170214223,11261170214353,130
11261170419798,11261170419923,125
11261170626341,11261170626466,125
11261170832786,11261170832908,122
11261171038921,11261171039046,125
11261171248942,11261171249064,122
11261171476488,11261171476618,130
11261171682174,11261171682258,84
11261171886439,11261171886562,123
11261172093818,11261172093941,123
11261172306217,11261172306357,140
11261172514661,11261172514777,116
11261172720382,11261172720506,124
11261172926511,11261172926636,125
11261173134111,11261173134236,125
11261173341941,11261173342062,121
11261173566099,11261173566231,132
11261173774540,11261173774661,121
11261173983244,11261173983373,129
11261174202271,11261174202400,129
11261174410767,11261174410896,129
11261174620432,11261174620560,128
11261174829688,11261174829819,131
11261175038008,11261175038141,133
11261175244417,11261175244545,128
11261175461027,11261175461159,132
11261175676548,11261175676685,137
11261175886572,11261175886696,124
11261176100048,11261176100176,128
11261176308351,11261176308479,128
11261176513518,11261176513644,126
11261176718989,11261176719117,128
11261176922830,11261176922960,130
11261177127801,11261177127931,130
11261177332483,11261177332613,130
11261177538328,11261177538456,128
11261177742842,11261177742967,125
11261177947411,11261177947540,129
11261178152866,11261178152995,129
11261178357900,11261178358027,127
11261178561883,11261178562006,123
11261178767664,11261178767770,106
11261178978246,11261178978357,111
11261179189135,11261179189260,125
11261179395732,11261179395851,119
11261179599787,11261179599905,118
11261179805540,11261179805661,121
11261180011606,11261180011727,121
11261180217711,11261180217831,120
11261180422353,11261180422474,121
11261180630819,11261180630938,119
11261180873968,11261180874115,147
11261181094913,11261181095053,140
11261181318756,11261181318874,118
11261181528624,11261181528749,125
11261181744520,11261181744648,128
11261182038689,11261182038855,166
11261182274552,11261182274722,170
11261182488270,11261182488431,161
11261182699435,11261182699572,137
11261182908893,11261182909027,134
11261183148046,11261183148214,168
11261183392832,11261183392970,138
11261183610607,11261183610727,120
11261183842026,11261183842109,83
11261184058543,11261184058685,142
11261184271395,11261184271526,131
11261184518006,11261184518168,162
11261184748448,11261184748591,143
11261184968821,11261184968964,143
11261185194308,11261185194441,133
11261185527847,11261185528050,203
11261185935294,11261185935496,202
11261186250922,11261186251133,211
11261186536672,11261186536856,184
11261186792329,11261186792503,174
11261187207523,11261187207711,188
11261187603727,11261187604099,372
11261188098324,11261188098776,452
11261188496489,11261188496854,365
11261188857667,11261188858074,407
11261189234943,11261189235112,169
11261189574525,11261189575049,524
11261189972454,11261189972832,378
11261190326343,11261190326759,416
11261190711953,11261190712355,402
11261191100123,11261191100386,263
11261191406731,11261191406889,158
11261191655034,11261191655218,184
11261191896225,11261191896397,172
11261192138222,11261192138403,181
11261192416408,11261192416618,210
11261192659977,11261192660181,204
11261192901216,11261192901409,193
11261193142505,11261193142687,182
11261193382009,11261193382185,176
11261193619809,11261193619968,159
11261193859825,11261193859994,169
11261194098793,11261194098988,195
11261194348026,11261194348219,193
11261194586055,11261194586218,163
11261194826287,11261194826472,185
11261195064276,11261195064467,191
11261195303406,11261195303575,169
11261195561963,11261195562141,178
11261195810354,11261195810548,194
11261196049787,11261196049971,184
11261196289905,11261196290066,161
11261196529553,11261196529742,189
11261196770933,11261196771137,204
11261197038914,11261197039094,180
11261197346714,11261197346853,139
11261197599471,11261197599628,157
11261197843871,11261197844018,147
11261198083474,11261198083659,185
11261198324209,11261198324394,185
11261198563995,11261198564190,195
11261198802340,11261198802540,200
11261199071029,11261199071214,185
11261199309854,11261199310027,173
11261199555573,11261199555756,183
11261199823855,11261199824026,171
11261200096305,11261200096501,196
11261200367208,11261200367432,224
11261200639953,11261200640184,231
11261200908353,11261200908500,147
11261201170346,11261201170521,175
11261201423772,11261201423956,184
11261201682313,11261201682510,197
11261201939763,11261201939966,203
11261202196574,11261202196762,188
11261202465510,11261202465703,193
11261202714476,11261202714665,189
11261202997784,11261202997952,168
11261203261803,11261203261984,181
11261203518652,11261203518831,179
11261203761152,11261203761323,171
11261204002516,11261204002700,184
11261204241654,11261204241848,194
11261204484383,11261204484530,147
11261204731239,11261204731414,175
11261204972222,11261204972375,153
11261205211225,11261205211371,146
11261205448753,11261205448929,176
11261205699664,11261205699880,216
11261205939696,11261205939877,181
11261206179414,11261206179592,178
11261206417913,11261206418088,175
11261206659831,11261206660003,172
11261206898537,11261206898714,177
11261207138640,11261207138793,153
11261207377185,11261207377363,178
11261207617633,11261207617801,168
11261207858171,11261207858318,147
11261208098273,11261208098431,158
11261208342201,11261208342360,159
11261208581471,11261208581655,184
11261208891254,11261208891412,158
11261209203731,11261209203916,185
11261209479825,11261209480026,201
11261209723274,11261209723461,187
11261209965688,11261209965865,177
11261210216368,11261210216536,168
11261210470115,11261210470305,190
11261210715087,11261210715291,204
11261210957273,11261210957438,165
11261211233247,11261211233407,160
11261211491732,11261211491873,141
11261211728029,11261211728199,170
11261211963380,11261211963537,157
11261212200495,11261212200679,184
11261212526257,11261212526468,211
11261212762488,11261212762635,147
11261212997512,11261212997662,150
11261213240083,11261213240250,167
11261213475546,11261213475679,133
11261213711618,11261213711783,165
11261213945251,11261213945443,192
11261214180016,11261214180182,166
11261214440894,11261214441095,201
11261214676002,11261214676173,171
11261214915610,11261214915823,213
11261215153722,11261215153898,176
11261215368150,11261215368276,126
11261215622571,11261215622698,127
11261215848692,11261215848843,151
11261216092425,11261216092548,123
11261216301978,11261216302104,126
11261216512222,11261216512344,122
11261216721324,11261216721447,123
11261216929617,11261216929761,144
11261217137351,11261217137471,120
11261217345606,11261217345732,126
11261217554911,11261217555040,129
11261217761901,11261217762025,124
11261217968855,11261217968979,124
11261218175011,11261218175138,127
11261218382119,11261218382246,127
11261218589438,11261218589565,127
11261218796113,11261218796238,125
11261219010962,11261219011092,130
11261219220981,11261219221109,128
11261219449141,11261219449257,116
11261219656351,11261219656463,112
11261219863498,11261219863626,128
11261220078139,11261220078265,126
11261220312881,11261220313021,140
11261220526077,11261220526207,130
11261220733344,11261220733493,149
11261220973921,11261220974081,160
11261221224959,11261221225104,145
11261221463614,11261221463791,177
11261221699287,11261221699426,139
11261221934665,11261221934825,160
11261222170877,11261222171050,173
11261222414515,11261222414695,180
11261222664494,11261222664642,148
11261222899757,11261222899901,144
11261223135238,11261223135409,171
11261223372432,11261223372579,147
11261223612608,11261223612768,160
11261223855853,11261223856054,201
11261224104592,11261224104788,196
11261224351544,11261224351724,180
11261224588620,11261224588795,175
11261224824025,11261224824192,167
11261225061414,11261225061549,135
11261225297641,11261225297802,161
11261225535488,11261225535633,145
11261225791003,11261225791198,195
11261226037275,11261226037435,160
11261226275712,11261226275867,155
11261226530896,11261226531040,144
11261226767143,11261226767294,151
11261227003795,11261227003976,181
11261227239804,11261227239961,157
11261227481083,11261227481239,156
11261227716782,11261227716951,169
11261227953670,11261227953810,140
11261228189813,11261228189967,154
11261228444104,11261228444279,175
11261228680625,11261228680777,152
11261228929793,11261228929976,183
11261229167784,11261229167957,173
11261229420976,11261229421139,163
11261229659034,11261229659232,198
11261229896094,11261229896257,163
11261230132769,11261230132927,158
11261230371357,11261230371554,197
11261230607184,11261230607326,142
11261230844167,11261230844309,142
11261231082527,11261231082674,147
11261231324747,11261231324910,163
11261231566342,11261231566491,149
11261231807878,11261231808016,138
11261232122949,11261232123158,209
11261232506377,11261232506529,152
11261232854600,11261232854734,134
11261233171133,11261233171268,135
11261233388960,11261233389082,122
11261233611515,11261233611633,118
11261233822772,11261233822890,118
11261234034624,11261234034745,121
11261234248398,11261234248515,117
11261234477655,11261234477777,122
11261234690857,11261234690939,82
11261234900786,11261234900915,129
11261235112682,11261235112808,126
11261235363698,11261235363812,114
11261235583440,11261235583605,165
11261235794941,11261235795071,130
11261236001844,11261236001969,125
11261236211404,11261236211528,124
11261236420283,11261236420409,126
11261236628881,11261236629008,127
11261236836166,11261236836298,132
11261237046770,11261237046897,127
11261237253574,11261237253702,128
11261237462750,11261237462883,133
11261237672321,11261237672451,130
11261237899185,11261237899314,129
11261238111726,11261238111857,131
11261238369652,11261238369831,179
11261238623081,11261238623205,124
11261238860769,11261238860889,120
11261239117770,11261239117930,160
11261239358191,11261239358336,145
11261239594522,11261239594653,131
11261239841943,11261239842076,133
11261240078898,11261240079018,120
11261240312843,11261240312950,107
11261240567391,11261240567509,118
11261240802084,11261240802210,126
11261241034959,11261241035178,219
11261241274719,11261241274854,135
11261241508922,11261241509100,178
11261241763996,11261241764129,133
11261241997974,11261241998100,126
11261242240352,11261242240511,159
11261242480903,11261242481035,132
11261242715062,11261242715215,153
11261242947402,11261242947545,143
11261243177561,11261243177714,153
11261243422408,11261243422572,164
11261243707299,11261243707475,176
11261243975521,11261243975727,206
11261264240005,11261264240621,616
11261264632920,11261264633156,236
11261264889213,11261264889412,199
11261265129325,11261265129519,194
11261265367617,11261265367808,191
11261265635450,11261265635635,185
11261265874179,11261265874332,153
11261266111734,11261266111889,155
11261266349519,11261266349704,185
11261266596088,11261266596279,191
11261266832728,11261266832907,179
11261267068635,11261267068784,149
11261267306137,11261267306310,173
11261267543880,11261267544037,157
11261267781235,11261267781386,151
11261268017151,11261268017304,153
11261268251935,11261268252095,160
11261268486875,11261268487016,141
11261268721928,11261268722086,158
11261268969720,11261268969871,151
11261269208353,11261269208503,150
11261269443720,11261269443877,157
11261269679249,11261269679394,145
11261269914440,11261269914586,146
11261270150816,11261270150949,133
11261270396325,11261270396460,135
11261270632242,11261270632407,165
11261270867375,11261270867541,166
11261271103389,11261271103515,126
11261271338797,11261271338926,129
11261271623370,11261271623569,199
11261271909146,11261271909321,175
11261272144623,11261272144741,118
11261272376342,11261272376479,137
11261272591470,11261272591607,137
11261272802603,11261272802733,130
11261273013550,11261273013681,131
11261273223418,11261273223568,150
11261273495509,11261273495660,151
11261273746797,11261273746976,179
11261273982592,11261273982747,155
11261274199452,11261274199577,125
11261274436220,11261274436302,82
11261274645684,11261274645811,127
11261274854119,11261274854256,137
11261275077313,11261275077456,143
11261275289272,11261275289405,133
11261275510147,11261275510272,125
11261275731359,11261275731507,148
11261275948999,11261275949131,132
11261276157921,11261276158045,124
11261276365349,11261276365468,119
11261276579575,11261276579696,121
11261276786028,11261276786154,126
11261276992780,11261276992908,128
11261277197263,11261277197391,128
11261277403345,11261277403471,126
11261277608756,11261277608883,127
11261277815312,11261277815454,142
11261278021677,11261278021809,132
11261278228194,11261278228320,126
11261278433693,11261278433820,127
11261278640002,11261278640131,129
11261278847490,11261278847625,135
11261279069809,11261279069956,147
11261279284006,11261279284156,150
11261279493678,11261279493803,125
11261279703797,11261279703930,133
11261279912537,11261279912675,138
11261280120130,11261280120259,129
11261280327063,11261280327190,127
11261280540596,11261280540740,144
11261280748576,11261280748706,130
11261280954990,11261280955131,141
11261281161797,11261281161925,128
11261281366996,11261281367148,152
11261281597092,11261281597234,142
11261281802111,11261281802252,141
11261282008263,11261282008404,141
11261282222502,11261282222652,150
11261282448927,11261282449071,144
11261282663469,11261282663606,137
11261282873902,11261282874030,128
11261283084853,11261283084978,125
11261283295657,11261283295790,133
11261283503457,11261283503596,139
11261283709325,11261283709462,137
11261283917444,11261283917578,134
11261284124009,11261284124135,126
11261284331445,11261284331571,126
11261284539652,11261284539779,127
11261284745228,11261284745353,125
11261284950790,11261284950926,136
11261285155928,11261285156064,136
11261285372248,11261285372380,132
11261285584952,11261285585089,137
11261285791124,11261285791269,145
11261285997098,11261285997237,139
11261286201754,11261286201887,133
11261286412650,11261286412801,151
11261286620045,11261286620192,147
11261286827295,11261286827451,156
11261287032517,11261287032658,141
11261287236972,11261287237104,132
11261287442727,11261287442851,124
11261287649079,11261287649204,125
11261287855636,11261287855763,127
11261288064182,11261288064309,127
11261288269395,11261288269514,119
11261288482983,11261288483104,121
11261288688968,11261288689090,122
11261288900512,11261288900623,111
11261289109744,11261289109876,132
11261289323314,11261289323427,113
11261289530502,11261289530622,120
11261289736902,11261289737028,126
11261289943368,11261289943486,118
11261290150008,11261290150129,121
11261290356540,11261290356661,121
11261290563693,11261290563811,118
11261290770175,11261290770294,119
11261290977676,11261290977792,116
11261291183646,11261291183763,117
11261291390362,11261291390480,118
11261291596753,11261291596872,119
11261291803456,11261291803579,123
11261292010057,11261292010178,121
11261292222082,11261292222203,121
11261292460584,11261292460675,91
11261292670141,11261292670252,111
11261292878529,11261292878637,108
11261293086314,11261293086433,119
11261293293100,11261293293222,122
11261293504127,11261293504246,119
11261293711603,11261293711722,119
11261293919315,11261293919437,122
11261294127044,11261294127164,120
11261294334456,11261294334575,119
11261294541475,11261294541594,119
11261294748271,11261294748381,110
11261294955427,11261294955556,129
11261295161655,11261295161779,124
11261295368147,11261295368272,125
11261295599352,11261295599488,136
11261295810918,11261295811048,130
11261296018832,11261296018952,120
11261296225655,11261296225784,129
11261296444399,11261296444529,130
11261296652832,11261296652943,111
11261296864404,11261296864531,127
11261297075673,11261297075793,120
11261297284688,11261297284815,127
11261297492499,11261297492606,107
11261297698063,11261297698183,120
11261297904082,11261297904211,129
11261298111995,11261298112121,126
11261298354778,11261298354903,125
11261298562061,11261298562177,116
11261298769062,11261298769180,118
11261298980313,11261298980443,130
11261299190984,11261299191116,132
11261299426400,11261299426531,131
11261299633331,11261299633445,114
11261299840082,11261299840195,113
11261300047897,11261300048024,127
11261300253822,11261300253942,120
11261300472521,11261300472644,123
11261300679207,11261300679334,127
11261300887075,11261300887201,126
11261301093547,11261301093675,128
11261301301240,11261301301365,125
11261301508807,11261301508891,84
11261301716196,11261301716323,127
11261301923759,11261301923886,127
11261302130770,11261302130898,128
11261302342230,11261302342357,127
11261302549595,11261302549723,128
11261302756411,11261302756538,127
11261302963508,11261302963634,126
11261303171493,11261303171614,121
11261303378719,11261303378842,123
11261303585532,11261303585651,119
11261303791853,11261303791985,132
11261303998968,11261303999094,126
11261304205633,11261304205748,115
11261304411372,11261304411492,120
11261304616785,11261304616913,128
11261304823205,11261304823324,119
11261305030243,11261305030353,110
11261305237127,11261305237254,127
11261305443095,11261305443222,127
11261305653918,11261305654045,127
11261305862203,11261305862328,125
11261306070066,11261306070191,125
11261306277273,11261306277401,128
11261306483627,11261306483753,126
11261306690439,11261306690568,129
11261306897619,11261306897745,126
11261307104069,11261307104199,130
11261307315385,11261307315508,123
11261307538347,11261307538464,117
11261307746286,11261307746405,119
11261307953926,11261307954049,123
11261308160118,11261308160243,125
11261308367782,11261308367937,155
11261308592853,11261308592959,106
11261308800285,11261308800400,115
11261309014314,11261309014453,139
11261309223928,11261309224049,121
11261309431286,11261309431406,120
11261309639380,11261309639505,125
11261309846266,11261309846389,123
11261310054652,11261310054777,125
11261310262423,11261310262551,128
11261310469554,11261310469681,127
11261310675797,11261310675924,127
11261310883456,11261310883578,122
11261311089618,11261311089743,125
11261311296901,11261311297010,109
11261311503493,11261311503618,125
11261311711955,11261311712084,129
11261311917182,11261311917303,121
11261312123465,11261312123595,130
11261312334108,11261312334259,151
11261312543350,11261312543482,132
11261312750452,11261312750581,129
11261312957792,11261312957912,120
11261313162439,11261313162573,134
11261313391627,11261313391753,126
11261313598981,11261313599106,125
11261313805234,11261313805381,147
11261314011794,11261314011919,125
11261314217819,11261314217944,125
11261314433753,11261314433878,125
11261314641983,11261314642107,124
11261314848073,11261314848192,119
11261315056369,11261315056496,127
11261315263645,11261315263773,128
11261315469846,11261315469971,125
11261315680538,11261315680667,129
11261315890200,11261315890313,113
11261316097067,11261316097195,128
11261316304034,11261316304144,110
11261316510450,11261316510574,124
11261316717844,11261316717970,126
11261316923955,11261316924081,126
11261317131201,11261317131326,125
11261317337742,11261317337868,126
11261317544585,11261317544710,125
11261317756216,11261317756338,122
11261317964548,11261317964672,124
11261318170652,11261318170785,133
11261318397465,11261318397589,124
11261318604499,11261318604617,118
11261318810831,11261318810950,119
11261319023224,11261319023345,121
11261319232314,11261319232434,120
11261319438533,11261319438655,122
11261319644475,11261319644595,120
11261319850895,11261319851018,123
11261320058574,11261320058699,125
11261320264909,11261320265031,122
11261320504559,11261320504686,127
11261320712555,11261320712677,122
11261320918063,11261320918182,119
11261321123883,11261321124007,124
11261321337780,11261321337907,127
11261321561338,11261321561461,123
11261321769052,11261321769179,127
11261321973447,11261321973570,123
11261322178254,11261322178381,127
11261322388706,11261322388848,142
11261322614043,11261322614170,127
11261322820707,11261322820830,123
11261323027368,11261323027573,205
11261323234928,11261323235056,128
11261323440054,11261323440184,130
11261323644300,11261323644428,128
11261323849325,11261323849453,128
11261324054462,11261324054610,148
11261324315399,11261324315572,173
11261324544966,11261324545115,149
11261324757751,11261324757895,144
11261324967529,11261324967661,132
11261325175679,11261325175805,126
11261325381297,11261325381435,138
11261325597873,11261325598022,149
11261325811025,11261325811167,142
11261326018757,11261326018886,129
11261326224384,11261326224521,137
11261326431039,11261326431165,126
11261326640110,11261326640251,141
11261326846713,11261326846859,146
11261327054137,11261327054270,133
11261327264396,11261327264539,143
11261327489939,11261327490084,145
11261327695476,11261327695624,148
11261327900272,11261327900413,141
11261328106839,11261328106970,131
11261328320423,11261328320540,117
11261328544205,11261328544345,140
11261328748312,11261328748442,130
11261328960627,11261328960796,169
11261329169325,11261329169460,135
11261329374728,11261329374865,137
11261329579734,11261329579860,126
11261329787300,11261329787442,142
11261329994076,11261329994212,136
11261330199424,11261330199571,147
11261330404418,11261330404552,134
11261330609811,11261330609960,149
11261330815114,11261330815239,125
11261331025976,11261331026101,125
11261331232418,11261331232552,134
11261331441809,11261331441947,138
11261331651791,11261331651918,127
11261331863378,11261331863509,131
11261332073856,11261332073977,121
11261332287219,11261332287358,139
11261332498948,11261332499075,127
11261332712155,11261332712278,123
11261332921635,11261332921758,123
11261333129386,11261333129515,129
11261333340117,11261333340243,126
11261333553621,11261333553756,135
11261333765523,11261333765649,126
11261333974998,11261333975129,131
11261334185714,11261334185839,125
11261334394864,11261334395000,136
11261334608191,11261334608316,125
11261334818395,11261334818530,135
11261335025444,11261335025569,125
11261335233211,11261335233343,132
11261335440887,11261335441013,126
11261335654420,11261335654553,133
11261335863286,11261335863413,127
11261336071238,11261336071371,133
11261336282375,11261336282500,125
11261336506638,11261336506757,119
11261336715045,11261336715156,111
11261336924326,11261336924459,133
11261337132757,11261337132883,126
11261337368008,11261337368142,134
11261337576240,11261337576381,141
11261337786801,11261337786939,138
11261337997959,11261337998084,125
11261338208549,11261338208682,133
11261338416348,11261338416476,128
11261338625461,11261338625575,114
11261338837569,11261338837692,123
11261339050785,11261339050935,150
11261339262119,11261339262274,155
11261339473697,11261339473835,138
11261339682770,11261339682899,129
11261339893978,11261339894107,129
11261340102969,11261340103098,129
11261340315507,11261340315642,135
11261340522167,11261340522292,125
11261340729142,11261340729271,129
11261340934054,11261340934172,118
11261341140674,11261341140812,138
11261341349531,11261341349659,128
11261341561976,11261341562102,126
11261341767085,11261341767227,142
11261341971409,11261341971547,138
11261342175872,11261342176000,128
11261342386713,11261342386876,163
11261342593581,11261342593731,150
11261342799750,11261342799905,155
11261343006625,11261343006771,146
11261343212119,11261343212254,135
11261343417522,11261343417649,127
11261343622416,11261343622549,133
11261343828799,11261343828920,121
11261344035105,11261344035244,139
11261344240478,11261344240607,129
11261344463387,11261344463508,121
11261344677952,11261344678091,139
11261344884138,11261344884289,151
11261345091399,11261345091530,131
11261345297630,11261345297767,137
11261345525563,11261345525686,123
11261345738228,11261345738364,136
11261345945587,11261345945717,130
11261346152220,11261346152355,135
11261346358129,11261346358260,131
11261346565269,11261346565404,135
11261346770184,11261346770302,118
11261346978568,11261346978712,144
11261347183715,11261347183842,127
11261347408081,11261347408216,135
11261347612980,11261347613109,129
11261347819265,11261347819397,132
11261348025740,11261348025870,130
11261348230655,11261348230777,122
11261348438436,11261348438557,121
11261348643632,11261348643756,124
11261348848487,11261348848616,129
11261349059176,11261349059312,136
11261349268451,11261349268577,126
11261349489483,11261349489632,149
11261349695654,11261349695800,146
11261349900931,11261349901080,149
11261350105958,11261350106091,133
11261350311645,11261350311790,145
11261350520277,11261350520412,135
11261350724411,11261350724554,143
11261350930745,11261350930862,117
11261351136003,11261351136146,143
11261351341326,11261351341461,135
11261351548312,11261351548468,156
11261351754074,11261351754202,128
11261351960307,11261351960461,154
11261352163935,11261352164076,141
11261352374523,11261352374679,156
11261352581467,11261352581607,140
11261352787712,11261352787853,141
11261352993967,11261352994106,139
11261353202222,11261353202358,136
11261353411616,11261353411743,127
11261353618014,11261353618170,156
11261353822680,11261353822813,133
11261354029715,11261354029843,128
11261354235213,11261354235336,123
11261354439278,11261354439423,145
11261354644336,11261354644457,121
11261354849963,11261354850088,125
11261355055303,11261355055424,121
11261355260721,11261355260848,127
11261355481066,11261355481211,145
11261355693979,11261355694095,116
11261355904128,11261355904265,137
11261356111216,11261356111360,144
11261356328426,11261356328531,105
11261356537603,11261356537727,124
11261356745089,11261356745211,122
11261356952497,11261356952623,126
11261357159614,11261357159723,109
11261357366669,11261357366816,147
11261357574079,11261357574204,125
11261357782329,11261357782454,125
11261357989318,11261357989445,127
11261358195097,11261358195241,144
11261358401049,11261358401172,123
11261358608479,11261358608611,132
11261358814115,11261358814249,134
11261359026151,11261359026294,143
11261359234505,11261359234634,129
11261359449276,11261359449413,137
11261359659540,11261359659676,136
11261359866591,11261359866723,132
11261360074419,11261360074551,132
11261360301250,11261360301412,162
11261360546407,11261360546561,154
11261360768271,11261360768401,130
11261360987942,11261360988081,139
11261361208982,11261361209123,141
11261361443824,11261361443964,140
11261361665530,11261361665676,146
11261361886961,11261361887108,147
11261362109019,11261362109149,130
11261362358783,11261362358936,153
11261362583069,11261362583190,121
11261362803227,11261362803345,118
11261363025007,11261363025145,138
11261363245714,11261363245815,101
11261363482745,11261363482869,124
11261363700525,11261363700641,116
11261363920924,11261363921039,115
11261364138902,11261364139012,110
11261364357403,11261364357519,116
11261364592365,11261364592493,128
11261364811159,11261364811289,130
11261365031108,11261365031238,130
11261365276849,11261365277004,155
11261365518037,11261365518181,144
11261365766493,11261365766637,144
11261366005728,11261366005883,155
11261366254475,11261366254643,168
11261366489459,11261366489619,160
11261366725651,11261366725817,166
11261366960721,11261366960863,142
11261367197004,11261367197152,148
11261367451713,11261367451853,140
11261367689271,11261367689416,145
11261367925861,11261367926014,153
11261368161872,11261368162026,154
11261368396395,11261368396569,174
11261368640772,11261368640920,148
11261368883478,11261368883658,180
11261369122181,11261369122323,142
11261369360342,11261369360495,153
11261369614458,11261369614608,150
11261369889215,11261369889366,151
11261370137624,11261370137803,179
11261370370802,11261370370937,135
11261370586480,11261370586623,143
11261370796582,11261370796714,132
11261371007520,11261371007648,128
11261371223570,11261371223690,120
11261371447215,11261371447338,123
11261371655460,11261371655593,133
11261371864147,11261371864288,141
11261372073009,11261372073143,134
11261372289265,11261372289416,151
11261372498409,11261372498550,141
11261372705802,11261372705926,124
11261372912961,11261372913091,130
11261373120975,11261373121099,124
11261373338200,11261373338326,126
11261373546499,11261373546623,124
11261373753386,11261373753511,125
11261373962385,11261373962510,125
11261374167473,11261374167608,135
11261374373265,11261374373403,138
11261374580986,11261374581136,150
11261374786303,11261374786435,132
11261374992016,11261374992151,135
11261375197678,11261375197802,124
11261375416966,11261375417106,140
11261375638748,11261375638918,170
11261375848610,11261375848759,149
11261376055296,11261376055422,126
11261376263193,11261376263335,142
11261376476421,11261376476548,127
11261376697389,11261376697536,147
11261376919639,11261376919781,142
11261377137029,11261377137165,136
11261377354754,11261377354880,126
11261377571935,11261377572082,147
11261377789041,11261377789169,128
11261378006935,11261378007063,128
11261378227063,11261378227193,130
11261378444319,11261378444445,126
11261378660326,11261378660462,136
11261378884634,11261378884804,170
11261379109022,11261379109159,137
11261379327419,11261379327554,135
11261379546486,11261379546626,140
11261379764035,11261379764174,139
11261379981627,11261379981757,130
11261380199538,11261380199655,117
11261380440589,11261380440716,127
11261380659118,11261380659244,126
11261380876734,11261380876868,134
11261381092090,11261381092226,136
11261381309437,11261381309573,136
11261381525456,11261381525586,130
11261381742383,11261381742521,138
11261381961730,11261381961866,136
11261382181007,11261382181143,136
11261382428800,11261382428975,175
11261382648583,11261382648726,143
11261382867872,11261382868009,137
11261383090053,11261383090222,169
11261383326690,11261383326828,138
11261383547181,11261383547306,125
11261383764228,11261383764371,143
11261383982796,11261383982922,126
11261384199889,11261384200012,123
11261384414852,11261384414982,130
11261384643061,11261384643189,128
11261384882980,11261384883107,127
11261385124185,11261385124322,137
11261385339664,11261385339805,141
11261385567796,11261385567958,162
11261385789948,11261385790112,164
11261386010809,11261386010937,128
11261386227458,11261386227600,142
11261386446114,11261386446255,141
11261386664787,11261386664944,157
11261386884123,11261386884250,127
11261387102072,11261387102203,131
11261387320399,11261387320545,146
11261387536952,11261387537115,163
11261387753004,11261387753121,117
11261387969593,11261387969737,144
11261388184950,11261388185062,112
11261388402365,11261388402493,128
11261388618754,11261388618879,125
11261388834333,11261388834484,151
11261389059774,11261389059944,170
11261389283317,11261389283455,138
11261389503785,11261389503911,126
11261389722463,11261389722601,138
11261389939769,11261389939877,108
11261390159696,11261390159833,137
11261390376812,11261390376949,137
11261390593754,11261390593890,136
11261390813570,11261390813727,157
11261391032870,11261391033024,154
11261391253054,11261391253203,149
11261391471312,11261391471436,124
11261391691705,11261391691851,146
11261391909050,11261391909177,127
11261392128681,11261392128826,145
11261392355148,11261392355296,148
11261392577421,11261392577568,147
11261392808446,11261392808567,121
11261393032132,11261393032258,126
11261393250459,11261393250598,139
11261393468802,11261393468932,130
11261393688815,11261393688943,128
11261393908046,11261393908188,142
11261394124201,11261394124351,150
11261394341585,11261394341724,139
11261394557972,11261394558107,135
11261394776784,11261394776913,129
11261394992362,11261394992494,132
11261395211448,11261395211571,123
11261395428509,11261395428630,121
11261395657564,11261395657668,104
11261395888147,11261395888280,133
11261396110431,11261396110560,129
11261396329459,11261396329589,130
11261396549494,11261396549617,123
11261396768931,11261396769056,125
11261396989205,11261396989359,154
11261397206653,11261397206779,126
11261397425054,11261397425190,136
11261397643492,11261397643617,125
11261397859990,11261397860123,133
11261398078399,11261398078534,135
11261398295887,11261398295997,110
11261398513914,11261398514044,130
11261398730404,11261398730547,143
11261398959569,11261398959731,162
11261399182986,11261399183108,122
11261399404765,11261399404906,141
11261399624829,11261399624985,156
11261399843833,11261399843970,137
11261400061501,11261400061639,138
11261400279394,11261400279531,137
11261400497119,11261400497247,128
11261400717449,11261400717573,124
11261400935553,11261400935664,111
11261401154779,11261401154907,128
11261401372887,11261401373035,148
11261401597349,11261401597487,138
11261401814637,11261401814788,151
11261402033702,11261402033835,133
11261402260453,11261402260588,135
11261402480886,11261402481018,132
11261402699574,11261402699711,137
11261402918844,11261402918972,128
11261403138413,11261403138550,137
11261403371851,11261403371995,144
11261403590714,11261403590871,157
11261403808786,11261403808928,142
11261404029859,11261404030011,152
11261404250096,11261404250238,142
11261404484050,11261404484186,136
11261404702271,11261404702418,147
11261404918415,11261404918548,133
11261405134839,11261405134963,124
11261405353237,11261405353374,137
11261405580244,11261405580381,137
11261405801687,11261405801815,128
11261406021361,11261406021489,128
11261406242116,11261406242242,126
11261406462773,11261406462901,128
11261406681610,11261406681743,133
11261406901908,11261406902049,141
11261407119927,11261407120078,151
11261407337606,11261407337768,162
11261407557565,11261407557714,149
11261407778344,11261407778499,155
11261407999875,11261408000035,160
11261408220795,11261408220944,149
11261408439909,11261408440058,149
11261408657202,11261408657353,151
11261408884844,11261408884985,141
11261409107699,11261409107852,153
11261409331112,11261409331257,145
11261409551432,11261409551563,131
11261409771123,11261409771264,141
11261409990433,11261409990587,154
11261410210544,11261410210688,144
11261410429658,11261410429809,151
11261410646842,11261410646992,150
11261410867701,11261410867852,151
11261411086078,11261411086228,150
11261411305681,11261411305810,129
11261411524623,11261411524742,119
11261411743727,11261411743845,118
11261411962796,11261411962922,126
11261412181831,11261412181946,115
11261412411514,11261412411653,139
11261412633800,11261412633915,115
11261412852625,11261412852729,104
11261413072402,11261413072530,128
11261413294435,11261413294556,121
11261413514273,11261413514406,133
11261413733794,11261413733929,135
11261413955193,11261413955331,138
11261414172379,11261414172493,114
11261414390191,11261414390330,139
11261414608591,11261414608727,136
11261414826559,11261414826677,118
11261415047644,11261415047776,132
11261415266380,11261415266506,126
11261415483132,11261415483266,134
11261415707879,11261415708034,155
11261415928897,11261415929057,160
11261416148926,11261416149068,142
11261416367602,11261416367736,134
11261416588651,11261416588795,144
11261416807284,11261416807417,133
11261417024581,11261417024720,139
11261417251050,11261417251190,140
11261417470039,11261417470177,138
11261417687086,11261417687204,118
11261417903056,11261417903177,121
11261418119548,11261418119685,137
11261418337044,11261418337158,114
11261418553294,11261418553423,129
11261418770907,11261418771035,128
11261418998895,11261418999030,135
11261419220950,11261419221081,131
11261419441772,11261419441912,140
11261419663318,11261419663470,152
11261419882362,11261419882520,158
11261420101754,11261420101896,142
11261420319966,11261420320118,152
11261420539413,11261420539550,137
11261420757254,11261420757389,135
11261420974150,11261420974290,140
11261421192173,11261421192308,135
11261421411911,11261421412046,135
11261421629925,11261421630056,131
11261421846466,11261421846598,132
11261422064232,11261422064369,137
11261422290624,11261422290782,158
11261422512194,11261422512338,144
11261422733041,11261422733184,143
11261422951878,11261422952032,154
11261423171754,11261423171897,143
11261423390642,11261423390794,152
11261423610609,11261423610756,147
11261423827784,11261423827929,145
11261424046665,11261424046799,134
11261424266082,11261424266212,130
11261424483895,11261424484030,135
11261424700838,11261424700977,139
11261424918578,11261424918735,157
11261425133887,11261425134032,145
11261425351967,11261425352113,146
11261425577521,11261425577676,155
11261425798054,11261425798192,138
11261426021808,11261426021949,141
11261426241110,11261426241257,147
11261426466903,11261426467050,147
11261426685700,11261426685851,151
11261426906106,11261426906268,162
11261427125996,11261427126138,142
11261427345845,11261427346004,159
11261427571463,11261427571607,144
11261427790681,11261427790824,143
11261428006647,11261428006792,145
11261428224347,11261428224490,143
11261428441478,11261428441623,145
11261428659766,11261428659906,140
11261428881418,11261428881604,186
11261429106561,11261429106721,160
11261429327041,11261429327176,135
11261429546025,11261429546175,150
11261429764845,11261429765001,156
11261429983605,11261429983746,141
11261430202083,11261430202198,115
11261430421415,11261430421546,131
11261430640017,11261430640166,149
11261430857898,11261430858053,155
11261431075223,11261431075387,164
11261431293295,11261431293445,150
11261431509666,11261431509816,150
11261431728296,11261431728442,146
11261431945402,11261431945547,145
11261432161155,11261432161293,138
11261432386771,11261432386912,141
11261432609290,11261432609422,132
11261432829207,11261432829335,128
11261433050224,11261433050350,126
11261433270514,11261433270656,142
11261433490403,11261433490545,142
11261433707952,11261433708099,147
11261433926966,11261433927108,142
11261434144874,11261434145011,137
11261434361204,11261434361344,140
11261434577417,11261434577556,139
11261434794624,11261434794751,127
11261435012222,11261435012347,125
11261435228210,11261435228353,143
11261435446900,11261435447015,115
11261435670388,11261435670548,160
11261435891637,11261435891778,141
11261436111650,11261436111777,127
11261436329517,11261436329663,146
11261436547549,11261436547669,120
11261436766083,11261436766218,135
11261436986662,11261436986807,145
11261437204763,11261437204898,135
11261437424161,11261437424307,146
11261437642670,11261437642804,134
11261437859935,11261437860087,152
11261438076462,11261438076591,129
11261438291940,11261438292095,155
11261438509622,11261438509748,126
11261438725622,11261438725773,151
11261438954413,11261438954548,135
11261439175069,11261439175222,153
11261439393615,11261439393750,135
11261439612411,11261439612555,144
11261439831713,11261439831856,143
11261440049979,11261440050126,147
11261440269791,11261440269916,125
11261440488321,11261440488456,135
11261440704369,11261440704504,135
11261440921077,11261440921218,141
11261441139103,11261441139233,130
11261441356085,11261441356220,135
11261441581774,11261441581907,133
11261441799859,11261441800007,148
11261442016834,11261442016976,142
11261442243100,11261442243249,149
11261442465054,11261442465200,146
11261442683209,11261442683350,141
11261442902045,11261442902196,151
11261443121849,11261443121992,143
11261443340524,11261443340652,128
11261443558346,11261443558482,136
11261443776201,11261443776354,153
11261443994374,11261443994508,134
11261444211834,11261444211953,119
11261444428984,11261444429094,110
11261444646821,11261444646955,134
11261444863489,11261444863631,142
11261445078276,11261445078413,137
11261445295185,11261445295319,134
11261445511578,11261445511715,137
11261445741382,11261445741517,135
11261445963922,11261445964054,132
11261446182833,11261446182974,141
11261446402700,11261446402837,137
11261446622646,11261446622783,137
11261446841056,11261446841177,121
11261447060590,11261447060728,138
11261447278692,11261447278835,143
11261447497123,11261447497257,134
11261447715877,11261447716000,123
11261447940458,11261447940606,148
11261448179821,11261448179964,143
11261448401879,11261448402000,121
11261448621632,11261448621766,134
11261448840003,11261448840141,138
11261449065556,11261449065731,175
11261449285341,11261449285481,140
11261449504041,11261449504165,124
11261449722238,11261449722356,118
11261449941041,11261449941178,137
11261450158889,11261450159013,124
11261450375632,11261450375769,137
11261450593601,11261450593727,126
11261450811365,11261450811492,127
11261451027090,11261451027221,131
11261451243869,11261451243992,123
11261451460037,11261451460151,114
11261451676920,11261451677042,122
11261451893992,11261451894125,133
11261452111526,11261452111665,139
11261452336785,11261452336945,160
11261452557538,11261452557666,128
11261452777518,11261452777651,133
11261452995504,11261452995646,142
11261453212768,11261453212910,142
11261453433542,11261453433677,135
11261453650920,11261453651031,111
11261453869634,11261453869783,149
11261454085856,11261454086000,144
11261454302359,11261454302495,136
11261454519637,11261454519766,129
11261454736228,11261454736368,140
11261454952545,11261454952682,137
11261455169960,11261455170079,119
11261455385996,11261455386130,134
11261455610076,11261455610217,141
11261455828827,11261455828978,151
11261456044695,11261456044828,133
11261456262943,11261456263083,140
11261456479638,11261456479781,143
11261456699466,11261456699612,146
11261456918047,11261456918204,157
11261457135589,11261457135731,142
11261457350925,11261457351073,148
11261457566210,11261457566353,143
11261457781159,11261457781316,157
11261457998280,11261457998432,152
11261458215907,11261458216050,143
11261458432766,11261458432901,135
11261458648013,11261458648151,138
11261458867810,11261458867954,144
11261459105772,11261459105965,193
11261459328100,11261459328255,155
11261459548530,11261459548679,149
11261459768265,11261459768437,172
11261459986643,11261459986788,145
11261460203776,11261460203921,145
11261460428351,11261460428489,138
11261460646954,11261460647081,127
11261460863993,11261460864111,118
11261461084596,11261461084743,147
11261461301972,11261461302106,134
11261461519706,11261461519839,133
11261461736969,11261461737100,131
11261461955950,11261461956079,129
11261462172916,11261462173037,121
11261462398784,11261462398939,155
11261462619613,11261462619754,141
11261462840093,11261462840226,133
11261463060091,11261463060207,116
11261463278341,11261463278472,131
11261463497104,11261463497239,135
11261463715717,11261463715857,140
11261463932947,11261463933067,120
11261464150793,11261464150923,130
11261464369722,11261464369854,132
11261464586728,11261464586870,142
11261464805382,11261464805527,145
11261465021736,11261465021883,147
11261465240162,11261465240284,122
11261465457110,11261465457252,142
11261465682302,11261465682460,158
11261465911045,11261465911201,156
11261466131869,11261466132007,138
11261466351326,11261466351491,165
11261466571255,11261466571407,152
11261466787705,11261466787852,147
11261467004812,11261467004947,135
11261467220564,11261467220713,149
11261467437965,11261467438131,166
11261467653895,11261467654056,161
11261467871481,11261467871607,126
11261468087262,11261468087397,135
11261468303022,11261468303159,137
11261468519123,11261468519259,136
11261468734981,11261468735107,126
11261468956879,11261468957052,173
11261469176177,11261469176307,130
11261469395043,11261469395179,136
11261469613819,11261469613939,120
11261469833454,11261469833588,134
11261470052411,11261470052545,134
11261470268928,11261470269063,135
11261470486329,11261470486463,134
11261470702978,11261470703112,134
11261470918981,11261470919130,149
11261471135063,11261471135197,134
11261471352073,11261471352195,122
11261471568344,11261471568478,134
11261471785650,11261471785784,134
11261472003118,11261472003269,151
11261472228318,11261472228463,145
11261472450174,11261472450309,135
11261472670946,11261472671090,144
11261472889841,11261472889970,129
11261473106345,11261473106469,124
11261473324126,11261473324235,109
11261473540813,11261473540941,128
11261473758252,11261473758383,131
11261473974059,11261473974171,112
11261474189937,11261474190063,126
11261474405832,11261474405952,120
11261474623582,11261474623713,131
11261474839727,11261474839858,131
11261475056028,11261475056163,135
11261475272000,11261475272128,128
11261475489505,11261475489636,131
11261475711415,11261475711569,154
11261475930293,11261475930425,132
11261476146506,11261476146624,118
11261476363007,11261476363128,121
11261476580148,11261476580274,126
11261476796709,11261476796829,120
11261477013106,11261477013257,151
11261477229232,11261477229351,119
11261477446875,11261477446997,122
11261477663316,11261477663437,121
11261477878029,11261477878145,116
11261478094927,11261478095047,120
11261478311075,11261478311197,122
11261478527740,11261478527863,123
11261478742388,11261478742508,120
11261478966594,11261478966733,139
11261479184499,11261479184644,145
11261479402265,11261479402403,138
11261479617808,11261479617944,136
11261479834073,11261479834212,139
11261480051385,11261480051514,129
11261480268438,11261480268577,139
11261480485249,11261480485376,127
11261480705731,11261480705857,126
11261480921775,11261480921900,125
11261481138263,11261481138392,129
11261481352553,11261481352683,130
11261481568860,11261481568981,121
11261481784348,11261481784471,123
11261482000821,11261482000943,122
11261482222883,11261482223014,131
11261482441928,11261482442043,115
11261482659048,11261482659127,79
11261482875121,11261482875215,94
11261483092719,11261483092836,117
11261483308943,11261483309061,118
11261483525705,11261483525782,77
11261483741597,11261483741697,100
11261483960228,11261483960338,110
11261484176237,11261484176349,112
11261484391491,11261484391597,106
11261484606672,11261484606783,111
11261484824110,11261484824231,121
11261485042030,11261485042139,109
11261485258693,11261485258799,106
11261485476296,11261485476415,119
11261485702479,11261485702613,134
11261485921827,11261485921953,126
11261486139197,11261486139321,124
11261486356857,11261486356964,107
11261486573922,11261486574049,127
11261486789990,11261486790099,109
11261487007682,11261487007789,107
11261487224391,11261487224521,130
11261487441129,11261487441253,124
11261487658524,11261487658647,123
11261487875840,11261487875967,127
11261488092638,11261488092767,129
11261488310135,11261488310250,115
11261488526056,11261488526165,109
11261488742066,11261488742191,125
11261488967800,11261488967929,129
11261489188966,11261489189085,119
11261489409791,11261489409899,108
11261489627311,11261489627438,127
11261489851772,11261489851904,132
11261490070031,11261490070161,130
11261490287288,11261490287417,129
11261490504554,11261490504681,127
11261490721057,11261490721164,107
11261490937913,11261490938037,124
11261491153653,11261491153762,109
11261491370957,11261491371072,115
11261491591788,11261491591904,116
11261491807781,11261491807889,108
11261492025201,11261492025324,123
11261492249727,11261492249839,112
11261492469444,11261492469570,126
11261492686993,11261492687070,77
11261492904653,11261492904751,98
11261493120793,11261493120914,121
11261493338858,11261493338957,99
11261493555158,11261493555275,117
11261493771715,11261493771831,116
11261493987590,11261493987714,124
11261494205141,11261494205280,139
11261494422191,11261494422320,129
11261494638333,11261494638450,117
11261494856911,11261494857026,115
11261495073510,11261495073637,127
11261495290466,11261495290579,113
11261495507884,11261495507992,108
11261495730830,11261495730963,133
11261495950548,11261495950687,139
11261496167920,11261496168054,134
11261496385329,11261496385466,137
11261496602341,11261496602471,130
11261496820971,11261496821097,126
11261497037238,11261497037365,127
11261497254645,11261497254759,114
11261497470845,11261497470983,138
11261497688182,11261497688318,136
11261497904968,11261497905094,126
11261498128342,11261498128519,177
11261498398935,11261498399120,185
11261498641857,11261498642000,143
11261498866902,11261498867040,138
11261499102837,11261499103007,170
11261499321477,11261499321611,134
11261499541400,11261499541544,144
11261499761356,11261499761486,130
11261500017296,11261500017459,163
11261500307923,11261500308101,178
11261500583600,11261500583761,161
11261500831166,11261500831337,171
11261501073486,11261501073663,177
11261501310027,11261501310208,181
11261501547654,11261501547846,192
11261501784980,11261501785147,167
11261502022122,11261502022294,172
11261502267489,11261502267658,169
11261502516577,11261502516740,163
11261502753730,11261502753883,153
11261502994950,11261502995117,167
11261503230056,11261503230179,123
11261503466282,11261503466425,143
11261503702044,11261503702217,173
11261503944204,11261503944441,237
11261504227500,11261504227673,173
11261504457335,11261504457482,147
11261504677735,11261504677850,115
11261504897110,11261504897218,108
11261505116795,11261505116923,128
11261505334871,11261505335014,143
11261505564040,11261505564203,163
11261505786778,11261505786931,153
11261506008535,11261506008675,140
11261506228887,11261506229019,132
11261506448301,11261506448431,130
11261506667772,11261506667908,136
11261506885747,11261506885875,128
11261507103464,11261507103611,147
11261507321271,11261507321404,133
11261507539946,11261507540061,115
11261507758522,11261507758657,135
11261507976365,11261507976508,143
11261508194742,11261508194886,144
11261508412324,11261508412467,143
11261508629369,11261508629501,132
11261508846976,11261508847112,136
11261509077881,11261509078060,179
11261509298041,11261509298181,140
11261509517965,11261509518108,143
11261509736554,11261509736690,136
11261509955290,11261509955437,147
11261510173714,11261510173835,121
11261510393218,11261510393352,134
11261510611502,11261510611635,133
11261510829575,11261510829722,147
11261511047429,11261511047568,139
11261511265440,11261511265576,136
11261511485582,11261511485721,139
11261511702625,11261511702769,144
11261511922042,11261511922179,137
11261512139207,11261512139321,114
11261512439252,11261512439427,175
11261512665937,11261512666068,131
11261512890169,11261512890297,128
11261513113087,11261513113210,123
11261513334163,11261513334283,120
11261513554280,11261513554399,119
11261513775274,11261513775386,112
11261513991980,11261513992106,126
11261514215622,11261514215740,118
11261514437224,11261514437346,122
11261514656193,11261514656330,137
11261514887502,11261514887632,130
11261515124971,11261515125104,133
11261515344886,11261515345012,126
11261515573987,11261515574116,129
11261515795170,11261515795306,136
11261516013255,11261516013380,125
11261516229609,11261516229761,152
11261516445655,11261516445784,129
11261516660958,11261516661104,146
11261516877985,11261516878134,149
11261517094239,11261517094374,135
11261517310130,11261517310260,130
11261517524557,11261517524685,128
11261517738881,11261517738997,116
11261517954788,11261517954914,126
11261518168556,11261518168637,81
11261518382669,11261518382797,128
11261518598296,11261518598428,132
11261518812960,11261518813086,126
11261519035685,11261519035838,153
11261519254906,11261519255026,120
11261519473586,11261519473713,127
11261519692061,11261519692210,149
11261519910525,11261519910641,116
11261520127495,11261520127617,122
11261520344285,11261520344397,112
11261520560197,11261520560320,123
11261520774240,11261520774383,143
11261520990354,11261520990462,108
11261521206690,11261521206826,136
11261521422079,11261521422221,142
11261521638014,11261521638151,137
11261521853811,11261521853961,150
11261522069412,11261522069558,146
11261522295200,11261522295375,175
11261522515194,11261522515348,154
11261522733528,11261522733660,132
11261522950728,11261522950856,128
11261523166950,11261523167084,134
11261523383286,11261523383425,139
11261523599026,11261523599166,140
11261523814794,11261523814922,128
11261524030932,11261524031058,126
11261524248366,11261524248501,135
11261524463959,11261524464105,146
11261524680041,11261524680180,139
11261524895746,11261524895888,142
11261525115932,11261525116066,134
11261525331816,11261525331957,141
11261525556277,11261525556411,134
11261525778684,11261525778830,146
11261525997100,11261525997247,147
11261526213583,11261526213728,145
11261526432287,11261526432413,126
11261526649134,11261526649288,154
11261526866200,11261526866345,145
11261527083180,11261527083327,147
11261527300395,11261527300555,160
11261527518415,11261527518547,132
11261527736729,11261527736872,143
11261527952975,11261527953116,141
11261528171013,11261528171154,141
11261528388387,11261528388513,126
11261528604621,11261528604756,135
11261528823211,11261528823355,144
11261529042955,11261529043107,152
11261529260892,11261529261020,128
11261529477940,11261529478099,159
11261529694268,11261529694403,135
11261529910241,11261529910386,145
11261530127725,11261530127888,163
11261530342493,11261530342646,153
11261530558310,11261530558454,144
11261530774563,11261530774714,151
11261530992001,11261530992160,159
11261531208474,11261531208617,143
11261531424881,11261531425013,132
11261531640576,11261531640718,142
11261531857813,11261531857964,151
11261532073350,11261532073493,143
11261532298794,11261532298947,153
11261532518146,11261532518294,148
11261532735147,11261532735266,119
11261532951092,11261532951218,126
11261533167321,11261533167456,135
11261533384184,11261533384334,150
11261533601492,11261533601628,136
11261533817879,11261533818006,127
11261534031634,11261534031783,149
11261534247425,11261534247557,132
11261534463044,11261534463216,172
11261534679743,11261534679880,137
11261534896405,11261534896508,103
11261535112642,11261535112784,142
11261535329191,11261535329332,141
11261535551537,11261535551695,158
11261535770185,11261535770317,132
11261535992914,11261535993058,144
11261536209043,11261536209161,118
11261536428055,11261536428169,114
11261536646613,11261536646739,126
11261536864009,11261536864152,143
11261537079077,11261537079209,132
11261537295237,11261537295363,126
11261537511250,11261537511370,120
11261537727099,11261537727216,117
11261537942080,11261537942192,112
11261538155817,11261538155905,88
11261538371921,11261538372056,135
11261538589400,11261538589533,133
11261538806336,11261538806471,135
11261539040801,11261539040949,148
11261539264144,11261539264264,120
11261539482808,11261539482944,136
11261539702593,11261539702719,126
11261539920656,11261539920786,130
11261540138250,11261540138378,128
11261540357497,11261540357643,146
11261540575244,11261540575372,128
11261540791876,11261540791995,119
11261541009255,11261541009370,115
11261541224826,11261541224951,125
11261541439749,11261541439860,111
11261541656361,11261541656517,156
11261541873011,11261541873146,135
11261542089264,11261542089388,124
11261542312772,11261542312925,153
11261542531193,11261542531323,130
11261542749901,11261542749999,98
11261542966258,11261542966381,123
11261543184336,11261543184432,96
11261543401676,11261543401784,108
11261543619011,11261543619131,120
11261543834718,11261543834824,106
11261544052727,11261544052874,147
11261544268837,11261544268968,131
11261544484252,11261544484384,132
11261544701824,11261544701946,122
11261544918033,11261544918172,139
11261545133231,11261545133357,126
11261545349024,11261545349139,115
11261545573846,11261545573971,125
11261545796379,11261545796522,143
11261546014775,11261546014923,148
11261546233052,11261546233178,126
11261546449598,11261546449730,132
11261546665385,11261546665553,168
11261547001151,11261547001326,175
11261547227349,11261547227498,149
11261547455934,11261547456060,126
11261547674530,11261547674654,124
11261547893628,11261547893773,145
11261548112153,11261548112307,154
11261548330320,11261548330468,148
11261548554590,11261548554736,146
11261548771753,11261548771912,159
11261548999667,11261548999848,181
11261549221285,11261549221450,165
11261549441016,11261549441166,150
11261549660486,11261549660628,142
11261549878088,11261549878232,144
11261550094869,11261550095005,136
11261550314124,11261550314285,161
11261550531712,11261550531852,140
11261550749892,11261550750013,121
11261550967317,11261550967442,125
11261551184909,11261551185042,133
11261551402225,11261551402366,141
11261551619340,11261551619482,142
11261551837382,11261551837506,124
11261552057208,11261552057353,145
11261552284809,11261552284945,136
11261552506004,11261552506150,146
11261552725628,11261552725754,126
11261552945018,11261552945163,145
11261553162535,11261553162682,147
11261553382778,11261553382926,148
11261553665019,11261553665203,184
11261553927203,11261553927391,188
11261554166707,11261554166874,167
11261554388612,11261554388753,141
11261554633899,11261554634068,169
11261554880158,11261554880335,177
11261555122171,11261555122356,185
11261555369311,11261555369480,169
11261555627102,11261555627266,164
11261555893794,11261555893954,160
11261556146970,11261556147133,163
11261556407495,11261556407686,191
11261556668349,11261556668580,231
11261556998735,11261556998906,171
11261557278897,11261557279082,185
11261557616211,11261557616736,525
11261557962026,11261557962269,243
11261558281106,11261558281251,145
11261558569394,11261558569644,250
11261558857690,11261558857896,206
11261559174914,11261559175103,189
11261559463465,11261559463656,191
11261559791938,11261559792132,194
11261560221220,11261560221472,252
11261560554855,11261560555013,158
11261560815972,11261560816129,157
11261561062192,11261561062379,187
11261561361530,11261561361762,232
11261562031758,11261562032067,309
11261562573738,11261562573975,237
11261562916034,11261562916210,176
11261563156600,11261563156746,146
11261563372993,11261563373122,129
11261563586267,11261563586396,129
11261563798254,11261563798400,146
11261564009208,11261564009332,124
11261564219462,11261564219577,115
11261564429399,11261564429545,146
11261564640481,11261564640604,123
11261564853474,11261564853621,147
11261565065705,11261565065836,131
11261565283919,11261565284000,81
11261565510643,11261565510773,130
11261565791060,11261565791255,195
11261566092697,11261566092872,175
11261566357425,11261566357597,172
11261566623765,11261566623917,152
11261566886479,11261566886623,144
11261567175046,11261567175195,149
11261567452443,11261567452652,209
11261567774180,11261567774429,249
11261568079451,11261568079679,228
11261568367529,11261568367751,222
11261568648545,11261568648877,332
11261568949200,11261568949387,187
11261569214048,11261569214210,162
11261569474409,11261569474607,198
11261569714876,11261569715023,147
11261569955059,11261569955217,158
11261570196028,11261570196175,147
11261570435718,11261570435888,170
11261570675493,11261570675709,216
11261570914987,11261570915128,141
11261571156865,11261571157005,140
11261571418830,11261571419007,177
11261571677564,11261571677736,172
11261571928397,11261571928578,181
11261572174852,11261572175028,176
11261572427449,11261572427598,149
11261572682876,11261572683012,136
11261572938615,11261572938791,176
11261573188406,11261573188562,156
11261573428956,11261573429125,169
11261573671017,11261573671191,174
11261573910389,11261573910567,178
11261574199469,11261574199685,216
11261574470791,11261574470968,177
11261574716523,11261574716706,183
11261574958505,11261574958686,181
11261575201166,11261575201335,169
11261575442036,11261575442206,170
11261575717823,11261575718004,181
11261575960049,11261575960235,186
11261576200678,11261576200840,162
11261576441439,11261576441580,141
11261576682212,11261576682373,161
11261576922178,11261576922353,175
11261577162575,11261577162740,165
11261577404296,11261577404425,129
11261577645028,11261577645176,148
11261577884386,11261577884567,181
11261578151200,11261578151357,157
11261578437158,11261578437304,146
11261578826287,11261578826517,230
11261579093464,11261579093631,167
11261579319856,11261579319991,135
11261579544661,11261579544814,153
11261579769187,11261579769317,130
11261579995102,11261579995241,139
11261580292200,11261580292379,179
11261580560319,11261580560438,119
11261580776112,11261580776232,120
11261580990814,11261580990955,141
11261581206366,11261581206551,185
11261581423208,11261581423334,126
11261581692675,11261581692833,158
11261581930445,11261581930602,157
11261582166149,11261582166329,180
11261582478940,11261582479092,152
11261582721301,11261582721460,159
11261582961909,11261582962076,167
11261583198929,11261583199072,143
11261583435437,11261583435618,181
11261583669146,11261583669332,186
11261583904565,11261583904739,174
11261584140477,11261584140642,165
11261584376027,11261584376193,166
11261584614694,11261584614904,210
11261584867695,11261584867904,209
11261585107389,11261585107547,158
11261585367631,11261585367809,178
11261585666635,11261585666787,152
11261585949393,11261585949560,167
11261586250365,11261586250533,168
11261586485944,11261586486097,153
11261586721933,11261586722103,170
11261586956048,11261586956197,149
11261587190958,11261587191099,141
11261587424662,11261587424834,172
11261587658156,11261587658327,171
11261587893087,11261587893234,147
11261588128792,11261588128936,144
11261588364168,11261588364326,158
11261588598831,11261588598965,134
11261588833063,11261588833220,157
11261589098849,11261589099009,160
11261589313950,11261589314086,136
11261589528289,11261589528420,131
11261589741768,11261589741901,133
11261589955493,11261589955616,123
11261590168793,11261590168923,130
11261590383376,11261590383515,139
11261590597237,11261590597404,167
11261590812885,11261590813015,130
11261591027086,11261591027231,145
11261591242495,11261591242619,124
11261591456108,11261591456240,132
11261591669342,11261591669504,162
11261591882316,11261591882463,147
11261592096225,11261592096376,151
11261592369092,11261592369273,181
11261592604864,11261592605024,160
11261592839724,11261592839882,158
11261593074976,11261593075132,156
11261593308784,11261593308925,141
11261593554837,11261593555014,177
11261593824263,11261593824407,144
11261594036878,11261594037016,138
11261594250712,11261594250871,159
11261594463842,11261594463985,143
11261594677568,11261594677722,154
11261594891348,11261594891513,165
11261595105251,11261595105402,151
11261595318465,11261595318617,152
11261595532789,11261595532931,142
11261595835364,11261595835498,134
11261596050352,11261596050512,160
11261596265804,11261596265956,152
11261596481417,11261596481564,147
11261596694825,11261596694983,158
11261596913109,11261596913246,137
11261597127403,11261597127548,145
11261597342030,11261597342172,142
11261597555308,11261597555441,133
11261597810061,11261597810159,98
11261598080351,11261598080496,145
11261598350546,11261598350706,160
11261598585644,11261598585799,155
11261598819959,11261598820118,159
11261599062434,11261599062594,160
11261599298527,11261599298678,151
11261599533546,11261599533698,152
11261599796135,11261599796318,183
11261600011351,11261600011496,145
11261600225851,11261600226006,155
11261600440030,11261600440178,148
11261600654376,11261600654546,170
11261600870745,11261600870900,155
11261601084613,11261601084787,174
11261601297980,11261601298110,130
11261601512135,11261601512301,166
11261601726819,11261601726953,134
11261601940449,11261601940589,140
11261602153877,11261602154014,137
11261602447229,11261602447379,150
11261602697447,11261602697575,128
11261602946187,11261602946325,138
11261603195276,11261603195445,169
11261603442025,11261603442166,141
11261603689562,11261603689696,134
11261603922789,11261603922919,130
11261604135800,11261604135978,178
11261604349591,11261604349729,138
11261604618015,11261604618174,159
11261604856786,11261604856953,167
11261605171324,11261605171549,225
11261605558846,11261605559073,227
11261605913205,11261605913390,185
11261606194623,11261606194747,124
11261606461999,11261606462112,113
11261606768611,11261606768809,198
11261607064651,11261607064810,159
11261607305558,11261607305725,167
11261607545685,11261607545844,159
11261607785558,11261607785696,138
11261608021149,11261608021298,149
11261608257989,11261608258144,155
11261608495236,11261608495404,168
11261608730361,11261608730504,143
11261608980156,11261608980310,154
11261609233719,11261609233891,172
11261609470029,11261609470198,169
11261609706102,11261609706252,150
11261609940015,11261609940151,136
11261610174920,11261610175076,156
11261610410162,11261610410323,161
11261610644857,11261610645000,143
11261610878919,11261610879081,162
11261611113294,11261611113450,156
11261611349091,11261611349250,159
11261611584499,11261611584668,169
11261611819469,11261611819619,150
11261612054293,11261612054428,135
11261612299650,11261612299831,181
11261612537359,11261612537510,151
11261612772392,11261612772544,152
11261613007590,11261613007760,170
11261613241874,11261613242019,145
11261613476385,11261613476538,153
11261613712024,11261613712192,168
11261613946091,11261613946267,176
11261614181242,11261614181405,163
11261614418465,11261614418629,164
11261614653928,11261614654069,141
11261614889718,11261614889840,122
11261615124796,11261615124926,130
11261615359612,11261615359734,122
11261615604832,11261615604986,154
11261615843257,11261615843398,141
11261616079170,11261616079311,141
11261616313840,11261616313972,132
11261616551099,11261616551249,150
11261616786947,11261616787079,132
11261617021824,11261617021972,148
11261617257122,11261617257255,133
11261617491845,11261617491972,127
11261617728111,11261617728241,130
11261617963955,11261617964083,128
11261618200436,11261618200564,128
11261618435533,11261618435692,159
11261618671266,11261618671461,195
11261618918912,11261618919086,174
11261619155920,11261619156084,164
11261619402871,11261619403060,189
11261619643955,11261619644140,185
11261619879955,11261619880139,184
11261620129325,11261620129513,188
11261620394075,11261620394242,167
11261620629524,11261620629680,156
11261620865242,11261620865428,186
11261621103469,11261621103638,169
11261621359620,11261621359794,174
11261621595386,11261621595531,145
11261621839742,11261621839873,131
11261622054776,11261622054912,136
11261622322442,11261622322631,189
11261622572077,11261622572229,152
11261622788344,11261622788484,140
11261623005244,11261623005393,149
11261623220093,11261623220253,160
11261623437031,11261623437176,145
11261623654814,11261623654957,143
11261623871857,11261623871990,133
11261624090190,11261624090356,166
11261624307376,11261624307522,146
11261624524408,11261624524558,150
11261624739075,11261624739222,147
11261624954619,11261624954737,118
11261625171003,11261625171154,151
11261625386092,11261625386212,120
11261625684001,11261625684179,178
11261625899752,11261625899916,164
11261626116650,11261626116798,148
11261626331852,11261626332000,148
11261626547797,11261626547939,142
11261626762195,11261626762358,163
11261626977733,11261626977869,136
11261627190395,11261627190537,142
11261627409018,11261627409173,155
11261627626058,11261627626185,127
11261627843238,11261627843380,142
11261628060414,11261628060573,159
11261628276968,11261628277118,150
11261628493024,11261628493169,145
11261628763307,11261628763464,157
11261629031340,11261629031508,168
11261629249414,11261629249540,126
11261629463916,11261629464059,143
11261629679745,11261629679863,118
11261629894534,11261629894635,101
11261630110688,11261630110809,121
11261630326666,11261630326797,131
11261630542677,11261630542795,118
11261630759090,11261630759235,145
11261630976379,11261630976519,140
11261631193818,11261631193954,136
11261631409451,11261631409584,133
11261631628097,11261631628223,126
11261631844791,11261631844911,120
11261632061496,11261632061613,117
11261632373374,11261632373521,147
11261632592809,11261632592941,132
11261632810778,11261632810892,114
11261633027975,11261633028104,129
11261633244965,11261633245091,126
11261633460159,11261633460281,122
11261633677067,11261633677201,134
11261633894327,11261633894445,118
11261634110847,11261634110992,145
11261634328334,11261634328469,135
11261634544976,11261634545112,136
11261634759411,11261634759538,127
11261635019850,11261635019970,120
11261635256037,11261635256186,149
11261635492403,11261635492547,144
11261635757463,11261635757600,137
11261635973500,11261635973634,134
11261636189019,11261636189180,161
11261636403544,11261636403691,147
11261636617796,11261636617928,132
11261636832993,11261636833132,139
11261637047690,11261637047810,120
11261637261925,11261637262048,123
11261637476194,11261637476334,140
11261637691325,11261637691451,126
11261637904981,11261637905137,156
11261638121117,11261638121250,133
11261638336460,11261638336593,133
11261638550312,11261638550461,149
11261638765118,11261638765277,159
11261639068355,11261639068500,145
11261639284841,11261639284984,143
11261639500525,11261639500669,144
11261639714312,11261639714461,149
11261639928555,11261639928700,145
11261640142774,11261640142915,141
11261640358036,11261640358179,143
11261640572411,11261640572561,150
11261640786160,11261640786290,130
11261641000843,11261641000966,123
11261641215004,11261641215127,123
11261641429572,11261641429708,136
11261641644170,11261641644308,138
11261641859551,11261641859685,134
11261642073713,11261642073864,151
11261642372949,11261642373113,164
11261642590458,11261642590610,152
11261642806128,11261642806269,141
11261643020200,11261643020346,146
11261643235144,11261643235274,130
11261643450850,11261643451007,157
11261643665651,11261643665794,143
11261643880144,11261643880302,158
11261644171537,11261644171682,145
11261644394667,11261644394811,144
11261644609519,11261644609665,146
11261644831628,11261644831776,148
11261645046932,11261645047094,162
11261645262869,11261645263016,147
11261645477887,11261645478017,130
11261645778924,11261645779074,150
11261646004481,11261646004655,174
11261646220030,11261646220197,167
11261646435587,11261646435732,145
11261646651383,11261646651529,146
11261646865345,11261646865493,148
11261647080049,11261647080187,138
11261647294794,11261647294932,138
11261647510088,11261647510236,148
11261647725988,11261647726129,141
11261647940361,11261647940495,134
11261648154855,11261648154996,141
11261648368324,11261648368453,129
11261648581686,11261648581813,127
11261648797099,11261648797248,149
11261649064247,11261649064399,152
11261649330516,11261649330660,144
11261649545819,11261649545975,156
11261649759996,11261649760160,164
11261649973835,11261649973981,146
11261650189329,11261650189475,146
11261650403923,11261650404073,150
11261650617027,11261650617157,130
11261650829939,11261650830079,140
11261651043111,11261651043274,163
11261651257538,11261651257681,143
11261651471394,11261651471539,145
11261651686071,11261651686217,146
11261651899636,11261651899780,144
11261652113642,11261652113780,138
11261652407295,11261652407442,147
11261652624338,11261652624471,133
11261652839225,11261652839371,146
11261653054553,11261653054702,149
11261653269146,11261653269295,149
11261653482530,11261653482681,151
11261653712522,11261653712670,148
11261653926533,11261653926674,141
11261654139396,11261654139546,150
11261654352355,11261654352500,145
11261654567780,11261654567945,165
11261654780203,11261654780358,155
11261654993888,11261654994023,135
11261655208650,11261655208796,146
11261655421649,11261655421822,173
11261655722881,11261655723030,149
11261655937251,11261655937395,144
11261656151119,11261656151277,158
11261656364201,11261656364337,136
11261656577514,11261656577681,167
11261656791276,11261656791438,162
11261657005855,11261657006011,156
11261657218422,11261657218581,159
11261657432281,11261657432422,141
11261657646356,11261657646531,175
11261657860144,11261657860281,137
11261658073661,11261658073822,161
11261658288595,11261658288724,129
11261658502104,11261658502235,131
11261658716491,11261658716655,164
11261659018500,11261659018644,144
11261659233643,11261659233816,173
11261659447990,11261659448128,138
11261659660468,11261659660613,145
11261659874772,11261659874919,147
11261660088324,11261660088476,152
11261660301873,11261660302044,171
11261660514919,11261660515071,152
11261660806383,11261660806524,141
11261661019615,11261661019759,144
11261661233452,11261661233610,158
11261661445981,11261661446123,142
11261661659093,11261661659232,139
11261661872545,11261661872699,154
11261662085984,11261662086128,144
11261662379658,11261662379806,148
11261662594478,11261662594612,134
11261662807998,11261662808132,134
11261663021859,11261663022013,154
11261663236347,11261663236492,145
11261663450053,11261663450200,147
11261663664345,11261663664481,136
11261663877456,11261663877591,135
11261664090671,11261664090814,143
11261664303089,11261664303257,168
11261664516770,11261664516926,156
11261664729620,11261664729773,153
11261664942664,11261664942840,176
11261665155380,11261665155541,161
11261665369414,11261665369551,137
11261665635251,11261665635411,160
11261665892777,11261665892911,134
11261666106383,11261666106556,173
11261666321277,11261666321420,143
11261666535009,11261666535158,149
11261666747832,11261666748002,170
11261666961225,11261666961413,188
11261667173703,11261667173876,173
11261667387634,11261667387812,178
11261667600709,11261667600874,165
11261667813546,11261667813734,188
11261668028552,11261668028709,157
11261668241653,11261668241798,145
11261668454908,11261668455048,140
11261668667545,11261668667693,148
11261668887971,11261668888112,141
11261669178624,11261669178766,142
11261669399347,11261669399521,174
11261669615268,11261669615419,151
11261669829820,11261669829972,152
11261670044685,11261670044821,136
11261670258966,11261670259121,155
11261670474194,11261670474333,139
11261670687639,11261670687767,128
11261670901968,11261670902106,138
11261671116634,11261671116785,151
11261671330383,11261671330521,138
11261671543255,11261671543394,139
11261671757353,11261671757494,141
11261671970234,11261671970381,147
11261672184240,11261672184381,141
11261672499691,11261672499868,177
11261672715733,11261672715879,146
11261672931568,11261672931714,146
11261673147407,11261673147541,134
11261673362921,11261673363055,134
11261673577221,11261673577364,143
11261673792857,11261673793001,144
11261674008682,11261674008831,149
11261674222458,11261674222606,148
11261674436707,11261674436842,135
11261674649894,11261674650040,146
11261674862331,11261674862491,160
11261675076418,11261675076556,138
11261675343680,11261675343846,166
11261675586908,11261675587073,165
11261675918973,11261675919110,137
11261676223346,11261676223498,152
11261676515962,11261676516119,157
11261676808140,11261676808279,139
11261677106127,11261677106285,158
11261677491374,11261677491517,143
11261677783581,11261677783710,129
11261678074276,11261678074446,170
11261678341050,11261678341222,172
11261678588415,11261678588565,150
11261678822202,11261678822363,161
11261679063939,11261679064116,177
11261679299299,11261679299428,129
11261679567943,11261679568074,131
11261679858386,11261679858532,146
11261680158868,11261680159000,132
11261680449327,11261680449454,127
11261680744097,11261680744251,154
11261681009230,11261681009380,150
11261681244591,11261681244739,148
11261681478677,11261681478819,142
11261681711505,11261681711672,167
11261681945099,11261681945231,132
11261682178942,11261682179096,154
11261682454084,11261682454230,146
11261682745302,11261682745446,144
11261683051133,11261683051278,145
11261683342278,11261683342421,143
11261683643809,11261683643963,154
11261683922211,11261683922349,138
11261684158678,11261684158819,141
11261684392679,11261684392796,117
11261684628656,11261684628812,156
11261684863651,11261684863813,162
11261685099858,11261685100035,177
11261685334086,11261685334253,167
11261685576494,11261685576666,172
11261685812606,11261685812764,158
11261686048749,11261686048903,154
11261686282843,11261686283024,181
11261686516576,11261686516762,186
11261686752193,11261686752351,158
11261686987991,11261686988147,156
11261687222397,11261687222546,149
11261687456436,11261687456596,160
11261687691035,11261687691189,154
11261687925470,11261687925639,169
11261688159744,11261688159928,184
11261688392974,11261688393134,160
11261688627950,11261688628092,142
11261688862011,11261688862160,149
11261689106750,11261689106923,173
11261689343109,11261689343254,145
11261689578777,11261689578942,165
11261689816380,11261689816539,159
11261690052074,11261690052249,175
11261690287481,11261690287645,164
11261690523115,11261690523295,180
11261690758248,11261690758433,185
11261690992714,11261690992877,163
11261691226377,11261691226566,189
11261691462293,11261691462454,161
11261691696500,11261691696656,156
11261691931631,11261691931808,177
11261692165774,11261692165929,155
11261692408031,11261692408209,178
11261692642235,11261692642412,177
11261692876836,11261692876998,162
11261693113650,11261693113816,166
11261693348669,11261693348814,145
11261693582036,11261693582198,162
11261693817152,11261693817308,156
11261694052244,11261694052397,153
11261694287235,11261694287400,165
11261694522138,11261694522287,149
11261694756263,11261694756409,146
11261694990640,11261694990791,151
11261695224199,11261695224347,148
11261695458552,11261695458710,158
11261695701178,11261695701342,164
11261695936850,11261695937002,152
11261696172835,11261696172997,162
11261696413934,11261696414080,146
11261696649045,11261696649198,153
11261696882539,11261696882698,159
11261697117262,11261697117407,145
11261697351585,11261697351757,172
11261697597102,11261697597246,144
11261697830127,11261697830287,160
11261698064923,11261698065093,170
11261698321760,11261698321910,150
11261698555968,11261698556151,183
11261698790888,11261698791046,158
11261699031790,11261699031967,177
11261699266881,11261699267036,155
11261699500620,11261699500788,168
11261699735303,11261699735453,150
11261699969091,11261699969247,156
11261700202617,11261700202769,152
11261700436828,11261700436989,161
11261700671590,11261700671747,157
11261700905803,11261700905968,165
11261701142277,11261701142425,148
11261701377612,11261701377762,150
11261701615801,11261701615942,141
11261701852932,11261701853086,154
11261702087514,11261702087655,141
11261702332593,11261702332760,167
11261702569795,11261702569969,174
11261702806674,11261702806847,173
11261703041611,11261703041770,159
11261703277572,11261703277745,173
11261703512113,11261703512257,144
11261703747123,11261703747283,160
11261703981377,11261703981529,152
11261704215968,11261704216127,159
11261704450226,11261704450393,167
11261704685683,11261704685836,153
11261704919706,11261704919864,158
11261705154777,11261705154919,142
11261705390239,11261705390406,167
11261705631759,11261705631944,185
11261705868926,11261705869083,157
11261706104397,11261706104571,174
11261706341414,11261706341589,175
11261706575838,11261706575990,152
11261706812201,11261706812355,154
11261707045888,11261707046052,164
11261707280815,11261707280971,156
11261707515580,11261707515725,145
11261707750751,11261707750897,146
11261707984780,11261707984933,153
11261708219548,11261708219698,150
11261708454678,11261708454850,172
11261708688520,11261708688696,176
11261708932158,11261708932321,163
11261709170077,11261709170213,136
11261709406360,11261709406525,165
11261709640719,11261709640883,164
11261709875923,11261709876091,168
11261710110166,11261710110355,189
11261710345475,11261710345635,160
11261710579751,11261710579902,151
11261710813817,11261710813983,166
11261711047212,11261711047383,171
11261711281042,11261711281205,163
11261711515170,11261711515341,171
11261711752017,11261711752164,147
11261711988273,11261711988421,148
11261712231039,11261712231206,167
11261712466425,11261712466571,146
11261712704420,11261712704573,153
11261712938353,11261712938515,162
11261713174265,11261713174424,159
11261713410546,11261713410686,140
11261713645757,11261713645931,174
11261713880200,11261713880370,170
11261714115228,11261714115381,153
11261714350767,11261714350937,170
11261714585985,11261714586148,163
11261714821095,11261714821272,177
11261715055793,11261715055966,173
11261715294625,11261715294777,152
11261715530336,11261715530496,160
11261715792558,11261715792719,161
11261716028659,11261716028847,188
11261716264737,11261716264900,163
11261716499309,11261716499480,171
11261716735583,11261716735763,180
11261716971850,11261716972019,169
11261717207660,11261717207809,149
11261717441922,11261717442087,165
11261717677119,11261717677296,177
11261717911809,11261717911959,150
11261718147203,11261718147364,161
11261718383857,11261718384018,161
11261718618615,11261718618777,162
11261718854147,11261718854288,141
11261719097891,11261719098028,137
11261719333939,11261719334074,135
11261719570689,11261719570820,131
11261719807262,11261719807410,148
11261720042955,11261720043091,136
11261720279222,11261720279367,145
11261720514007,11261720514125,118
11261720750863,11261720751006,143
11261720985125,11261720985263,138
11261721219323,11261721219454,131
11261721453016,11261721453152,136
11261721687790,11261721687929,139
11261721922000,11261721922146,146
11261722157168,11261722157311,143
11261722397836,11261722398017,181
11261722642074,11261722642237,163
11261722877321,11261722877454,133
11261723112006,11261723112138,132
11261723347203,11261723347376,173
11261723582973,11261723583104,131
11261723817724,11261723817854,130
11261724052471,11261724052609,138
11261724304316,11261724304474,158
11261724539312,11261724539473,161
11261724773113,11261724773258,145
11261725007714,11261725007861,147
11261725242649,11261725242812,163
11261725476960,11261725477084,124
11261725716048,11261725716215,167
11261725951231,11261725951399,168
11261726184349,11261726184496,147
11261726418350,11261726418510,160
11261726651517,11261726651670,153
11261726886013,11261726886154,141
11261727118295,11261727118435,140
11261727365894,11261727366035,141
11261727597927,11261727598097,170
11261727831751,11261727831885,134
11261728065139,11261728065288,149
11261728298762,11261728298916,154
11261728561774,11261728561955,181
11261728796231,11261728796382,151
11261729036816,11261729036990,174
11261729274107,11261729274257,150
11261729508229,11261729508379,150
11261729741431,11261729741588,157
11261729974202,11261729974388,186
11261730208940,11261730209102,162
11261730441730,11261730441880,150
11261730673820,11261730673966,146
11261730906404,11261730906550,146
11261731139675,11261731139847,172
11261731375498,11261731375670,172
11261731609010,11261731609178,168
11261731841886,11261731842048,162
11261732075322,11261732075468,146
11261732314678,11261732314846,168
11261732548171,11261732548341,170
11261732781004,11261732781166,162
11261733013184,11261733013343,159
11261733245456,11261733245623,167
11261733478865,11261733479045,180
11261733712510,11261733712685,175
11261733945903,11261733946065,162
11261734181100,11261734181285,185
11261734414151,11261734414312,161
11261734647045,11261734647228,183
11261734881177,11261734881341,164
11261735114949,11261735115102,153
11261735348599,11261735348775,176
11261735591736,11261735591899,163
11261735827047,11261735827217,170
11261736062190,11261736062341,151
11261736296280,11261736296431,151
11261736530977,11261736531120,143
11261736765199,11261736765359,160
11261737002925,11261737003080,155
11261737238719,11261737238874,155
11261737471249,11261737471400,151
11261737704718,11261737704872,154
11261737939512,11261737939657,145
11261738174628,11261738174787,159
11261738410109,11261738410242,133
11261738643861,11261738643976,115
11261738883696,11261738883844,148
11261739118170,11261739118329,159
11261739352111,11261739352293,182
11261739585375,11261739585504,129
11261739819798,11261739819949,151
11261740053822,11261740053962,140
11261740287190,11261740287345,155
11261740521218,11261740521353,135
11261740755397,11261740755522,125
11261740988092,11261740988238,146
11261741222138,11261741222294,156
11261741455205,11261741455345,140
11261741689731,11261741689870,139
11261741922486,11261741922634,148
11261742156668,11261742156808,140
11261742395930,11261742396105,175
11261742631298,11261742631458,160
11261742865048,11261742865199,151
11261743099705,11261743099857,152
11261743333261,11261743333401,140
11261743567110,11261743567275,165
11261743799997,11261743800142,145
11261744033875,11261744034031,156
11261744268461,11261744268621,160
11261744501732,11261744501857,125
11261744735157,11261744735319,162
11261744967697,11261744967852,155
11261745201327,11261745201495,168
11261745435823,11261745435979,156
11261745677699,11261745677838,139
11261745914690,11261745914850,160
11261746148363,11261746148521,158
11261746382459,11261746382625,166
11261746617210,11261746617367,157
11261746853269,11261746853415,146
11261747087602,11261747087744,142
11261747320803,11261747320927,124
11261747554964,11261747555103,139
11261747790352,11261747790505,153
11261748024410,11261748024546,136
11261748258226,11261748258368,142
11261748499835,11261748499973,138
11261748736409,11261748736549,140
11261748978272,11261748978411,139
11261749214699,11261749214834,135
11261749449018,11261749449187,169
11261749683596,11261749683736,140
11261749918110,11261749918238,128
11261750152952,11261750153067,115
11261750387218,11261750387348,130
11261750621605,11261750621763,158
11261750855489,11261750855629,140
11261751088927,11261751089086,159
11261751322628,11261751322812,184
11261751561986,11261751562137,151
11261751801748,11261751801884,136
11261752065884,11261752066045,161
11261752305750,11261752305854,104
11261752529997,11261752530127,130
11261752768296,11261752768461,165
11261753106416,11261753106703,287
11261753434037,11261753434221,184
11261753675690,11261753675820,130
11261753888755,11261753888857,102
11261754099667,11261754099786,119
11261754314648,11261754314775,127
11261754601764,11261754601944,180
11261754835394,11261754835550,156
11261755049545,11261755049664,119
11261755260531,11261755260657,126
11261755470919,11261755471044,125
11261755793836,11261755794066,230
11261756094004,11261756094190,186
11261756348020,11261756348191,171
11261756565069,11261756565220,151
11261756838486,11261756838635,149
11261757083699,11261757083859,160
11261757306300,11261757306469,169
11261757536127,11261757536312,185
11261757749782,11261757749920,138
11261757961491,11261757961633,142
11261758172374,11261758172498,124
11261758393978,11261758394100,122
11261758605584,11261758605719,135
11261758823885,11261758824012,127
11261759058211,11261759058343,132
11261759278963,11261759279118,155
11261759518180,11261759518332,152
11261759732337,11261759732541,204
11261759987803,11261759987937,134
11261760220580,11261760220714,134
11261760443966,11261760444121,155
11261760671047,11261760671195,148
11261761035377,11261761035635,258
11261761385821,11261761386047,226
11261761870958,11261761871591,633
11261762325117,11261762325323,206
11261762821576,11261762821776,200
11261763237148,11261763237496,348
11261763602369,11261763602561,192
11261763943337,11261763943698,361
11261764262817,11261764262923,106
11261764565760,11261764565912,152
11261764867744,11261764867921,177
11261765141215,11261765141344,129
11261765390890,11261765391032,142
11261765695997,11261765696304,307
11261766012590,11261766012738,148
11261766288685,11261766288826,141
11261766528133,11261766528271,138
11261766756721,11261766756863,142
11261766992629,11261766992729,100
11261767235401,11261767235545,144
11261767479631,11261767479740,109
11261767704552,11261767704672,120
11261767931608,11261767931759,151
11261768152144,11261768152251,107
11261768383879,11261768384043,164
11261768618369,11261768618535,166
11261768845452,11261768845611,159
11261769086969,11261769087150,181
11261769318105,11261769318255,150
11261769648758,11261769648931,173
11261769925283,11261769925550,267
11261770197027,11261770197174,147
11261770470044,11261770470214,170
11261770722781,11261770723046,265
11261771103947,11261771104236,289
11261771500374,11261771500589,215
11261771821293,11261771821434,141
11261772050578,11261772050734,156
11261772286877,11261772287023,146
11261772505052,11261772505178,126
11261772723187,11261772723319,132
11261772980834,11261772980923,89
11261773280493,11261773280616,123
11261773505143,11261773505252,109
11261773716386,11261773716477,91
11261773927969,11261773928102,133
11261774144716,11261774144834,118
11261774366614,11261774366738,124
11261774606156,11261774606260,104
11261774855785,11261774855925,140
11261775082545,11261775082642,97
11261775331607,11261775331822,215
11261775610978,11261775611197,219
11261775876438,11261775876592,154
11261776193033,11261776193138,105
11261776531765,11261776531858,93
11261776858169,11261776858262,93
11261777128059,11261777128167,108
11261777398215,11261777398362,147
11261777682046,11261777682197,151
11261777925431,11261777925562,131
11261778158938,11261778159023,85
11261778373158,11261778373282,124
11261778655597,11261778655719,122
11261778928308,11261778928450,142
11261779167203,11261779167433,230
11261779398731,11261779398865,134
11261779618197,11261779618341,144
11261779865131,11261779865286,155
11261780171203,11261780171350,147
11261780400186,11261780400325,139
11261780613440,11261780613577,137
11261780826088,11261780826250,162
11261781039001,11261781039130,129
11261781250993,11261781251129,136
11261781467942,11261781468075,133
11261781681385,11261781681529,144
11261781897881,11261781898013,132
11261782114471,11261782114606,135
11261782397906,11261782398058,152
11261782618446,11261782618578,132
11261782834986,11261782835115,129
11261783050391,11261783050526,135
11261783265867,11261783266041,174
11261783487546,11261783487687,141
11261783702532,11261783702670,138
11261783917582,11261783917715,133
11261784147589,11261784147722,133
11261784431724,11261784431867,143
11261784759581,11261784759710,129
11261784994311,11261784994414,103
11261785211727,11261785211856,129
11261785450990,11261785451123,133
11261785683959,11261785684084,125
11261785897536,11261785897676,140
11261786111025,11261786111165,140
11261786324838,11261786324968,130
11261786565792,11261786565930,138
11261786774186,11261786774316,130
11261786994171,11261786994329,158
11261787204636,11261787204759,123
11261787414147,11261787414281,134
11261787624345,11261787624457,112
11261787835890,11261787836020,130
11261788046853,11261788046982,129
11261788255862,11261788256000,138
11261788478041,11261788478178,137
11261788689732,11261788689865,133
11261788915383,11261788915542,159
11261789185924,11261789186061,137
11261789396276,11261789396406,130
11261789617977,11261789618115,138
11261789824298,11261789824428,130
11261790034634,11261790034725,91
11261790250579,11261790250705,126
11261790457856,11261790457986,130
11261790667392,11261790667560,168
11261790905820,11261790905989,169
11261791119757,11261791119916,159
11261791351945,11261791352074,129
11261791559027,11261791559155,128
11261791766187,11261791766315,128
11261791973936,11261791974076,140
11261792180690,11261792180822,132
11261792425520,11261792425663,143
11261792636570,11261792636716,146
11261792844463,11261792844597,134
11261793051036,11261793051179,143
11261793283401,11261793283534,133
11261793494724,11261793494861,137
11261793705824,11261793705954,130
11261793916678,11261793916833,155
11261794143243,11261794143384,141
11261794380752,11261794380896,144
11261794590077,11261794590221,144
11261794801844,11261794801977,133
11261795009674,11261795009817,143
11261795217670,11261795217808,138
11261795433903,11261795434047,144
11261795693548,11261795693707,159
11261795938066,11261795938198,132
11261796168821,11261796168964,143
11261796375009,11261796375137,128
11261796585665,11261796585796,131
11261796790178,11261796790311,133
11261796994993,11261796995122,129
11261797200569,11261797200699,130
11261797411532,11261797411661,129
11261797617412,11261797617538,126
11261797828221,11261797828350,129
11261798035305,11261798035453,148
11261798241976,11261798242119,143
11261798447942,11261798448080,138
11261798653829,11261798653974,145
11261798859845,11261798859985,140
11261799075616,11261799075751,135
11261799283421,11261799283564,143
11261799488957,11261799489086,129
11261799697443,11261799697578,135
11261799903658,11261799903790,132
11261800110429,11261800110569,140
11261800316642,11261800316772,130
11261800522157,11261800522315,158
11261800728341,11261800728477,136
11261800933970,11261800934107,137
11261801141589,11261801141717,128
11261801354628,11261801354759,131
11261801572991,11261801573134,143
11261801779876,11261801780003,127
11261801987264,11261801987391,127
11261802213493,11261802213814,321
11261802426021,11261802426182,161
11261802632691,11261802632832,141
11261802839150,11261802839313,163
11261803046778,11261803046933,155
11261803252560,11261803252722,162
11261803465529,11261803465659,130
11261803672392,11261803672531,139
11261803878789,11261803878926,137
11261804085813,11261804085950,137
11261804294194,11261804294327,133
11261804509827,11261804509967,140
11261804715808,11261804715941,133
11261804920926,11261804921066,140
11261805127000,11261805127135,135
11261805360164,11261805360306,142
11261805572009,11261805572139,130
11261805778776,11261805778916,140
11261805985132,11261805985271,139
11261806190474,11261806190604,130
11261806423076,11261806423208,132
11261806629174,11261806629313,139
11261806834017,11261806834101,84
11261807039031,11261807039163,132
11261807243909,11261807244040,131
11261807464151,11261807464282,131
11261807666555,11261807666693,138
11261807870946,11261807871086,140
11261808075223,11261808075361,138
11261808309402,11261808309530,128
11261808515544,11261808515685,141
11261808722460,11261808722588,128
11261808932894,11261808933038,144
11261809137254,11261809137395,141
11261809347944,11261809348082,138
11261809555154,11261809555282,128
11261809760722,11261809760865,143
11261809965803,11261809965938,135
11261810171847,11261810171987,140
11261810376950,11261810377080,130
11261810581138,11261810581284,146
11261810786715,11261810786851,136
11261810991134,11261810991264,130
11261811197572,11261811197699,127
11261811420353,11261811420479,126
11261811626681,11261811626816,135
11261811833750,11261811833880,130
11261812040378,11261812040506,128
11261812286164,11261812286298,134
11261812494249,11261812494397,148
11261812700662,11261812700803,141
11261812905363,11261812905504,141
11261813109550,11261813109679,129
11261813314555,11261813314694,139
11261813529397,11261813529525,128
11261813736286,11261813736428,142
11261813942607,11261813942751,144
11261814146418,11261814146560,142
11261814351958,11261814352089,131
11261814556945,11261814557084,139
11261814762463,11261814762601,138
11261814966973,11261814967118,145
11261815171947,11261815172092,145
11261815376464,11261815376604,140
11261815585962,11261815586104,142
11261815791700,11261815791828,128
11261815997793,11261815997926,133
11261816203126,11261816203256,130
11261816425520,11261816425655,135
11261816631004,11261816631134,130
11261816836632,11261816836772,140
11261817040389,11261817040519,130
11261817246335,11261817246476,141
11261817453178,11261817453319,141
11261817657380,11261817657518,138
11261817863220,11261817863360,140
11261818070049,11261818070190,141
11261818274974,11261818275118,144
11261818479818,11261818479956,138
11261818689194,11261818689336,142
11261818900984,11261818901122,138
11261819109260,11261819109390,130
11261819329498,11261819329639,141
11261819534326,11261819534457,131
11261819739595,11261819739734,139
11261819944407,11261819944534,127
11261820150575,11261820150715,140
11261820372696,11261820372825,129
11261820577191,11261820577323,132
11261820782081,11261820782211,130
11261820987188,11261820987318,130
11261821191435,11261821191564,129
11261821396555,11261821396683,128
11261821600835,11261821600978,143
11261821805636,11261821805773,137
11261822012263,11261822012404,141
11261822223309,11261822223455,146
11261822430934,11261822431062,128
11261822636649,11261822636772,123
11261822842108,11261822842245,137
11261823048425,11261823048557,132
11261823254191,11261823254324,133
11261823476050,11261823476185,135
11261823683191,11261823683322,131
11261823891406,11261823891535,129
11261824119196,11261824119466,270
11261824385342,11261824385491,149
11261824604829,11261824604993,164
11261824814766,11261824814902,136
11261825021861,11261825021994,133
11261825241366,11261825241490,124
11261825449912,11261825450044,132
11261825664987,11261825665124,137
11261825875272,11261825875399,127
11261826083887,11261826084013,126
11261826291102,11261826291228,126
11261826505165,11261826505300,135
11261826711270,11261826711396,126
11261826918721,11261826918855,134
11261827125398,11261827125537,139
11261827338885,11261827339019,134
11261827545292,11261827545420,128
11261827751028,11261827751166,138
11261827956919,11261827957053,134
11261828162468,11261828162604,136
11261828369259,11261828369385,126
11261828574885,11261828575019,134
11261828779424,11261828779553,129
11261828988797,11261828988955,158
11261829200524,11261829200651,127
11261829407387,11261829407522,135
11261829613725,11261829613846,121
11261829818425,11261829818565,140
11261830025242,11261830025360,118
11261830231259,11261830231385,126
11261830450558,11261830450691,133
11261830654712,11261830654837,125
11261830860026,11261830860155,129
11261831064407,11261831064527,120
11261831268731,11261831268858,127
11261831488388,11261831488513,125
11261831694628,11261831694773,145
11261831899848,11261831899979,131
11261832104211,11261832104347,136
11261832323210,11261832323348,138
11261832531039,11261832531178,139
11261832736895,11261832737032,137
11261832942037,11261832942162,125
11261833146854,11261833146982,128
11261833359781,11261833359905,124
11261833565273,11261833565406,133
11261833769932,11261833770059,127
11261833974120,11261833974247,127
11261834178398,11261834178522,124
11261834409846,11261834409973,127
11261834613874,11261834614001,127
11261834818827,11261834818954,127
11261835024138,11261835024265,127
11261835231314,11261835231434,120
11261835462679,11261835462806,127
11261835674467,11261835674587,120
11261835882883,11261835883031,148
11261836088203,11261836088332,129
11261836301416,11261836301543,127
11261836506184,11261836506315,131
11261836711785,11261836711911,126
11261836916976,11261836917099,123
11261837122366,11261837122491,125
11261837327289,11261837327413,124
11261837532703,11261837532836,133
11261837737066,11261837737192,126
11261837942979,11261837943106,127
11261838147835,11261838147960,125
11261838359642,11261838359768,126
11261838564361,11261838564486,125
11261838769154,11261838769284,130
11261838979182,11261838979316,134
11261839185233,11261839185368,135
11261839389118,11261839389240,122
11261839597673,11261839597796,123
11261839803909,11261839804043,134
11261840008609,11261840008750,141
11261840214145,11261840214267,122
11261840433229,11261840433357,128
11261840637620,11261840637745,125
11261840841695,11261840841823,128
11261841046533,11261841046660,127
11261841251486,11261841251611,125
11261841470529,11261841470655,126
11261841676142,11261841676267,125
11261841881542,11261841881669,127
11261842086618,11261842086747,129
11261842296708,11261842296842,134
11261842503001,11261842503130,129
11261842707410,11261842707541,131
11261842913138,11261842913265,127
11261843119412,11261843119541,129
11261843327817,11261843327945,128
11261843537552,11261843537679,127
11261843747425,11261843747551,126
11261843972403,11261843972653,250
11261844195429,11261844195555,126
11261844403378,11261844403512,134
11261844609302,11261844609431,129
11261844817915,11261844818048,133
11261845024255,11261845024391,136
11261845229675,11261845229799,124
11261845435743,11261845435877,134
11261845649375,11261845649502,127
11261845856861,11261845856991,130
11261846063670,11261846063805,135
11261846270647,11261846270780,133
11261846478468,11261846478605,137
11261846685314,11261846685453,139
11261846888923,11261846889068,145
11261847094680,11261847094825,145
11261847298430,11261847298566,136
11261847504122,11261847504254,132
11261847734832,11261847734974,142
11261847952166,11261847952304,138
11261848159649,11261848159786,137
11261848381473,11261848381598,125
11261848589287,11261848589405,118
11261848795312,11261848795460,148
11261849015163,11261849015295,132
11261849228231,11261849228370,139
11261849434986,11261849435120,134
11261849643127,11261849643255,128
11261849849043,11261849849165,122
11261850062250,11261850062373,123
11261850269033,11261850269162,129
11261850481277,11261850481401,124
11261850687328,11261850687462,134
11261850894268,11261850894403,135
11261851100982,11261851101123,141
11261851307572,11261851307716,144
11261851513977,11261851514106,129
11261851720432,11261851720562,130
11261851927820,11261851927953,133
11261852135861,11261852136007,146
11261852346786,11261852346939,153
11261852579078,11261852579214,136
11261852784507,11261852784640,133
11261852989171,11261852989308,137
11261853194064,11261853194190,126
11261853424311,11261853424444,133
11261853630544,11261853630682,138
11261853836975,11261853837112,137
11261854044617,11261854044754,137
11261854252960,11261854253095,135
11261854458737,11261854458864,127
11261854663176,11261854663301,125
11261854871748,11261854871873,125
11261855081199,11261855081324,125
11261855290349,11261855290479,130
11261855511388,11261855511514,126
11261855724714,11261855724838,124
11261855932640,11261855932776,136
11261856138854,11261856138978,124
11261856347666,11261856347785,119
11261856555678,11261856555789,111
11261856762650,11261856762787,137
11261856969543,11261856969667,124
11261857225861,11261857226042,181
11261857451834,11261857451997,163
11261857664893,11261857665052,159
11261857874857,11261857875005,148
11261858084403,11261858084529,126
11261858311242,11261858311378,136
11261858544013,11261858544140,127
11261858751059,11261858751184,125
11261858968055,11261858968207,152
11261859188867,11261859188997,130
11261859426662,11261859426797,135
11261859632925,11261859633055,130
11261859840815,11261859840958,143
11261860045852,11261860045980,128
11261860251088,11261860251207,119
11261860470805,11261860470931,126
11261860682785,11261860682919,134
11261860905991,11261860906158,167
11261861121828,11261861121973,145
11261861330508,11261861330634,126
11261861555632,11261861555771,139
11261861764484,11261861764623,139
11261861972367,11261861972496,129
11261862177897,11261862178030,133
11261862393849,11261862393981,132
11261862605520,11261862605665,145
11261862813967,11261862814107,140
11261863022691,11261863022820,129
11261863232489,11261863232625,136
11261863442923,11261863443049,126
11261863653574,11261863653711,137
11261863863005,11261863863130,125
11261864069924,11261864070062,138
11261864281030,11261864281168,138
11261864487962,11261864488098,136
11261864695040,11261864695178,138
11261864902667,11261864902804,137
11261865111344,11261865111473,129
11261865336192,11261865336329,137
11261865549348,11261865549489,141
11261865757729,11261865757866,137
11261865966688,11261865966813,125
11261866174284,11261866174391,107
11261866382553,11261866382659,106
11261866589406,11261866589531,125
11261866799201,11261866799318,117
11261867007138,11261867007243,105
11261867217751,11261867217875,124
11261867432977,11261867433105,128
11261867643565,11261867643704,139
11261867853360,11261867853486,126
11261868061220,11261868061355,135
11261868268959,11261868269093,134
11261868496276,11261868496409,133
11261868705623,11261868705751,128
11261868918736,11261868918879,143
11261869128129,11261869128267,138
11261869337152,11261869337288,136
11261869544821,11261869544948,127
11261869756497,11261869756634,137
11261869964722,11261869964847,125
11261870173811,11261870173941,130
11261870384125,11261870384277,152
11261870593180,11261870593311,131
11261870801691,11261870801836,145
11261871011011,11261871011133,122
11261871226280,11261871226408,128
11261871461061,11261871461189,128
11261871667318,11261871667450,132
11261871883345,11261871883474,129
11261872090155,11261872090283,128
11261872300718,11261872300855,137
11261872531835,11261872531977,142
11261872736956,11261872737089,133
11261872943391,11261872943531,140
11261873148799,11261873148923,124
11261873436206,11261873436387,181
11261873796302,11261873796483,181
11261874039395,11261874039570,175
11261874249683,11261874249839,156
11261874457796,11261874457916,120
11261874665691,11261874665824,133
11261874873069,11261874873187,118
11261875096411,11261875096562,151
11261875313894,11261875314029,135
11261875539908,11261875540028,120
11261875757286,11261875757403,117
11261875967574,11261875967695,121
11261876180640,11261876180761,121
11261876391693,11261876391827,134
11261876623784,11261876623904,120
11261876831094,11261876831212,118
11261877036201,11261877036334,133
11261877242013,11261877242134,121
11261877486079,11261877486199,120
11261877691710,11261877691832,122
11261877897580,11261877897707,127
11261878104646,11261878104773,127
11261878317175,11261878317303,128
11261878525204,11261878525316,112
11261878731018,11261878731140,122
11261878942163,11261878942301,138
11261879151051,11261879151203,152
11261879357784,11261879357909,125
11261879580159,11261879580295,136
11261879786619,11261879786749,130
11261879993991,11261879994116,125
11261880200617,11261880200745,128
11261880424804,11261880424925,121
11261880632399,11261880632527,128
11261880838352,11261880838508,156
11261881043906,11261881044063,157
11261881249514,11261881249685,171
11261881469727,11261881469853,126
11261881675273,11261881675398,125
11261881881150,11261881881291,141
11261882092690,11261882092817,127
11261882304992,11261882305124,132
11261882514785,11261882514938,153
11261882719773,11261882719921,148
11261882925980,11261882926125,145
11261883132093,11261883132227,134
11261883350440,11261883350575,135
11261883557796,11261883557949,153
11261883765032,11261883765169,137
11261883972857,11261883972994,137
11261884178769,11261884178900,131
11261884392289,11261884392414,125
11261884600148,11261884600277,129
11261884807824,11261884807960,136
11261885014067,11261885014197,130
11261885219719,11261885219845,126
11261885432328,11261885432452,124
11261885685532,11261885685697,165
11261885918531,11261885918697,166
11261886128315,11261886128474,159
11261886336425,11261886336550,125
11261886567737,11261886567861,124
11261886773760,11261886773885,125
11261886980478,11261886980604,126
11261887186682,11261887186807,125
11261887417007,11261887417129,122
11261887622260,11261887622389,129
11261887826781,11261887826905,124
11261888032464,11261888032590,126
11261888237268,11261888237394,126
11261888467406,11261888467533,127
11261888671880,11261888672005,125
11261888882708,11261888882816,108
11261889088133,11261889088267,134
11261889293090,11261889293217,127
11261889514759,11261889514884,125
11261889719640,11261889719764,124
11261889924997,11261889925124,127
11261890130701,11261890130825,124
11261890334948,11261890335072,124
11261890565642,11261890565766,124
11261890770104,11261890770230,126
11261890977524,11261890977660,136
11261891182812,11261891182935,123
11261891410277,11261891410416,139
11261891613709,11261891613842,133
11261891819576,11261891819715,139
11261892025026,11261892025157,131
11261892235503,11261892235598,95
11261892441835,11261892441960,125
11261892651421,11261892651560,139
11261892858359,11261892858490,131
11261893063890,11261893064027,137
11261893269809,11261893269945,136
11261893474256,11261893474366,110
11261893679464,11261893679589,125
11261893883897,11261893884022,125
11261894087549,11261894087670,121
11261894291153,11261894291277,124
11261894496238,11261894496356,118
11261894700984,11261894701091,107
11261894904638,11261894904744,106
11261895109462,11261895109578,116
11261895325268,11261895325396,128
11261895531311,11261895531448,137
11261895741052,11261895741185,133
11261895944330,11261895944440,110
11261896148013,11261896148130,117
11261896351889,11261896352004,115
11261896568348,11261896568455,107
11261896773387,11261896773502,115
11261896978512,11261896978628,116
11261897184409,11261897184518,109
11261897389199,11261897389326,127
11261897593712,11261897593824,112
11261897797275,11261897797389,114
11261897999842,11261897999963,121
11261898203742,11261898203850,108
11261898409203,11261898409332,129
11261898612861,11261898612987,126
11261898816903,11261898817022,119
11261899025246,11261899025357,111
11261899230450,11261899230572,122
11261899434557,11261899434679,122
11261899638277,11261899638384,107
11261899842301,11261899842419,118
11261900046807,11261900046935,128
11261900250400,11261900250521,121
11261900469720,11261900469836,116
11261900672977,11261900673105,128
11261900876493,11261900876611,118
11261901089688,11261901089814,126
11261901294800,11261901294918,118
11261901499854,11261901499971,117
11261901703248,11261901703367,119
11261901908216,11261901908335,119
11261902112275,11261902112395,120
11261902321013,11261902321139,126
11261902526057,11261902526177,120
11261902730238,11261902730356,118
11261902936678,11261902936792,114
11261903140807,11261903140907,100
11261903344934,11261903345028,94
11261903548755,11261903548868,113
11261903752324,11261903752439,115
11261903955670,11261903955795,125
11261904158279,11261904158402,123
11261904361591,11261904361715,124
11261904564946,11261904565073,127
11261904769397,11261904769524,127
11261904972945,11261904973070,125
11261905176184,11261905176311,127
11261905378619,11261905378748,129
11261905586305,11261905586438,133
11261905790742,11261905790872,130
11261905995626,11261905995750,124
11261906199051,11261906199180,129
11261906402981,11261906403104,123
11261906605694,11261906605819,125
11261906809943,11261906810072,129
11261907014973,11261907015100,127
11261907219023,11261907219149,126
11261907422779,11261907422895,116
11261907641194,11261907641322,128
11261907844619,11261907844729,110
11261908048358,11261908048478,120
11261908252242,11261908252363,121
11261908459395,11261908459524,129
11261908664031,11261908664145,114
11261908867159,11261908867284,125
11261909080240,11261909080352,112
11261909285423,11261909285551,128
11261909491126,11261909491254,128
11261909697399,11261909697525,126
11261909901916,11261909902042,126
11261910105464,11261910105590,126
11261910309752,11261910309877,125
11261910514115,11261910514242,127
11261910718096,11261910718223,127
11261910922689,11261910922800,111
11261911126311,11261911126435,124
11261911330671,11261911330778,107
11261911534192,11261911534316,124
11261911737721,11261911737842,121
11261911942114,11261911942237,123
11261912145583,11261912145707,124
11261912353462,11261912353599,137
11261912559625,11261912559755,130
11261912764191,11261912764308,117
11261912967667,11261912967793,126
11261913175616,11261913175742,126
11261913380950,11261913381078,128
11261913585244,11261913585371,127
11261913789625,11261913789749,124
11261913992373,11261913992481,108
11261914196879,11261914196995,116
11261914411788,11261914411909,121
11261914616143,11261914616262,119
11261914821301,11261914821410,109
11261915033224,11261915033344,120
11261915246690,11261915246801,111
11261915452637,11261915452745,108
11261915665855,11261915665975,120
11261915874159,11261915874302,143
11261916082352,11261916082474,122
11261916287116,11261916287225,109
11261916516641,11261916516753,112
11261916720906,11261916721025,119
11261916924321,11261916924425,104
11261917127202,11261917127323,121
11261917330293,11261917330413,120
11261917540082,11261917540201,119
11261917742790,11261917742898,108
11261917946113,11261917946223,110
11261918156789,11261918156916,127
11261918360697,11261918360815,118
11261918565802,11261918565921,119
11261918767885,11261918768003,118
11261918976848,11261918976969,121
11261919181052,11261919181173,121
11261919384838,11261919384943,105
11261919586626,11261919586744,118
11261919788854,11261919788984,130
11261919991267,11261919991373,106
11261920210175,11261920210309,134
11261920414338,11261920414464,126
11261920616969,11261920617080,111
11261920818951,11261920819080,129
11261921020867,11261921020992,125
11261921222798,11261921222927,129
11261921424904,11261921425029,125
11261921626494,11261921626620,126
11261921827573,11261921827696,123
11261922028310,11261922028440,130
11261922232920,11261922233069,149
11261922463804,11261922463933,129
11261922665694,11261922665822,128
11261922867189,11261922867315,126
11261923069341,11261923069467,126
11261923270876,11261923270996,120
11261923492631,11261923492752,121
11261923696657,11261923696773,116
11261923898254,11261923898381,127
11261924100025,11261924100141,116
11261924300202,11261924300328,126
11261924504745,11261924504862,117
11261924705188,11261924705314,126
11261924907230,11261924907357,127
11261925108240,11261925108366,126
11261925309217,11261925309345,128
11261925510852,11261925510978,126
11261925717921,11261925718054,133
11261925919749,11261925919878,129
11261926120202,11261926120324,122
11261926321160,11261926321290,130
11261926522977,11261926523103,126
11261926723793,11261926723919,126
11261926926570,11261926926695,125
11261927127443,11261927127570,127
11261927328037,11261927328164,127
11261927530098,11261927530224,126
11261927731903,11261927732030,127
11261927934503,11261927934628,125
11261928137015,11261928137145,130
11261928342872,11261928342998,126
11261928544425,11261928544549,124
11261928747944,11261928748070,126
11261928955274,11261928955406,132
11261929158851,11261929158967,116
11261929360365,11261929360489,124
11261929578774,11261929578899,125
11261929780908,11261929781033,125
11261929983431,11261929983544,113
11261930185177,11261930185288,111
11261930387112,11261930387237,125
11261930589338,11261930589461,123
11261930792089,11261930792214,125
11261930993792,11261930993915,123
11261931195568,11261931195694,126
11261931398395,11261931398519,124
11261931601091,11261931601216,125
11261931802645,11261931802765,120
11261932006055,11261932006179,124
11261932212737,11261932212866,129
11261932422484,11261932422620,136
11261932625479,11261932625598,119
11261932829243,11261932829370,127
11261933031784,11261933031908,124
11261933233527,11261933233653,126
11261933436677,11261933436802,125
11261933641842,11261933641968,126
11261933846588,11261933846713,125
11261934049351,11261934049479,128
11261934250869,11261934250996,127
11261934456366,11261934456489,123
11261934658647,11261934658772,125
11261934861189,11261934861317,128
11261935063539,11261935063660,121
11261935266395,11261935266520,125
11261935468894,11261935469020,126
11261935675278,11261935675406,128
11261935880008,11261935880135,127
11261936082480,11261936082614,134
11261936286636,11261936286761,125
11261936489116,11261936489243,127
11261936692385,11261936692514,129
11261936894612,11261936894737,125
11261937096923,11261937097050,127
11261937299877,11261937299966,89
11261937501692,11261937501818,126
11261937703003,11261937703129,126
11261937905207,11261937905318,111
11261938107470,11261938107603,133
11261938311237,11261938311355,118
11261938514475,11261938514611,136
11261938716524,11261938716649,125
11261938924189,11261938924323,134
11261939129022,11261939129146,124
11261939332948,11261939333078,130
11261939554864,11261939554985,121
11261939756928,11261939757054,126
11261939958724,11261939958848,124
11261940161802,11261940161937,135
11261940390234,11261940390363,129
11261940592723,11261940592849,126
11261940801981,11261940802119,138
11261941005654,11261941005778,124
11261941208028,11261941208155,127
11261941417000,11261941417129,129
11261941618980,11261941619110,130
11261941820804,11261941820934,130
11261942022728,11261942022853,125
11261942229803,11261942229940,137
11261942433820,11261942433948,128
11261942636305,11261942636438,133
11261942839011,11261942839137,126
11261943042623,11261943042748,125
11261943255121,11261943255246,125
11261943455861,11261943455987,126
11261943659528,11261943659659,131
11261943866336,11261943866481,145
11261944069484,11261944069609,125
11261944272702,11261944272827,125
11261944476800,11261944476923,123
11261944678764,11261944678890,126
11261944880165,11261944880290,125
11261945080644,11261945080772,128
11261945281942,11261945282070,128
11261945482914,11261945483040,126
11261945689949,11261945690086,137
11261945894151,11261945894289,138
11261946096030,11261946096178,148
11261946315391,11261946315516,125
11261946519512,11261946519637,125
11261946722729,11261946722854,125
11261946926034,11261946926158,124
11261947129781,11261947129908,127
11261947332368,11261947332493,125
11261947535136,11261947535261,125
11261947736727,11261947736852,125
11261947937443,11261947937572,129
11261948139548,11261948139673,125
11261948342409,11261948342536,127
11261948544717,11261948544842,125
11261948748824,11261948748949,125
11261948956231,11261948956348,117
11261949159247,11261949159375,128
11261949361485,11261949361612,127
11261949570940,11261949571063,123
11261949772588,11261949772714,126
11261949973560,11261949973689,129
11261950175665,11261950175792,127
11261950377897,11261950378025,128
11261950606557,11261950606683,126
11261950811800,11261950811925,125
11261951016061,11261951016188,127
11261951218744,11261951218870,126
11261951437187,11261951437298,111
11261951640285,11261951640403,118
11261951843078,11261951843203,125
11261952044373,11261952044498,125
11261952250719,11261952250860,141
11261952479518,11261952479648,130
11261952685083,11261952685193,110
11261952887769,11261952887887,118
11261953092267,11261953092369,102
11261953294585,11261953294695,110
11261953524023,11261953524134,111
11261953726525,11261953726651,126
11261953929331,11261953929456,125
11261954134981,11261954135104,123
11261954344798,11261954344926,128
11261954546802,11261954546928,126
11261954749379,11261954749505,126
11261954951454,11261954951579,125
11261955155422,11261955155544,122
11261955365367,11261955365493,126
11261955573388,11261955573519,131
11261955777958,11261955778095,137
11261955982236,11261955982362,126
11261956185303,11261956185438,135
11261956389060,11261956389184,124
11261956592069,11261956592199,130
11261956795332,11261956795472,140
11261956998713,11261956998834,121
11261957202065,11261957202187,122
11261957418288,11261957418411,123
11261957620028,11261957620142,114
11261957822383,11261957822511,128
11261958025169,11261958025289,120
11261958228537,11261958228660,123
11261958439826,11261958439946,120
11261958642453,11261958642576,123
11261958844956,11261958845080,124
11261959053875,11261959054003,128
11261959257796,11261959257927,131
11261959460780,11261959460906,126
11261959661887,11261959662013,126
11261959864097,11261959864223,126
11261960066431,11261960066577,146
11261960269915,11261960270039,124
11261960472063,11261960472191,128
11261960675905,11261960676031,126
11261960878734,11261960878858,124
11261961081831,11261961081957,126
11261961284393,11261961284509,116
11261961486246,11261961486369,123
11261961688081,11261961688205,124
11261961892464,11261961892590,126
11261962096461,11261962096589,128
11261962303979,11261962304107,128
11261962526039,11261962526168,129
11261962728303,11261962728432,129
11261962931796,11261962931925,129
11261963135791,11261963135917,126
11261963345095,11261963345220,125
11261963554481,11261963554609,128
11261963758299,11261963758427,128
11261963961327,11261963961456,129
11261964163631,11261964163754,123
11261964369517,11261964369639,122
11261964573787,11261964573911,124
11261964775200,11261964775325,125
11261964977835,11261964977960,125
11261965179525,11261965179645,120
11261965379932,11261965380056,124
11261965587613,11261965587743,130
11261965792481,11261965792603,122
11261965996169,11261965996297,128
11261966198985,11261966199110,125
11261966420474,11261966420600,126
11261966623839,11261966623963,124
11261966825368,11261966825494,126
11261967029026,11261967029155,129
11261967231857,11261967231982,125
11261967450311,11261967450437,126
11261967654996,11261967655122,126
11261967857922,11261967858048,126
11261968060997,11261968061125,128
11261968264631,11261968264757,126
11261968468682,11261968468806,124
11261968669828,11261968669958,130
11261968873233,11261968873357,124
11261969080794,11261969080919,125
11261969281950,11261969282075,125
11261969499396,11261969499521,125
11261969701974,11261969702100,126
11261969904505,11261969904635,130
11261970106507,11261970106614,107
11261970325858,11261970325985,127
11261970528176,11261970528300,124
11261970729218,11261970729345,127
11261970930515,11261970930629,114
11261971132208,11261971132334,126
11261971334835,11261971334953,118
11261971562822,11261971562947,125
11261971765395,11261971765518,123
11261971968418,11261971968544,126
11261972172126,11261972172262,136
11261972379630,11261972379759,129
11261972590801,11261972590926,125
11261972794719,11261972794839,120
11261972997852,11261972997973,121
11261973201684,11261973201810,126
11261973404529,11261973404648,119
11261973612667,11261973612794,127
11261973815373,11261973815455,82
11261974019541,11261974019663,122
11261974222300,11261974222419,119
11261974425836,11261974425951,115
11261974632353,11261974632473,120
11261974836643,11261974836759,116
11261975042723,11261975042836,113
11261975245867,11261975245995,128
11261975449123,11261975449251,128
11261975657637,11261975657768,131
11261975863291,11261975863400,109
11261976067797,11261976067899,102
11261976273659,11261976273771,112
11261976476707,11261976476827,120
11261976680146,11261976680255,109
11261976883066,11261976883195,129
11261977086413,11261977086541,128
11261977290529,11261977290654,125
11261977520194,11261977520323,129
11261977721850,11261977721968,118
11261977926844,11261977926973,129
11261978129239,11261978129361,122
11261978338353,11261978338476,123
11261978541109,11261978541233,124
11261978745785,11261978745897,112
11261978956902,11261978957019,117
11261979178385,11261979178522,137
11261979385092,11261979385216,124
11261979591822,11261979591949,127
11261979799044,11261979799161,117
11261980004695,11261980004809,114
11261980209387,11261980209530,143
11261980415699,11261980415819,120
11261980624090,11261980624234,144
11261980830375,11261980830500,125
11261981034308,11261981034443,135
11261981239283,11261981239413,130
11261981444241,11261981444360,119
11261981649615,11261981649749,134
11261981854989,11261981855115,126
11261982060911,11261982061051,140
11261982271115,11261982271252,137
11261982476229,11261982476361,132
11261982680902,11261982681029,127
11261982886338,11261982886457,119
11261983090117,11261983090243,126
11261983293658,11261983293784,126
11261983498364,11261983498494,130
11261983703456,11261983703580,124
11261983909104,11261983909228,124
11261984112721,11261984112846,125
11261984332511,11261984332639,128
11261984537399,11261984537518,119
11261984742254,11261984742375,121
11261984949435,11261984949547,112
11261985155690,11261985155804,114
11261985365973,11261985366087,114
11261985573968,11261985574100,132
11261985777923,11261985778057,134
11261985980210,11261985980337,127
11261986189412,11261986189540,128
11261986391698,11261986391826,128
11261986619741,11261986619849,108
11261986823616,11261986823715,99
11261987027013,11261987027134,121
11261987228652,11261987228777,125
11261987431190,11261987431315,125
11261987635155,11261987635297,142
11261987837509,11261987837634,125
11261988040162,11261988040288,126
11261988243175,11261988243300,125
11261988451074,11261988451195,121
11261988655128,11261988655236,108
11261988856692,11261988856821,129
11261989065995,11261989066121,126
11261989268902,11261989269026,124
11261989477078,11261989477205,127
11261989679088,11261989679213,125
11261989881203,11261989881332,129
11261990082327,11261990082452,125
11261990284116,11261990284241,125
11261990487634,11261990487768,134
11261990690752,11261990690886,134
11261990893036,11261990893162,126
11261991094852,11261991094980,128
11261991297129,11261991297252,123
11261991513798,11261991513921,123
11261991716876,11261991716997,121
11261991920611,11261991920734,123
11261992122595,11261992122719,124
11261992364051,11261992364182,131
11261992568789,11261992568916,127
11261992771838,11261992771963,125
11261992973411,11261992973533,122
11261993176262,11261993176387,125
11261993404447,11261993404576,129
11261993607395,11261993607521,126
11261993810125,11261993810248,123
11261994011020,11261994011147,127
11261994213088,11261994213214,126
11261994415686,11261994415811,125
11261994619724,11261994619850,126
11261994822469,11261994822582,113
11261995026253,11261995026370,117
11261995231821,11261995231931,110
11261995437851,11261995437970,119
11261995670164,11261995670273,109
11261995874441,11261995874547,106
11261996076335,11261996076436,101
11261996278133,11261996278220,87
11261996480573,11261996480671,98
11261996683325,11261996683444,119
11261996886278,11261996886394,116
11261997088031,11261997088131,100
11261997291141,11261997291256,115
11261997518684,11261997518798,114
11261997722625,11261997722743,118
11261997924790,11261997924909,119
11261998127088,11261998127208,120
11261998329046,11261998329171,125
11261998557968,11261998558094,126
11261998759552,11261998759657,105
11261998966521,11261998966650,129
11261999171809,11261999171937,128
11261999381399,11261999381526,127
11261999583134,11261999583241,107
11261999786033,11261999786157,124
11261999987647,11261999987777,130
11262000190890,11262000191023,133
11262000418610,11262000418735,125
11262000620551,11262000620672,121
11262000824188,11262000824310,122
11262001029854,11262001029982,128
11262001295676,11262001295820,144
11262001536110,11262001536232,122
11262001753608,11262001753709,101
11262001970805,11262001970913,108
11262002188095,11262002188213,118
11262002440562,11262002440718,156
11262002660559,11262002660688,129
11262002895147,11262002895288,141
11262003123750,11262003123891,141
11262003349057,11262003349192,135
11262003599203,11262003599347,144
11262003825868,11262003825975,107
11262004045108,11262004045237,129
11262004262313,11262004262438,125
11262004479544,11262004479662,118
11262004694932,11262004695037,105
11262004911037,11262004911143,106
11262005126172,11262005126314,142
11262005341063,11262005341191,128
11262005595314,11262005595468,154
11262005815270,11262005815405,135
11262006045434,11262006045577,143
11262006263711,11262006263854,143
11262006503137,11262006503279,142
11262006719164,11262006719300,136
11262006934402,11262006934530,128
11262007148581,11262007148706,125
11262007377364,11262007377498,134
11262007591763,11262007591897,134
11262007805370,11262007805494,124
11262008018951,11262008019060,109
11262008233961,11262008234090,129
11262008460807,11262008460932,125
11262008675631,11262008675761,130
11262008899277,11262008899396,119
11262009117311,11262009117439,128
11262009333914,11262009334043,129
11262009550532,11262009550666,134
11262009780925,11262009781041,116
11262009997405,11262009997550,145
11262010214110,11262010214238,128
11262010444642,11262010444766,124
11262010658427,11262010658573,146
11262010871474,11262010871599,125
11262011085322,11262011085431,109
11262011300266,11262011300390,124
11262011516078,11262011516185,107
11262011729746,11262011729863,117
11262011944398,11262011944506,108
11262012159866,11262012159975,109
11262012383535,11262012383695,160
11262012617627,11262012617731,104
11262012834838,11262012834955,117
11262013050368,11262013050489,121
11262013265276,11262013265385,109
11262013481782,11262013481892,110
11262013696370,11262013696485,115
11262013910796,11262013910912,116
11262014125223,11262014125327,104
11262014357304,11262014357422,118
11262014572292,11262014572415,123
11262014785440,11262014785560,120
11262015000456,11262015000573,117
11262015215932,11262015216052,120
11262015436490,11262015436611,121
11262015659508,11262015659623,115
11262015878118,11262015878233,115
11262016093137,11262016093265,128
11262016309140,11262016309269,129
11262016526109,11262016526240,131
11262016741549,11262016741674,125
11262016961653,11262016961764,111
11262017176692,11262017176802,110
11262017398729,11262017398849,120
11262017614638,11262017614764,126
11262017831843,11262017831976,133
11262018047443,11262018047562,119
11262018264087,11262018264209,122
11262018493923,11262018494047,124
11262018710073,11262018710214,141
11262018933438,11262018933572,134
11262019151454,11262019151591,137
11262019367445,11262019367583,138
11262019594322,11262019594443,121
11262019809813,11262019809926,113
11262020025558,11262020025678,120
11262020239006,11262020239123,117
11262020454290,11262020454409,119
11262020668804,11262020668921,117
11262020882706,11262020882827,121
11262021097428,11262021097543,115
11262021311819,11262021311938,119
11262021528227,11262021528337,110
11262021743186,11262021743293,107
11262021957901,11262021958010,109
11262022172066,11262022172181,115
11262022431832,11262022431948,116
11262022651905,11262022652049,144
11262022869211,11262022869350,139
11262023085370,11262023085503,133
11262023301906,11262023302027,121
11262023524293,11262023524429,136
11262023739694,11262023739838,144
11262023954745,11262023954866,121
11262024169871,11262024170009,138
11262024392117,11262024392251,134
11262024606797,11262024606939,142
11262024820960,11262024821099,139
11262025034761,11262025034903,142
11262025249144,11262025249278,134
11262025466420,11262025466557,137
11262025690361,11262025690514,153
11262025910246,11262025910388,142
11262026125857,11262026125990,133
11262026341694,11262026341826,132
11262026571767,11262026571894,127
11262026794548,11262026794673,125
11262027011114,11262027011237,123
11262027225929,11262027226076,147
11262027441350,11262027441496,146
11262027656191,11262027656327,136
11262027874067,11262027874201,134
11262028089141,11262028089275,134
11262028303823,11262028303963,140
11262028518208,11262028518353,145
11262028732675,11262028732816,141
11262028956430,11262028956583,153
11262029174556,11262029174702,146
11262029389678,11262029389813,135
11262029603433,11262029603582,149
11262029817024,11262029817160,136
11262030031802,11262030031942,140
11262030245147,11262030245289,142
11262030458389,11262030458540,151
11262030673167,11262030673293,126
11262030887875,11262030888001,126
11262031101162,11262031101301,139
11262031315680,11262031315822,142
11262031530115,11262031530252,137
11262031744630,11262031744771,141
11262031959340,11262031959465,125
11262032173463,11262032173587,124
11262032398783,11262032398914,131
11262032616328,11262032616458,130
11262032833894,11262032834019,125
11262033049685,11262033049810,125
11262033265779,11262033265905,126
11262033481245,11262033481372,127
11262033695552,11262033695667,115
11262033917727,11262033917860,133
11262034134846,11262034134982,136
11262034364798,11262034364945,147
11262034578630,11262034578754,124
11262034792726,11262034792852,126
11262035006582,11262035006710,128
11262035220837,11262035220960,123
11262035434273,11262035434396,123
11262035659652,11262035659787,135
11262035878714,11262035878848,134
11262036095294,11262036095444,150
11262036310763,11262036310914,151
11262036533985,11262036534138,153
11262036750106,11262036750237,131
11262036966866,11262036966994,128
11262037183028,11262037183155,127
11262037404625,11262037404780,155
11262037621000,11262037621124,124
11262037836553,11262037836682,129
11262038051269,11262038051393,124
11262038266561,11262038266679,118
11262038480319,11262038480445,126
11262038698504,11262038698630,126
11262038925044,11262038925173,129
11262039144197,11262039144328,131
11262039359837,11262039359967,130
11262039590648,11262039590777,129
11262039807226,11262039807360,134
11262040022884,11262040023010,126
11262040238421,11262040238548,127
11262040479983,11262040480131,148
11262040694307,11262040694448,141
11262040908168,11262040908326,158
11262041122381,11262041122523,142
11262041342829,11262041342960,131
11262041559139,11262041559266,127
11262041773410,11262041773535,125
11262041986971,11262041987096,125
11262042202301,11262042202429,128
11262042435433,11262042435572,139
11262042653133,11262042653271,138
11262042870027,11262042870154,127
11262043087270,11262043087418,148
11262043329320,11262043329475,155
11262043544050,11262043544178,128
11262043760232,11262043760386,154
11262043973964,11262043974111,147
11262044187980,11262044188113,133
11262044409364,11262044409510,146
11262044623747,11262044623887,140
11262044837109,11262044837257,148
11262045053104,11262045053262,158
11262045267399,11262045267544,145
11262045481915,11262045482072,157
11262045704384,11262045704539,155
11262045920370,11262045920513,143
11262046136350,11262046136484,134
11262046352909,11262046353058,149
11262046568278,11262046568413,135
11262046782630,11262046782787,157
11262047014373,11262047014535,162
11262047227622,11262047227760,138
11262047455653,11262047455770,117
11262047668102,11262047668236,134
11262047881869,11262047882002,133
11262048094152,11262048094284,132
11262048305789,11262048305926,137
11262048535130,11262048535277,147
11262048747603,11262048747756,153
11262048969611,11262048969753,142
11262049186438,11262049186569,131
11262049409505,11262049409634,129
11262049627838,11262049627972,134
11262049842589,11262049842710,121
11262050056926,11262050057039,113
11262050269243,11262050269379,136
11262050483252,11262050483393,141
11262050694671,11262050694802,131
11262050909158,11262050909271,113
11262051122984,11262051123114,130
11262051361917,11262051362053,136
11262051577020,11262051577162,142
11262051789686,11262051789843,157
11262052000596,11262052000742,146
11262052220492,11262052220622,130
11262052435880,11262052436026,146
11262052651077,11262052651226,149
11262052864958,11262052865083,125
11262053079464,11262053079640,176
11262053294540,11262053294678,138
11262053515463,11262053515610,147
11262053728710,11262053728857,147
11262053942065,11262053942212,147
11262054155616,11262054155746,130
11262054388016,11262054388159,143
11262054600781,11262054600909,128
11262054814023,11262054814168,145
11262055027641,11262055027775,134
11262055239715,11262055239857,142
11262055472374,11262055472491,117
11262055692377,11262055692541,164
11262055909301,11262055909444,143
11262056123423,11262056123563,140
11262056336962,11262056337113,151
11262056555196,11262056555338,142
11262056768018,11262056768147,129
11262056981205,11262056981343,138
11262057195053,11262057195211,158
11262057408589,11262057408735,146
11262057621545,11262057621674,129
11262057842466,11262057842620,154
11262058057651,11262058057802,151
11262058278299,11262058278430,131
11262058490361,11262058490526,165
11262058704674,11262058704813,139
11262058924317,11262058924484,167
11262059139593,11262059139756,163
11262059361288,11262059361447,159
11262059576556,11262059576708,152
11262059792853,11262059793012,159
11262060008261,11262060008413,152
11262060223635,11262060223784,149
11262060442314,11262060442470,156
11262060655713,11262060655851,138
11262060868300,11262060868439,139
11262061080798,11262061080934,136
11262061293172,11262061293307,135
11262061531077,11262061531240,163
11262061742774,11262061742907,133
11262061953823,11262061953973,150
11262062167587,11262062167727,140
11262062424419,11262062424557,138
11262062641235,11262062641402,167
11262062855808,11262062855960,152
11262063070962,11262063071104,142
11262063285458,11262063285614,156
11262063499525,11262063499668,143
11262063715168,11262063715294,126
11262063929405,11262063929546,141
11262064142441,11262064142572,131
11262064357102,11262064357235,133
11262064570798,11262064570932,134
11262064785198,11262064785325,127
11262064998488,11262064998625,137
11262065212327,11262065212482,155
11262065425823,11262065425981,158
11262065647518,11262065647674,156
11262065863945,11262065864079,134
11262066078928,11262066079064,136
11262066299319,11262066299447,128
11262066514104,11262066514237,133
11262066728134,11262066728259,125
11262066942356,11262066942503,147
11262067155944,11262067156054,110
11262067381061,11262067381190,129
11262067594770,11262067594893,123
11262067808941,11262067809059,118
11262068022073,11262068022214,141
11262068235891,11262068236018,127
11262068454511,11262068454639,128
11262068666939,11262068667043,104
11262068887839,11262068887979,140
11262069107901,11262069108060,159
11262069323757,11262069323916,159
11262069540747,11262069540918,171
11262069757828,11262069757946,118
11262069974973,11262069975154,181
11262070190396,11262070190528,132
11262070412956,11262070413110,154
11262070626401,11262070626538,137
11262070840613,11262070840752,139
11262071054022,11262071054148,126
11262071271111,11262071271246,135
11262071501868,11262071501986,118
11262071716362,11262071716483,121
11262071931572,11262071931698,126
11262072145565,11262072145731,166
11262072403857,11262072404002,145
11262072620285,11262072620440,155
11262072834719,11262072834869,150
11262073049430,11262073049565,135
11262073263611,11262073263748,137
11262073485442,11262073485589,147
11262073699563,11262073699712,149
11262073914383,11262073914511,128
11262074132691,11262074132828,137
11262074347119,11262074347242,123
11262074594069,11262074594208,139
11262074807836,11262074807970,134
11262075022071,11262075022221,150
11262075236018,11262075236155,137
11262075461505,11262075461642,137
11262075682717,11262075682866,149
11262075899307,11262075899427,120
11262076114286,11262076114402,116
11262076334924,11262076335057,133
11262076547401,11262076547527,126
11262076760477,11262076760610,133
11262076975249,11262076975378,129
11262077190338,11262077190473,135
11262077404311,11262077404470,159
11262077623981,11262077624126,145
11262077836297,11262077836430,133
11262078049500,11262078049646,146
11262078264683,11262078264828,145
11262078479779,11262078479913,134
11262078693712,11262078693866,154
11262078914637,11262078914763,126
11262079131234,11262079131375,141
11262079345293,11262079345448,155
11262079578496,11262079578632,136
11262079795609,11262079795754,145
11262080010647,11262080010773,126
11262080226268,11262080226430,162
11262080461158,11262080461321,163
11262080675729,11262080675892,163
11262080890497,11262080890654,157
11262081104999,11262081105145,146
11262081320922,11262081321080,158
11262081544208,11262081544355,147
11262081759570,11262081759709,139
11262081981524,11262081981661,137
11262082202281,11262082202419,138
11262082438790,11262082438933,143
11262082656424,11262082656577,153
11262082873175,11262082873317,142
11262083088802,11262083088956,154
11262083305372,11262083305527,155
11262083520861,11262083520993,132
11262083735602,11262083735741,139
11262083949818,11262083949942,124
11262084164399,11262084164533,134
11262084389942,11262084390093,151
11262084603969,11262084604112,143
11262084818466,11262084818607,141
11262085033386,11262085033518,132
11262085246814,11262085246937,123
11262085480089,11262085480241,152
11262085702871,11262085702992,121
11262085919871,11262085919989,118
11262086134352,11262086134469,117
11262086348936,11262086349077,141
11262086563023,11262086563147,124
11262086778823,11262086778962,139
11262086992266,11262086992396,130
11262087206631,11262087206745,114
11262087420061,11262087420178,117
11262087633830,11262087633944,114
11262087849397,11262087849554,157
11262088065273,11262088065393,120
11262088280425,11262088280552,127
11262088501623,11262088501762,139
11262088715796,11262088715951,155
11262088938650,11262088938768,118
11262089156435,11262089156569,134
11262089372010,11262089372140,130
11262089611991,11262089612123,132
11262089828506,11262089828642,136
11262090043654,11262090043782,128
11262090257881,11262090258011,130
11262090489482,11262090489595,113
11262090703104,11262090703241,137
11262090918593,11262090918719,126
11262091131533,11262091131652,119
11262091345960,11262091346087,127
11262091560011,11262091560142,131
11262091773919,11262091774049,130
11262091988080,11262091988178,98
11262092202142,11262092202270,128
11262092449771,11262092449912,141
11262092666997,11262092667120,123
11262092883830,11262092883944,114
11262093102652,11262093102794,142
11262093318459,11262093318591,132
11262093540743,11262093540869,126
11262093756193,11262093756317,124
11262093971172,11262093971314,142
11262094185220,11262094185361,141
11262094398200,11262094398336,136
11262094614438,11262094614567,129
11262094830416,11262094830578,162
11262095046251,11262095046393,142
11262095260403,11262095260543,140
11262095481042,11262095481177,135
11262095701190,11262095701342,152
11262095918377,11262095918540,163
11262096134447,11262096134605,158
11262096366175,11262096366314,139
11262096579605,11262096579720,115
11262096794330,11262096794460,130
11262097009395,11262097009531,136
11262097224684,11262097224812,128
11262097438685,11262097438798,113
11262097652296,11262097652447,151
11262097866178,11262097866317,139
11262098080351,11262098080491,140
11262098294484,11262098294619,135
11262098514047,11262098514169,122
11262098730295,11262098730424,129
11262098957311,11262098957473,162
11262099176277,11262099176441,164
11262099408305,11262099408448,143
11262099625662,11262099625794,132
11262099842284,11262099842422,138
11262100058112,11262100058247,135
11262100273217,11262100273377,160
11262100514834,11262100514969,135
11262100730050,11262100730172,122
11262100946168,11262100946272,104
11262101160892,11262101161020,128
11262101375650,11262101375771,121
11262101590522,11262101590664,142
11262101854107,11262101854253,146
11262102072144,11262102072275,131
11262102295527,11262102295668,141
11262102511847,11262102511989,142
11262102727272,11262102727417,145
11262102942888,11262102943025,137
11262103157035,11262103157173,138
11262103370653,11262103370768,115
11262103585374,11262103585520,146
11262103798859,11262103798997,138
11262104137503,11262104137675,172
11262104369121,11262104370375,1254
11262104589248,11262104589420,172
11262104807662,11262104808456,794
11262105025936,11262105026111,175
11262105241056,11262105241237,181
11262105456823,11262105457536,713
11262105684737,11262105684919,182
11262105913125,11262105913773,648
11262106130881,11262106131046,165
11262106356210,11262106356900,690
11262106574788,11262106574933,145
11262106790063,11262106790191,128
11262107006295,11262107006428,133
11262107222732,11262107223438,706
11262107439769,11262107439926,157
11262107655158,11262107655816,658
11262107870787,11262107871847,1060
11262108087576,11262108088181,605
11262108302935,11262108303126,191
11262108518529,11262108519152,623
11262108752229,11262108752424,195
11262108975769,11262108975925,156
11262109194012,11262109194159,147
11262109424132,11262109424273,141
11262109638033,11262109638714,681
11262109852921,11262109853530,609
11262110066027,11262110066715,688
11262110285946,11262110286565,619
11262110510689,11262110510856,167
11262110758104,11262110758911,807
11262110985236,11262110985325,89
11262111210279,11262111210871,592
11262111439560,11262111439690,130
11262111695151,11262111695808,657
11262111944744,11262111944913,169
11262112192325,11262112192473,148
11262112460636,11262112460798,162
11262112700763,11262112700893,130
11262112947313,11262112947444,131
11262113286815,11262113287983,1168
11262113586073,11262113587160,1087
11262113914546,11262113914747,201
11262114190826,11262114190931,105
11262114499576,11262114500763,1187
11262114813770,11262114814469,699
11262115112495,11262115113242,747
11262115413596,11262115414314,718
11262115743345,11262115743515,170
11262116020442,11262116021261,819
11262116280763,11262116281415,652
11262116541037,11262116541727,690
11262116823795,11262116824656,861
11262117127501,11262117128271,770
11262117386404,11262117387001,597
11262117625302,11262117625478,176
11262117864746,11262117865380,634
11262118109431,11262118109580,149
11262118364795,11262118365773,978
11262118615888,11262118616503,615
11262118870129,11262118870390,261
11262119131063,11262119131708,645
11262119378204,11262119378383,179
11262119616635,11262119617552,917
11262119857566,11262119858213,647
11262120093832,11262120094665,833
11262120339890,11262120340084,194
11262120577288,11262120577921,633
11262120815528,11262120816190,662
11262121051077,11262121051695,618
11262121285847,11262121286488,641
11262121521053,11262121521668,615
11262121757016,11262121757190,174
11262121990807,11262121990970,163
11262122237210,11262122237373,163
11262122490006,11262122490626,620
11262122728295,11262122728915,620
11262122966212,11262122966406,194
11262123203039,11262123203687,648
11262123511317,11262123511957,640
11262123800674,11262123800851,177
11262124116137,11262124116846,709
11262124363490,11262124364074,584
11262124608886,11262124609502,616
11262124856717,11262124857368,651
11262125107772,11262125108615,843
11262125414228,11262125414401,173
11262125744583,11262125744752,169
11262126004204,11262126004370,166
11262126254039,11262126254175,136
11262126570249,11262126570418,169
11262126857637,11262126858652,1015
11262127177466,11262127177634,168
11262127499716,11262127499848,132
11262127794140,11262127795170,1030
11262128084486,11262128084674,188
11262128358305,11262128358431,126
11262128616342,11262128617374,1032
11262128903204,11262128903858,654
11262129185912,11262129186530,618
11262129451077,11262129451784,707
11262129691664,11262129691825,161
11262129932810,11262129933423,613
11262130278754,11262130278901,147
11262130552517,11262130553306,789
11262130794804,11262130795474,670
11262131032764,11262131033404,640
11262131269824,11262131270440,616
11262131513381,11262131513968,587
11262131749404,11262131749542,138
11262131984489,11262131984662,173
11262132229305,11262132230316,1011
11262132473845,11262132474498,653
11262132711579,11262132712239,660
11262132949048,11262132949208,160
11262133185218,11262133185873,655
11262133423287,11262133423964,677
11262133658391,11262133659005,614
11262133894677,11262133894859,182
11262134130006,11262134130631,625
11262134365674,11262134366314,640
11262134605013,11262134605187,174
11262134846870,11262134847032,162
11262135080772,11262135081399,627
11262135315666,11262135316311,645
11262135567873,11262135568054,181
11262135897180,11262135897800,620
11262136216689,11262136216855,166
11262136481498,11262136482165,667
11262136723072,11262136723252,180
11262136961547,11262136962177,630
11262137200396,11262137200993,597
11262137442727,11262137443309,582
11262137680025,11262137680211,186
11262137914971,11262137915110,139
11262138184211,11262138184826,615
11262138416910,11262138417074,164
11262138648122,11262138648283,161
11262138888479,11262138888670,191
11262139173045,11262139173208,163
11262139436355,11262139436522,167
11262139671094,11262139671707,613
11262139911661,11262139912278,617
11262140146202,11262140146819,617
11262140379008,11262140379155,147
11262140617077,11262140617233,156
11262140847818,11262140847996,178
11262141109004,11262141109617,613
11262141372035,11262141372653,618
11262141609685,11262141609854,169
11262141843897,11262141844063,166
11262142074709,11262142074878,169
11262142380110,11262142380294,184
11262142615257,11262142615425,168
11262142841069,11262142841786,717
11262143049708,11262143049876,168
11262143263778,11262143263945,167
11262143469421,11262143469599,178
11262143675946,11262143676089,143
11262143882495,11262143882624,129
11262144087947,11262144088082,135
11262144292527,11262144292666,139
11262144510793,11262144511489,696
11262144717520,11262144717645,125
11262144921097,11262144921744,647
11262145125835,11262145125972,137
11262145330798,11262145331432,634
11262145535420,11262145536076,656
11262145752329,11262145752497,168
11262145956172,11262145956310,138
11262146160161,11262146160341,180
11262146364862,11262146365482,620
11262146572833,11262146573482,649
11262146779170,11262146779299,129
11262146983421,11262146984039,618
11262147188594,11262147189161,567
11262147401062,11262147401218,156
11262147605500,11262147606123,623
11262147811587,11262147812152,565
11262148016955,11262148017109,154
11262148221017,11262148221925,908
11262148433446,11262148433599,153
11262148639348,11262148639954,606
11262148846176,11262148846304,128
11262149056657,11262149056817,160
11262149262282,11262149262408,126
11262149466872,11262149466999,127
11262149672409,11262149672539,130
11262149877838,11262149878468,630
11262150082464,11262150083068,604
11262150288528,11262150289094,566
11262150494705,11262150495320,615
11262150701536,11262150702108,572
11262150907280,11262150907425,145
11262151110384,11262151110543,159
11262151339264,11262151339392,128
11262151541379,11262151541510,131
11262151746217,11262151746349,132
11262151949782,11262151949917,135
11262152156874,11262152157491,617
11262152393049,11262152393756,707
11262152643640,11262152644286,646
11262152866655,11262152866809,154
11262153086091,11262153086981,890
11262153304256,11262153304888,632
11262153521138,11262153521769,631
11262153738514,11262153739169,655
11262153955637,11262153955803,166
11262154172003,11262154172160,157
11262154388341,11262154388498,157
11262154605699,11262154606380,681
11262154824023,11262154824186,163
11262155041648,11262155041794,146
11262155258456,11262155259162,706
11262155476663,11262155476792,129
11262155703592,11262155704243,651
11262155926133,11262155926764,631
11262156144775,11262156145411,636
11262156362228,11262156362390,162
11262156578936,11262156579580,644
11262156796689,11262156796821,132
11262157012492,11262157013112,620
11262157230087,11262157230692,605
11262157446984,11262157447120,136
11262157662876,11262157663035,159
11262157878816,11262157879486,670
11262158095244,11262158096102,858
11262158312574,11262158313211,637
11262158530314,11262158530482,168
11262158745981,11262158746157,176
11262158971192,11262158971816,624
11262159205984,11262159206153,169
11262159425937,11262159426595,658
11262159644401,11262159645100,699
11262159861571,11262159862165,594
11262160079581,11262160079761,180
11262160295212,11262160295387,175
11262160511266,11262160511933,667
11262160729432,11262160729558,126
11262160947269,11262160947468,199
11262161163874,11262161164027,153
11262161396222,11262161396858,636
11262161614669,11262161614837,168
11262161933806,11262161934757,951
11262162195576,11262162195770,194
11262162432875,11262162433009,134
11262162653264,11262162653407,143
11262162871100,11262162871741,641
11262163090694,11262163091292,598
11262163310194,11262163310320,126
11262163585551,11262163586231,680
11262163822731,11262163822876,145
11262164046281,11262164046967,686
11262164267154,11262164267305,151
11262164506566,11262164506702,136
11262164724842,11262164724989,147
11262164942259,11262164942973,714
11262165159698,11262165160351,653
11262165378333,11262165378990,657
11262165617165,11262165617841,676
11262165839864,11262165840028,164
11262166057939,11262166058578,639
11262166276164,11262166276785,621
11262166506701,11262166506868,167
11262166724233,11262166724406,173
11262166939432,11262166940082,650
11262167156644,11262167156809,165
11262167373039,11262167373679,640
11262167590363,11262167590996,633
11262167807567,11262167808195,628
11262168022756,11262168022905,149
11262168238792,11262168239470,678
11262168464333,11262168464472,139
11262168678599,11262168678764,165
11262168906869,11262168907029,160
11262169125474,11262169125633,159
11262169342105,11262169342238,133
11262169560991,11262169561639,648
11262169780013,11262169780142,129
11262169998897,11262169999058,161
11262170215893,11262170216041,148
11262170431191,11262170431865,674
11262170648388,11262170649053,665
11262170865374,11262170865545,171
11262171081953,11262171082086,133
11262171297144,11262171297772,628
11262171513054,11262171513670,616
11262171728506,11262171729081,575
11262171943740,11262171944335,595
11262172160075,11262172160665,590
11262172384926,11262172385520,594
11262172606454,11262172607043,589
11262172873249,11262172873890,641
11262173095190,11262173095331,141
11262173315508,11262173316156,648
11262173532700,11262173533523,823
11262173749900,11262173750056,156
11262173965670,11262173965809,139
11262174180117,11262174180275,158
11262174404410,11262174405087,677
11262174626745,11262174627392,647
11262174841985,11262174842637,652
11262175057204,11262175057855,651
11262175284528,11262175284674,146
11262175514797,11262175514972,175
11262175744097,11262175744245,148
11262175976919,11262175977101,182
11262176195256,11262176195882,626
11262176423906,11262176424075,169
11262176641602,11262176642261,659
11262176859586,11262176859758,172
11262177075941,11262177076587,646
11262177291440,11262177292058,618
11262177506955,11262177507117,162
11262177722736,11262177723408,672
11262177939051,11262177939672,621
11262178154261,11262178154880,619
11262178371324,11262178371489,165
11262178586260,11262178587176,916
11262178802972,11262178803140,168
11262179025604,11262179026220,616
11262179244950,11262179245593,643
11262179480275,11262179480910,635
11262179699233,11262179699412,179
11262179915687,11262179916483,796
11262180131831,11262180132497,666
11262180347715,11262180348391,676
11262180563511,11262180564207,696
11262180778960,11262180779596,636
11262180995209,11262180995392,183
11262181210307,11262181210921,614
11262181426837,11262181427497,660
11262181642864,11262181643028,164
11262181857702,11262181858387,685
11262182072936,11262182073551,615
11262182296369,11262182296998,629
11262182520414,11262182520591,177
11262182737227,11262182737399,172
11262182952939,11262182953098,159
11262183169328,11262183169489,161
11262183390619,11262183391286,667
11262183606128,11262183606973,845
11262183834650,11262183835295,645
11262184051097,11262184051264,167
11262184265835,11262184266024,189
11262184481284,11262184481439,155
11262184697058,11262184697730,672
11262184913005,11262184913682,677
11262185128890,11262185129075,185
11262185359301,11262185359945,644
11262185589707,11262185590354,647
11262185808050,11262185808681,631
11262186026915,11262186027094,179
11262186242548,11262186243216,668
11262186477281,11262186477893,612
11262186693711,11262186693887,176
11262186908814,11262186909510,696
11262187125013,11262187125184,171
11262187339577,11262187339723,146
11262187552338,11262187553010,672
11262187766008,11262187766612,604
11262187980517,11262187981169,652
11262188195208,11262188196040,832
11262188409502,11262188410107,605
11262188627699,11262188628343,644
11262188842609,11262188842785,176
11262189065350,11262189065545,195
11262189287209,11262189287863,654
11262189512186,11262189512870,684
11262189732577,11262189733244,667
11262189950717,11262189950877,160
11262190165656,11262190165808,152
11262190386352,11262190387042,690
11262190601648,11262190602289,641
11262190815864,11262190816028,164
11262191030736,11262191031405,669
11262191245780,11262191245937,157
11262191461021,11262191461618,597
11262191675616,11262191676223,607
11262191890734,11262191891345,611
11262192106664,11262192106837,173
11262192330613,11262192331265,652
11262192549649,11262192550308,659
11262192767529,11262192767693,164
11262192982735,11262192983412,677
11262193198281,11262193199171,890
11262193413965,11262193414130,165
11262193629261,11262193629426,165
11262193843266,11262193843926,660
11262194058715,11262194059324,609
11262194274856,11262194275019,163
11262194489375,11262194490081,706
11262194706133,11262194706295,162
11262194922783,11262194922954,171
11262195137975,11262195138136,161
11262195351486,11262195351602,116
11262195575057,11262195575738,681
11262195793077,11262195793739,662
11262196010433,11262196010596,163
11262196226049,11262196226188,139
11262196446117,11262196446290,173
11262196661646,11262196662359,713
11262196879667,11262196879842,175
11262197095353,11262197095526,173
11262197309428,11262197310138,710
11262197543194,11262197543353,159
11262197757801,11262197758451,650
11262197973430,11262197974058,628
11262198189376,11262198189502,126
11262198422607,11262198422762,155
11262198636194,11262198636869,675
11262198852585,11262198853233,648
11262199079842,11262199080016,174
11262199296036,11262199296705,669
11262199519502,11262199520137,635
11262199737123,11262199737733,610
11262199953885,11262199954042,157
11262200169771,11262200170444,673
11262200385205,11262200385866,661
11262200602214,11262200602366,152
11262200815678,11262200815811,133
11262201029873,11262201030531,658
11262201254921,11262201255000,79
11262201470410,11262201470593,183
11262201684791,11262201685484,693
11262201901109,11262201901759,650
11262202115781,11262202116593,812
11262202339224,11262202339393,169
11262202557490,11262202558135,645
11262202775111,11262202775280,169
11262202992464,11262202993103,639
11262203208122,11262203208280,158
11262203442800,11262203443467,667
11262203659973,11262203660593,620
11262203874725,11262203875329,604
11262204088742,11262204089336,594
11262204304849,11262204305454,605
11262204521344,11262204521934,590
11262204736801,11262204737400,599
11262204952148,11262204952314,166
11262205166879,11262205167549,670
11262205381579,11262205381738,159
11262205618247,11262205618423,176
11262205834369,11262205834528,159
11262206049799,11262206049974,175
11262206264391,11262206265044,653
11262206480676,11262206480831,155
11262206695518,11262206696192,674
11262206911484,11262206912119,635
11262207125866,11262207126482,616
11262207344540,11262207345151,611
11262207559436,11262207560052,616
11262207776053,11262207776219,166
11262208000475,11262208000637,162
11262208216398,11262208216553,155
11262208430481,11262208431113,632
11262208645872,11262208646023,151
11262208861002,11262208861642,640
11262209089265,11262209089883,618
11262209307636,11262209308261,625
11262209526276,11262209526888,612
11262209743113,11262209743731,618
11262209959763,11262209960378,615
11262210178503,11262210179139,636
11262210394995,11262210395610,615
11262210633090,11262210633694,604
11262210849741,11262210850348,607
11262211065163,11262211065327,164
11262211280784,11262211280921,137
11262211514716,11262211515381,665
11262211731505,11262211732096,591
11262211948218,11262211948813,595
11262212165122,11262212165712,590
11262212419023,11262212419201,178
11262212638113,11262212638748,635
11262212858361,11262212858984,623
11262213076355,11262213076967,612
11262213294717,11262213295541,824
11262213532884,11262213533046,162
11262213749185,11262213749332,147
11262213966164,11262213966819,655
11262214182294,11262214182420,126
11262214407896,11262214408069,173
11262214623110,11262214623246,136
11262214838628,11262214839301,673
11262215056550,11262215057190,640
11262215273373,11262215274006,633
11262215490882,11262215491509,627
11262215713931,11262215714548,617
11262215931349,11262215931499,150
11262216147068,11262216147682,614
11262216378869,11262216379006,137
11262216595098,11262216595254,156
11262216809829,11262216810500,671
11262217024794,11262217025425,631
11262217241726,11262217242319,593
11262217482806,11262217483434,628
11262217700480,11262217701091,611
11262217915621,11262217915781,160
11262218131284,11262218131927,643
11262218375600,11262218375790,190
11262218591378,11262218591539,161
11262218805152,11262218805845,693
11262219029597,11262219029765,168
11262219247433,11262219247600,167
11262219463897,11262219464544,647
11262219678844,11262219679014,170
11262219894864,11262219895501,637
11262220109346,11262220110031,685
11262220325985,11262220326600,615
11262220566687,11262220566857,170
11262220780871,11262220781505,634
11262220997278,11262220997925,647
11262221214127,11262221214293,166
11262221455969,11262221456562,593
11262221672328,11262221672484,156
11262221887085,11262221887242,157
11262222100854,11262222101013,159
11262222321850,11262222322517,667
11262222546656,11262222546819,163
11262222761181,11262222761362,181
11262222976293,11262222976456,163
11262223192905,11262223193038,133
11262223415297,11262223415411,114
11262223629531,11262223630203,672
11262223844903,11262223845530,627
11262224060039,11262224060173,134
11262224273612,11262224274246,634
11262224490747,11262224490865,118
11262224705554,11262224705714,160
11262224919214,11262224919362,148
11262225133293,11262225133944,651
11262225361526,11262225362143,617
11262225585177,11262225585799,622
11262225805539,11262225806182,643
11262226023060,11262226023234,174
11262226239989,11262226240127,138
11262226469597,11262226469724,127
11262226686861,11262226686990,129
11262226901858,11262226902512,654
11262227119340,11262227119477,137
11262227334136,11262227334814,678
11262227548568,11262227548698,130
11262227761946,11262227762579,633
11262227978187,11262227978786,599
11262228194515,11262228194649,134
11262228408600,11262228409376,776
11262228624441,11262228625028,587
11262228840825,11262228841007,182
11262229062729,11262229063370,641
11262229285655,11262229285822,167
11262229518767,11262229519392,625
11262229736720,11262229736879,159
11262229953705,11262229954350,645
11262230169614,11262230169760,146
11262230385472,11262230385635,163
11262230616144,11262230616270,126
11262230831227,11262230831379,152
11262231045400,11262231046218,818
11262231262025,11262231262658,633
11262231505388,11262231506004,616
11262231723813,11262231723952,139
11262231938110,11262231938787,677
11262232162028,11262232162702,674
11262232391419,11262232392032,613
11262232611867,11262232612051,184
11262232829783,11262232829958,175
11262233047007,11262233047161,154
11262233263513,11262233263644,131
11262233499975,11262233500102,127
11262233715354,11262233716024,670
11262233931557,11262233931682,125
11262234147445,11262234148095,650
11262234362908,11262234363569,661
11262234580737,11262234580861,124
11262234796481,11262234796608,127
11262235010488,11262235011149,661
11262235226164,11262235226799,635
11262235442467,11262235442592,125
11262235667450,11262235667599,149
11262235886951,11262235887625,674
11262236104629,11262236105306,677
11262236328688,11262236328834,146
11262236543642,11262236543788,146
11262236760101,11262236760757,656
11262236975680,11262236976322,642
11262237190675,11262237191290,615
11262237406051,11262237406708,657
11262237622005,11262237622625,620
11262237839368,11262237840026,658
11262238054952,11262238055093,141
11262238269829,11262238270452,623
11262238491717,11262238492573,856
11262238706732,11262238706913,181
11262238928573,11262238928711,138
11262239147028,11262239147707,679
11262239380585,11262239380710,125
11262239597680,11262239598318,638
11262239815256,11262239815921,665
11262240032944,11262240033592,648
11262240253135,11262240253721,586
11262240484116,11262240484306,190
11262240700184,11262240700849,665
11262240916317,11262240916483,166
11262241131986,11262241132149,163
11262241346437,11262241347094,657
11262241563254,11262241563398,144
11262241778269,11262241778945,676
11262241994477,11262241995104,627
11262242218760,11262242219383,623
11262242439489,11262242439666,177
11262242673982,11262242674649,667
11262242890589,11262242891207,618
11262243106066,11262243106707,641
11262243321566,11262243321717,151
11262243546634,11262243547289,655
11262243761802,11262243761985,183
11262243974862,11262243975488,626
11262244189488,11262244190083,595
11262244423105,11262244423698,593
11262244637380,11262244637957,577
11262244851272,11262244851875,603
11262245066235,11262245066407,172
11262245280563,11262245281193,630
11262245504745,11262245504922,177
11262245725311,11262245725505,194
11262245942148,11262245942315,167
11262246158218,11262246158372,154
11262246379148,11262246379801,653
11262246593897,11262246594070,173
11262246808930,11262246809098,168
11262247023858,11262247024545,687
11262247240254,11262247240862,608
11262247454678,11262247455272,594
11262247668937,11262247669589,652
11262247884813,11262247884968,155
11262248100329,11262248100482,153
11262248323125,11262248323764,639
11262248539344,11262248539993,649
11262248754092,11262248754257,165
11262248975506,11262248975682,176
11262249193982,11262249194153,171
11262249416558,11262249416714,156
11262249633229,11262249633885,656
11262249851000,11262249851182,182
11262250067240,11262250067414,174
11262250282028,11262250282201,173
11262250499257,11262250499426,169
11262250713966,11262250714116,150
11262250928873,11262250929055,182
11262251145839,11262251145993,154
11262251368121,11262251368254,133
11262251582830,11262251582963,133
11262251811335,11262251812120,785
11262252085427,11262252086105,678
11262252333959,11262252334132,173
11262252561699,11262252562421,722
11262252835670,11262252836669,999
11262253168450,11262253168707,257
11262253528364,11262253529511,1147
11262253759465,11262253759608,143
11262253969901,11262253970027,126
11262254178289,11262254178913,624
11262254386135,11262254386258,123
11262254618773,11262254619641,868
11262254915627,11262254916348,721
11262255170870,11262255171530,660
11262255433955,11262255434149,194
11262255659802,11262255659998,196
11262255868082,11262255868256,174
11262256074682,11262256074841,159
11262256282081,11262256282218,137
11262256496081,11262256496801,720
11262256703710,11262256703834,124
11262256924132,11262256924775,643
11262257131857,11262257132491,634
11262257338361,11262257338955,594
11262257571282,11262257571442,160
11262257777200,11262257777802,602
11262257981116,11262257981729,613
11262258186143,11262258186669,526
11262258391281,11262258391851,570
11262258595724,11262258595848,124
11262258800999,11262258801563,564
11262259016113,11262259016281,168
11262259223876,11262259224044,168
11262259429317,11262259429965,648
11262259637288,11262259637869,581
11262259844250,11262259844375,125
11262260050179,11262260050320,141
11262260256289,11262260256894,605
11262260463738,11262260464286,548
11262260669847,11262260669981,134
11262260876054,11262260876213,159
11262261080966,11262261081580,614
11262261287522,11262261288066,544
11262261493562,11262261493704,142
11262261699433,11262261699998,565
11262261905655,11262261905800,145
11262262111579,11262262112146,567
11262262330962,11262262331556,594
11262262540929,11262262541503,574
11262262747139,11262262747332,193
11262262953725,11262262953895,170
11262263158704,11262263158856,152
11262263362198,11262263362321,123
11262263567372,11262263567963,591
11262263773006,11262263773559,553
11262263980596,11262263980776,180
11262264186434,11262264187043,609
11262264392856,11262264393014,158
11262264598205,11262264598330,125
11262264802210,11262264802865,655
11262265007814,11262265008389,575
11262265214322,11262265214914,592
11262265420055,11262265420635,580
11262265630440,11262265631005,565
11262265837390,11262265837538,148
11262266044983,11262266045150,167
11262266250625,11262266251250,625
11262266462640,11262266462799,159
11262266685436,11262266685636,200
11262266910921,11262266911576,655
11262267129723,11262267130352,629
11262267347636,11262267347794,158
11262267569775,11262267569929,154
11262267785528,11262267785673,145
11262268001532,11262268002155,623
11262268218368,11262268218508,140
11262268434066,11262268434217,151
11262268649851,11262268649978,127
11262268866339,11262268866467,128
11262269097279,11262269097946,667
11262269316419,11262269317095,676
11262269534439,11262269534578,139
11262269750466,11262269750606,140
11262269967727,11262269968376,649
11262270185882,11262270186529,647
11262270403457,11262270404070,613
11262270618722,11262270619338,616
11262270835493,11262270835628,135
11262271050465,11262271051107,642
11262271266025,11262271266160,135
11262271481887,11262271482053,166
11262271697609,11262271697750,141
11262271912240,11262271912910,670
11262272125891,11262272126493,602
11262272349812,11262272350412,600
11262272567029,11262272567200,171
11262272783560,11262272784362,802
11262273004347,11262273004982,635
11262273222881,11262273223040,159
11262273437733,11262273437876,143
11262273653717,11262273653851,134
11262273867979,11262273868163,184
11262274082819,11262274083500,681
11262274299780,11262274299921,141
11262274514094,11262274514730,636
11262274729121,11262274729794,673
11262274944712,11262274945342,630
11262275159158,11262275159731,573
11262275373873,11262275374515,642
11262275596314,11262275596986,672
11262275815402,11262275815583,181
11262276031521,11262276032179,658
11262276250641,11262276250806,165
11262276467807,11262276468506,699
11262276686024,11262276686675,651
11262276903199,11262276903832,633
11262277122850,11262277123478,628
11262277342078,11262277342238,160
11262277570364,11262277571158,794
11262277863307,11262277863967,660
11262278132322,11262278132485,163
11262278349141,11262278349279,138
11262278565265,11262278565410,145
11262278781128,11262278781269,141
11262279024189,11262279025000,811
11262279330582,11262279330775,193
11262279555035,11262279555651,616
11262279782685,11262279783268,583
11262280009528,11262280010110,582
11262280229639,11262280229783,144
11262280455862,11262280456456,594
11262280672492,11262280672652,160
11262280906093,11262280906720,627
11262281123143,11262281123738,595
11262281347453,11262281347997,544
11262281564727,11262281565302,575
11262281780849,11262281780999,150
11262281996773,11262281997359,586
11262282223378,11262282224023,645
11262282450586,11262282450750,164
11262282668247,11262282668904,657
11262282885351,11262282885967,616
11262283101177,11262283101787,610
11262283325658,11262283325826,168
11262283541681,11262283541829,148
11262283757492,11262283758166,674
11262283974817,11262283975489,672
11262284197300,11262284197452,152
11262284413475,11262284413619,144
11262284630157,11262284630823,666
11262284846306,11262284846943,637
11262285062352,11262285062503,151
11262285278427,11262285279106,679
11262285496709,11262285496850,141
11262285725413,11262285726123,710
11262285945598,11262285945739,141
11262286163433,11262286164091,658
11262286381695,11262286381839,144
11262286598461,11262286598641,180
11262286814030,11262286814704,674
11262287031470,11262287032113,643
11262287248857,11262287249005,148
11262287465582,11262287465726,144
11262287681721,11262287682400,679
11262287896867,11262287897002,135
11262288112046,11262288112730,684
11262288327922,11262288328063,141
11262288544975,11262288545848,873
11262288763156,11262288763282,126
11262288988783,11262288988962,179
11262289208945,11262289209603,658
11262289428397,11262289429038,641
11262289647329,11262289647482,153
11262289864927,11262289865568,641
11262290083633,11262290084259,626
11262290298633,11262290299260,627
11262290514563,11262290514709,146
11262290728492,11262290729142,650
11262290944879,11262290945033,154
11262291158666,11262291158861,195
11262291373719,11262291373867,148
11262291587152,11262291587813,661
11262291803070,11262291803701,631
11262292017901,11262292018045,144
11262292243167,11262292243315,148
11262292477124,11262292477760,636
11262292694818,11262292694973,155
11262292910244,11262292910364,120
11262293124979,11262293125657,678
11262293348905,11262293349577,672
11262293564268,11262293564445,177
11262293780579,11262293780729,150
11262293994879,11262293995555,676
11262294209185,11262294209861,676
11262294423538,11262294423720,182
11262294638083,11262294638249,166
11262294853132,11262294853804,672
11262295072761,11262295073439,678
11262295288625,11262295288794,169
11262295504595,11262295505263,668
11262295728558,11262295729205,647
11262295947965,11262295948104,139
11262296165662,11262296166289,627
11262296383609,11262296384261,652
11262296602352,11262296602979,627
11262296821182,11262296821859,677
11262297037211,11262297037895,684
11262297254152,11262297254813,661
11262297468323,11262297468962,639
11262297683327,11262297683935,608
11262297898613,11262297899195,582
11262298114321,11262298114921,600
11262298328542,11262298328683,141
11262298562496,11262298562651,155
11262298776760,11262298777401,641
11262299002276,11262299002443,167
11262299222274,11262299222444,170
11262299442304,11262299442955,651
11262299660199,11262299660851,652
11262299877781,11262299878442,661
11262300094062,11262300094685,623
11262300311063,11262300311728,665
11262300540808,11262300541479,671
11262300757586,11262300757765,179
11262300973042,11262300973680,638
11262301188642,11262301189247,605
11262301421024,11262301421192,168
11262301636382,11262301636523,141
11262301851659,11262301852319,660
11262302065991,11262302066616,625
11262302290380,11262302290996,616
11262302510444,11262302511091,647
11262302729179,11262302729814,635
11262302947849,11262302948481,632
11262303165841,11262303166519,678
11262303383028,11262303383649,621
11262303601906,11262303602115,209
11262303816341,11262303816519,178
11262304031273,11262304031920,647
11262304247935,11262304248113,178
11262304462873,11262304463031,158
11262304679446,11262304680135,689
11262304906279,11262304906443,164
11262305124120,11262305124707,587
11262305340116,11262305340265,149
11262305563118,11262305563718,600
11262305783672,11262305783796,124
11262306005876,11262306006018,142
11262306222579,11262306222707,128
11262306439750,11262306440417,667
11262306656593,11262306657240,647
11262306890061,11262306890182,121
11262307105472,11262307106176,704
11262307320197,11262307320873,676
11262307534288,11262307534432,144
11262307748231,11262307749078,847
11262307961040,11262307961198,158
11262308174954,11262308175751,797
11262308389095,11262308389776,681
11262308602025,11262308602193,168
11262308814764,11262308814923,159
11262309034903,11262309035584,681
11262309251332,11262309251977,645
11262309465200,11262309465393,193
11262309677749,11262309678404,655
11262309891026,11262309891169,143
11262310103340,11262310104019,679
11262310317381,11262310317515,134
11262310530204,11262310530359,155
11262310741961,11262310742648,687
11262310956359,11262310956536,177
11262311168648,11262311169341,693
11262311384181,11262311384338,157
11262311596557,11262311596690,133
11262311810697,11262311811418,721
11262312025667,11262312025806,139
11262312251121,11262312251798,677
11262312475302,11262312475484,182
11262312847916,11262312848091,175
11262313255208,11262313256531,1323
11262313648001,11262313648215,214
11262314042155,11262314042453,298
11262314426520,11262314426724,204
11262314793173,11262314794817,1644
11262315180550,11262315180816,266
11262315600374,11262315600786,412
11262316039345,11262316040925,1580
11262316513973,11262316514240,267
11262317140532,11262317140815,283
11262317668657,11262317668933,276
11262318063495,11262318064998,1503
11262318535924,11262318537761,1837
11262319137006,11262319138880,1874
11262319954084,11262319955944,1860
11262320764563,11262320766022,1459
11262321245263,11262321245660,397
11262321817969,11262321818521,552
11262322740750,11262322741375,625
11262323300294,11262323300560,266
11262323766974,11262323767253,279
11262324259416,11262324261343,1927
11262324888503,11262324890195,1692
11262325481412,11262325481738,326
11262326038475,11262326041285,2810
11262326887578,11262326889799,2221
11262327499835,11262327500380,545
11262328221322,11262328223549,2227
11262328827649,11262328828232,583
11262329356491,11262329358738,2247
11262329855607,11262329857047,1440
11262330351458,11262330352013,555
11262330956909,11262330957253,344
11262331748627,11262331749192,565
11262332316606,11262332318165,1559
11262332915991,11262332916615,624
11262333855430,11262333857635,2205
11262334678020,11262334680366,2346
11262335166506,11262335167818,1312
11262335620936,11262335621389,453
11262335986666,11262335987933,1267
11262336271574,11262336271785,211
11262336535669,11262336535840,171
11262336791799,11262336792062,263
11262337115718,11262337116775,1057
11262337378839,11262337379062,223
11262337619362,11262337619481,119
11262338115032,11262338115250,218
11262338629033,11262338630580,1547
11262339083938,11262339085014,1076
11262339433552,11262339433868,316
11262339722186,11262339722934,748
11262340002492,11262340002709,217
11262340288713,11262340289346,633
11262340565345,11262340565542,197
11262340841818,11262340841994,176
11262341119124,11262341119273,149
11262341377650,11262341377818,168
11262341628349,11262341628550,201
11262341918935,11262341919100,165
11262342170125,11262342170280,155
11262342469535,11262342470202,667
11262342755425,11262342756176,751
11262343020534,11262343021237,703
11262343283209,11262343283872,663
11262343544296,11262343544498,202
11262343902076,11262343902365,289
11262344235179,11262344235312,133
11262344468545,11262344468642,97
11262344682498,11262344682629,131
11262344894100,11262344895349,1249
11262345107286,11262345107966,680
11262345319071,11262345319704,633
11262345529428,11262345529580,152
11262345779505,11262345779669,164
11262345994507,11262345994659,152
11262346230532,11262346230686,154
11262346484031,11262346484915,884
11262346744664,11262346744885,221
11262347007349,11262347007476,127
11262347270426,11262347271524,1098
11262347529106,11262347529252,146
11262347764496,11262347764644,148
11262347997515,11262347997621,106
11262348250735,11262348252077,1342
11262348539187,11262348539920,733
11262348785103,11262348785257,154
11262349041697,11262349042475,778
11262349261964,11262349262130,166
11262349485407,11262349485533,126
11262349721276,11262349721415,139
11262349968169,11262349969150,981
11262350186511,11262350187153,642
11262350407044,11262350407912,868
11262350616386,11262350616569,183
11262350828035,11262350828692,657
11262351040593,11262351041205,612
11262351249202,11262351249786,584
11262351458358,11262351458504,146
11262351667520,11262351668114,594
11262351879794,11262351880395,601
11262352087094,11262352087279,185
11262352312642,11262352313299,657
11262352523524,11262352524179,655
11262352734427,11262352734583,156
11262352941430,11262352941590,160
11262353147944,11262353148550,606
11262353356857,11262353357038,181
11262353566219,11262353566376,157
11262353774115,11262353774261,146
11262353982985,11262353983616,631
11262354212831,11262354213069,238
11262354460534,11262354460712,178
11262354763419,11262354763570,151
11262355075483,11262355075739,256
11262355319445,11262355320189,744
11262355532974,11262355533122,148
11262355759814,11262355760484,670
11262355983642,11262355984252,610
11262356192471,11262356193070,599
11262356400771,11262356400907,136
11262356609486,11262356609649,163
11262356840731,11262356841338,607
11262357046293,11262357046444,151
11262357252325,11262357252925,600
11262357466227,11262357466356,129
11262357670848,11262357671439,591
11262357878356,11262357878481,125
11262358083734,11262358084384,650
11262358288771,11262358289399,628
11262358495438,11262358495615,177
11262358700574,11262358701224,650
11262358916461,11262358916616,155
11262359127096,11262359127248,152
11262359347089,11262359347720,631
11262359555621,11262359556206,585
11262359763428,11262359763980,552
11262359969848,11262359970410,562
11262360176276,11262360176465,189
11262360413758,11262360414783,1025
11262360642524,11262360643153,629
11262360852188,11262360852398,210
11262361061170,11262361061818,648
11262361270749,11262361270944,195
11262361480122,11262361480294,172
11262361688088,11262361688766,678
11262361894348,11262361894540,192
11262362100539,11262362101175,636
11262362371686,11262362372337,651
11262362600737,11262362608353,7616
11262362844835,11262362845452,617
11262363055841,11262363056415,574
11262363267316,11262363267477,161
11262363477229,11262363477407,178
11262363683042,11262363683677,635
11262363892276,11262363892462,186
11262364097053,11262364097686,633
11262364316239,11262364316402,163
11262364523867,11262364524018,151
11262364728109,11262364728753,644
11262364935248,11262364935857,609
11262365142094,11262365142709,615
11262365368782,11262365369720,938
11262365582898,11262365583479,581
11262365791711,11262365791887,176
11262365999592,11262365999767,175
11262366206853,11262366207030,177
11262366416425,11262366416601,176
11262366633569,11262366633745,176
11262366845434,11262366846078,644
11262367055180,11262367055357,177
11262367262839,11262367262985,146
11262367469861,11262367470019,158
11262367676546,11262367677193,647
11262367884530,11262367885186,656
11262368092865,11262368093426,561
11262368301463,11262368301610,147
11262368506389,11262368506547,158
11262368711040,11262368711655,615
11262368923126,11262368923714,588
11262369130501,11262369131085,584
11262369335582,11262369336173,591
11262369541972,11262369542151,179
11262369748619,11262369749362,743
11262369955177,11262369955353,176
11262370206226,11262370206445,219
11262370452798,11262370453488,690
11262370671523,11262370672169,646
11262370880027,11262370880616,589
11262371086374,11262371086546,172
11262371299012,11262371299572,560
11262371506114,11262371506724,610
11262371713133,11262371713714,581
11262371917901,11262371918052,151
11262372125298,11262372125887,589
11262372338413,11262372339073,660
11262372545603,11262372545776,173
11262372751354,11262372751952,598
11262372956435,11262372957028,593
11262373162811,11262373163432,621
11262373385888,11262373386042,154
11262373591431,11262373591605,174
11262373795847,11262373796448,601
11262374001050,11262374001216,166
11262374205836,11262374206004,168
11262374410056,11262374410220,164
11262374631318,11262374631480,162
11262388671751,11262388672975,1224
11262389054731,11262389054912,181
11262389368083,11262389368235,152
11262389667984,11262389668129,145
11262389976939,11262389977555,616
11262390271804,11262390271955,151
11262390540696,11262390541247,551
11262390785488,11262390786076,588
11262390993823,11262390994440,617
11262391200161,11262391200334,173
11262391425371,11262391426006,635
11262391639673,11262391640284,611
11262391847089,11262391847255,166
11262392053011,11262392053636,625
11262392267088,11262392267721,633
11262392490473,11262392490638,165
11262392728808,11262392729405,597
11262392996724,11262392996864,140
11262393263880,11262393264555,675
11262393505583,11262393505747,164
11262393712390,11262393712522,132
11262393917101,11262393917714,613
11262394124869,11262394125497,628
11262394334521,11262394334650,129
11262394547203,11262394547382,179
11262394752025,11262394752673,648
11262394957409,11262394957571,162
11262395165279,11262395165422,143
11262395392070,11262395392725,655
11262395611279,11262395611871,592
11262395820314,11262395820494,180
11262396026979,11262396027126,147
11262396231894,11262396232522,628
11262396466441,11262396466601,160
11262396670788,11262396671655,867
11262396877503,11262396877702,199
11262397083264,11262397083420,156
11262397313498,11262397314200,702
11262397518861,11262397519465,604
11262397726167,11262397726314,147
11262397931751,11262397931929,178
11262398135066,11262398135695,629
11262398347380,11262398347979,599
11262398552470,11262398552627,157
11262398757626,11262398758221,595
11262398967177,11262398967828,651
11262399172908,11262399173466,558
11262399377845,11262399377989,144
11262399582654,11262399583197,543
11262399787206,11262399787334,128
11262399991573,11262399992200,627
11262400197105,11262400197240,135
11262400420811,11262400421379,568
11262400624129,11262400624713,584
11262400827774,11262400827912,138
11262401031799,11262401031924,125
11262401236475,11262401237003,528
11262401440876,11262401441013,137
11262401644829,11262401644976,147
11262401847752,11262401847894,142
11262402050285,11262402050865,580
11262402279842,11262402280042,200
11262402485964,11262402486140,176
11262402688697,11262402688844,147
11262402891411,11262402891541,130
11262403093579,11262403093706,127
11262403295166,11262403295317,151
11262403513687,11262403514387,700
11262403717317,11262403717453,136
11262403918551,11262403919161,610
11262404120981,11262404121588,607
11262404345418,11262404345547,129
11262404548562,11262404549186,624
11262404750265,11262404750394,129
11262404952212,11262404952807,595
11262405155582,11262405156180,598
11262405370885,11262405371052,167
11262405579732,11262405579901,169
11262405784191,11262405784810,619
11262405986090,11262405986249,159
11262406188948,11262406189078,130
11262406391054,11262406391183,129
11262406597064,11262406597704,640
11262406800191,11262406800800,609
11262407003037,11262407003185,148
11262407226258,11262407226386,128
11262407428552,11262407428676,124
11262407629929,11262407630526,597
11262407833417,11262407834005,588
11262408049908,11262408050530,622
11262408253935,11262408254073,138
11262408473589,11262408473758,169
11262408675800,11262408676429,629
11262408884167,11262408884314,147
11262409089101,11262409089241,140
11262409292088,11262409292684,596
11262409496030,11262409496165,135
11262409699161,11262409699760,599
11262409902703,11262409903277,574
11262410106669,11262410107239,570
11262410311299,11262410311835,536
11262410542099,11262410542610,511
11262410746562,11262410747145,583
11262410951065,11262410951228,163
11262411154402,11262411154952,550
11262411357364,11262411357900,536
11262411586578,11262411587099,521
11262411789743,11262411790273,530
11262411993149,11262411993662,513
11262412195918,11262412196042,124
11262412403637,11262412404256,619
11262412610634,11262412611222,588
11262412815334,11262412815508,174
11262413019103,11262413019684,581
11262413222712,11262413222883,171
11262413425602,11262413425740,138
11262413627894,11262413628052,158
11262413830606,11262413831147,541
11262414033673,11262414033835,162
11262414234742,11262414234868,126
11262414436989,11262414437584,595
11262414640805,11262414640955,150
11262414842368,11262414842553,185
11262415043879,11262415044436,557
11262415246596,11262415247198,602
11262415455587,11262415456120,533
11262415663387,11262415663939,552
11262415867588,11262415867775,187
11262416070360,11262416070533,173
11262416271560,11262416271745,185
11262416484969,11262416485160,191
11262416689342,11262416689478,136
11262416892070,11262416892878,808
11262417096827,11262417097421,594
11262417301079,11262417301249,170
11262417505282,11262417505880,598
11262417708495,11262417709063,568
11262417913687,11262417913855,168
11262418117310,11262418117446,136
11262418321214,11262418321789,575
11262418526327,11262418526451,124
11262418730576,11262418731120,544
11262418941290,11262418941861,571
11262419148203,11262419148743,540
11262419352356,11262419352503,147
11262419570952,11262419571131,179
11262419772929,11262419773105,176
11262419976963,11262419977136,173
11262420179526,11262420180137,611
11262420401320,11262420401870,550
11262420605608,11262420605762,154
11262420808041,11262420808195,154
11262421010222,11262421010382,160
11262421213861,11262421214396,535
11262421419226,11262421419357,131
11262421622866,11262421623627,761
11262421827139,11262421827724,585
11262422030615,11262422031201,586
11262422240663,11262422240810,147
11262422475818,11262422475989,171
11262422681653,11262422682310,657
11262422888756,11262422889403,647
11262423094172,11262423094749,577
11262423299672,11262423300232,560
11262423505625,11262423506199,574
11262423710729,11262423710897,168
11262423915582,11262423916210,628
11262424119562,11262424120120,558
11262424324633,11262424325213,580
11262424544181,11262424544372,191
11262424748957,11262424749535,578
11262424953871,11262424954060,189
11262425158402,11262425158977,575
11262425380468,11262425380640,172
11262425594169,11262425594762,593
11262425800797,11262425801408,611
11262426006563,11262426006703,140
11262426212537,11262426212709,172
11262426417108,11262426418011,903
11262426622714,11262426622889,175
11262426827058,11262426827233,175
11262427031221,11262427031851,630
11262427237158,11262427237300,142
11262427459333,11262427459944,611
11262427665392,11262427665576,184
11262427871245,11262427871811,566
11262428075532,11262428075707,175
11262428280415,11262428280601,186
11262428501784,11262428502408,624
11262428707207,11262428707362,155
11262428918516,11262428918661,145
11262429124928,11262429125087,159
11262429332186,11262429332815,629
11262429537911,11262429538070,159
11262429742323,11262429742449,126
11262429949915,11262429950040,125
11262430154167,11262430154299,132
11262430374134,11262430374274,140
11262430578902,11262430579517,615
11262430793612,11262430794190,578
11262431000285,11262431000916,631
11262431206700,11262431206855,155
11262431417350,11262431417965,615
11262431624357,11262431624518,161
11262431830320,11262431830454,134
11262432035330,11262432035466,136
11262432245729,11262432245902,173
11262432452630,11262432452778,148
11262432656640,11262432656767,127
11262432861833,11262432862440,607
11262433069018,11262433069151,133
11262433276857,11262433277462,605
11262433495439,11262433495565,126
11262433700614,11262433700773,159
11262433903945,11262433904536,591
11262434107586,11262434108165,579
11262434312227,11262434312377,150
11262434523192,11262434523338,146
11262434726848,11262434727449,601
11262434929431,11262434929605,174
11262435133018,11262435133609,591
11262435337474,11262435337623,149
11262435544865,11262435545555,690
11262435751930,11262435752523,593
11262435955740,11262435955896,156
11262436159264,11262436159411,147
11262436362717,11262436362876,159
11262436591002,11262436591149,147
11262436794634,11262436794759,125
11262436997811,11262436997963,152
11262437200448,11262437201033,585
11262437404957,11262437405538,581
11262437609670,11262437609824,154
11262437812440,11262437813024,584
11262438015691,11262438015820,129
11262438218754,11262438219325,571
11262438438253,11262438438382,129
11262438639651,11262438640228,577
11262438843020,11262438843551,531
11262439051895,11262439052470,575
11262439256789,11262439257388,599
11262439460480,11262439461043,563
11262439664057,11262439664220,163
11262439867329,11262439867503,174
11262440069892,11262440070047,155
11262440299550,11262440300164,614
11262440503455,11262440503615,160
11262440707206,11262440707334,128
11262440910025,11262440910169,144
11262441112839,11262441113432,593
11262441317255,11262441317855,600
11262441525420,11262441525584,164
11262441729286,11262441729412,126
11262441931898,11262441932035,137
11262442135659,11262442136260,601
11262442344744,11262442345353,609
11262442549342,11262442549940,598
11262442753990,11262442754567,577
11262442959442,11262442959590,148
11262443164660,11262443164815,155
11262443378725,11262443378865,140
11262443661956,11262443662162,206
11262443930729,11262443931003,274
11262444174370,11262444175105,735
11262444410474,11262444411131,657
11262444643833,11262444644013,180
11262444876142,11262444876303,161
11262445110323,11262445111022,699
11262445343272,11262445343391,119
11262445584521,11262445585222,701
11262445819584,11262445820483,899
11262446051787,11262446051930,143
11262446284853,11262446284990,137
11262446518953,11262446519092,139
11262446753658,11262446753819,161
11262446986522,11262446987186,664
11262447222699,11262447223378,679
11262447456519,11262447456697,178
11262447688761,11262447689435,674
11262447922042,11262447922235,193
11262448154576,11262448154740,164
11262448412231,11262448412352,121
11262448643104,11262448643256,152
11262448873656,11262448880102,6446
11262449119407,11262449119573,166
11262449361727,11262449361857,130
11262449596037,11262449596190,153
11262449829229,11262449829924,695
11262450061087,11262450061735,648
11262450296961,11262450297590,629
11262450531083,11262450531268,185
11262450764434,11262450764611,177
11262450997431,11262450998127,696
11262451229004,11262451229881,877
11262451472739,11262451472888,149
11262451703487,11262451703638,151
11262451935064,11262451935216,152
11262452164022,11262452164699,677
11262452399983,11262452400142,159
11262452639835,11262452640480,645
11262452872841,11262452873020,179
11262453105096,11262453105741,645
11262453342796,11262453342966,170
11262453573203,11262453573381,178
11262453802988,11262453803673,685
11262454034149,11262454034792,643
11262454266723,11262454266875,152
11262454520596,11262454521238,642
11262454751399,11262454751560,161
11262454981695,11262454981868,173
11262455223289,11262455223500,211
11262455464122,11262455464832,710
11262455706480,11262455706657,177
11262455939925,11262455940608,683
11262456171637,11262456171803,166
11262456402995,11262456403664,669
11262456635245,11262456636085,840
11262456868959,11262456869578,619
11262457101119,11262457101282,163
11262457332932,11262457333613,681
11262457566083,11262457566230,147
11262457796578,11262457797226,648
11262458029234,11262458029879,645
11262458260785,11262458260961,176
11262458506012,11262458506188,176
11262458739338,11262458740000,662
11262458978975,11262458979182,207
11262459214827,11262459215481,654
11262459475401,11262459476057,656
11262459710396,11262459711040,644
11262459943851,11262459944040,189
11262460178267,11262460178893,626
11262460411265,11262460411443,178
11262460643612,11262460643796,184
11262460876595,11262460877216,621
11262461115024,11262461115290,266
11262461358501,11262461358646,145
11262461589791,11262461589945,154
11262461820219,11262461820990,771
11262462052104,11262462052266,162
11262462293259,11262462293445,186
11262462527926,11262462528581,655
11262462761668,11262462762338,670
11262462995369,11262462995538,169
11262463228586,11262463229258,672
11262463488656,11262463488820,164
11262463722171,11262463722814,643
11262463954188,11262463954335,147
11262464185853,11262464186044,191
11262464422179,11262464422847,668
11262464672544,11262464672708,164
11262464904167,11262464904865,698
11262465136288,11262465136951,663
11262465367932,11262465368114,182
11262465612636,11262465612812,176
11262465846646,11262465847351,705
11262466079752,11262466080433,681
11262466320507,11262466321171,664
11262466553387,11262466553537,150
11262466783902,11262466784538,636
11262467016066,11262467016737,671
11262467251167,11262467251853,686
11262467482584,11262467483262,678
11262467712873,11262467713500,627
11262467943800,11262467943980,180
11262468175015,11262468175205,190
11262468404145,11262468404804,659
11262468634157,11262468634782,625
11262468864547,11262468865146,599
11262469134722,11262469134870,148
11262469349411,11262469350019,608
11262469562540,11262469563411,871
11262469775416,11262469776044,628
11262469988684,11262469988833,149
11262470200696,11262470200871,175
11262470419020,11262470419158,138
11262470705311,11262470705465,154
11262471001549,11262471001672,123
11262471290325,11262471290477,152
11262471583382,11262471584026,644
11262471871582,11262471872171,589
11262472168009,11262472168623,614
11262472470367,11262472470543,176
11262472738426,11262472738543,117
11262472970363,11262472970500,137
11262473201525,11262473202202,677
11262473432535,11262473432681,146
11262473685889,11262473686037,148
11262473947469,11262473947620,151
11262474177146,11262474177842,696
11262474410655,11262474410799,144
11262474642340,11262474643003,663
11262474871996,11262474872104,108
11262475103232,11262475103925,693
11262475332435,11262475332583,148
11262475570778,11262475571461,683
11262475802775,11262475802924,149
11262476035725,11262476036392,667
11262476267730,11262476268354,624
11262476499020,11262476499183,163
11262476730135,11262476730761,626
11262476961666,11262476962356,690
11262477192442,11262477193080,638
11262477421721,11262477421849,128
11262477651251,11262477651912,661
11262477883082,11262477883715,633
11262478115134,11262478115300,166
11262478346864,11262478347520,656
11262478578121,11262478578742,621
11262478810410,11262478810584,174
11262479046066,11262479046730,664
11262479281555,11262479281732,177
11262479512593,11262479513225,632
11262479744748,11262479744875,127
11262479973939,11262479974591,652
11262480204575,11262480205257,682
11262480435509,11262480436188,679
11262480665520,11262480665688,168
11262480899195,11262480899369,174
11262481128662,11262481129303,641
11262481359715,11262481359881,166
11262481599324,11262481599953,629
11262481830618,11262481830769,151
11262482060703,11262482061336,633
11262482299401,11262482300112,711
11262482532103,11262482532280,177
11262482763643,11262482763796,153
11262482993362,11262482993527,165
11262483223759,11262483223903,144
11262483454215,11262483454353,138
11262483683258,11262483683398,140
11262483914546,11262483914712,166
11262484144668,11262484145361,693
11262484374885,11262484375037,152
11262484606103,11262484606787,684
11262484836936,11262484837631,695
11262485067005,11262485067683,678
11262485296992,11262485297111,119
11262485532523,11262485532667,144
11262485774572,11262485774718,146
11262486010231,11262486011176,945
11262486247816,11262486248524,708
11262486488263,11262486488428,165
11262486720752,11262486721457,705
11262486952933,11262486953598,665
11262487184690,11262487184820,130
11262487415931,11262487416606,675
11262487648271,11262487648926,655
11262487879326,11262487879950,624
11262488109891,11262488110026,135
11262488341209,11262488341851,642
11262488573235,11262488573367,132
11262488803362,11262488803518,156
11262489040816,11262489040947,131
11262489274201,11262489274816,615
11262489505984,11262489506623,639
11262489737825,11262489738473,648
11262489971702,11262489972361,659
11262490200761,11262490200924,163
11262490431678,11262490432296,618
11262490662761,11262490662916,155
11262490895504,11262490896525,1021
11262491127451,11262491127577,126
11262491359409,11262491360245,836
11262491591138,11262491591262,124
11262491822051,11262491822230,179
11262492053861,11262492053985,124
11262492292599,11262492293248,649
11262492526920,11262492527059,139
11262492756216,11262492756804,588
11262492988758,11262492989390,632
11262493220098,11262493220659,561
11262493451447,11262493451592,145
11262493682166,11262493682792,626
11262493913623,11262493914291,668
11262494143470,11262494144110,640
11262494375667,11262494376314,647
11262494605166,11262494605761,595
11262494834184,11262494834826,642
11262495064401,11262495064526,125
11262495301064,11262495301226,162
11262495529847,11262495530007,160
11262495769975,11262495770138,163
11262496004155,11262496004293,138
11262496236423,11262496237104,681
11262496469988,11262496470621,633
11262496703137,11262496703316,179
11262496936745,11262496936904,159
11262497171297,11262497171476,179
11262497410302,11262497410978,676
11262497642658,11262497643280,622
11262497875424,11262497876112,688
11262498106196,11262498106369,173
11262498337224,11262498337890,666
11262498573405,11262498574057,652
11262498803647,11262498803804,157
11262499080212,11262499080401,189
11262499308977,11262499309130,153
11262499518645,11262499518801,156
11262499737560,11262499737712,152
11262499942191,11262499942864,673
11262500149655,11262500150300,645
11262500355059,11262500355697,638
11262500561557,11262500562136,579
11262500767360,11262500767511,151
11262500974082,11262500974234,152
11262501178365,11262501178964,599
11262501383170,11262501383765,595
11262501588330,11262501588899,569
11262501793111,11262501793261,150
11262501998018,11262501998597,579
11262502206594,11262502206730,136
11262502438296,11262502438901,605
11262502643825,11262502643950,125
11262502848173,11262502848790,617
11262503052580,11262503052701,121
11262503255933,11262503256506,573
11262503471900,11262503472022,122
11262503681716,11262503681886,170
11262503953717,11262503953988,271
11262504220745,11262504221516,771
11262504465500,11262504465606,106
11262504700836,11262504701540,704
11262504935873,11262504936524,651
11262505170081,11262505170741,660
11262505411289,11262505411440,151
11262505670678,11262505671347,669
11262505915580,11262505916265,685
11262506154493,11262506154688,195
11262506396744,11262506397416,672
11262506630569,11262506630715,146
11262506880342,11262506880531,189
11262507114668,11262507114817,149
11262507348199,11262507348363,164
11262507580059,11262507580751,692
11262507813821,11262507814487,666
11262508045838,11262508046498,660
11262508277444,11262508277608,164
11262508516813,11262508516960,147
11262508749454,11262508749614,160
11262508990848,11262508991006,158
11262509225865,11262509226503,638
11262509459773,11262509460457,684
11262509695292,11262509695924,632
11262509929496,11262509930145,649
11262510163906,11262510164074,168
11262510396286,11262510396459,173
11262510627485,11262510628132,647
11262510859191,11262510859857,666
11262511092390,11262511093021,631
11262511324971,11262511325137,166
11262511559608,11262511560239,631
11262511792465,11262511793121,656
11262512023383,11262512023545,162
11262512262620,11262512262763,143
11262512498579,11262512499554,975
11262512732923,11262512733580,657
11262512966490,11262512966648,158
11262513216424,11262513217221,797
11262513478499,11262513479201,702
11262513765016,11262513765211,195
11262514019514,11262514019670,156
11262514258662,11262514258809,147
11262514491414,11262514491579,165
11262514727194,11262514727347,153
11262514960491,11262514961177,686
11262515193474,11262515193614,140
11262515424121,11262515424776,655
11262515668399,11262515669058,659
11262515905747,11262515906446,699
11262516140288,11262516140952,664
11262516374518,11262516374661,143
11262516608342,11262516608981,639
11262516842603,11262516843256,653
11262517077157,11262517077820,663
11262517310241,11262517310872,631
11262517542901,11262517543527,626
11262517775357,11262517776018,661
11262518009619,11262518009766,147
11262518242481,11262518242636,155
11262518473338,11262518473990,652
11262518706741,11262518707400,659
11262518947726,11262518948385,659
11262519184837,11262519185003,166
11262519420227,11262519420362,135
11262519656715,11262519656863,148
11262519890848,11262519891505,657
11262520125133,11262520125782,649
11262520358964,11262520359077,113
11262520590953,11262520591097,144
11262520822918,11262520823049,131
11262521055450,11262521056081,631
11262521289930,11262521290572,642
11262521522751,11262521522915,164
11262521755663,11262521756339,676
11262521988533,11262521988684,151
11262522229132,11262522229769,637
11262522464383,11262522465016,633
11262522699803,11262522699971,168
11262522934618,11262522934755,137
11262523168844,11262523169512,668
11262523404138,11262523404276,138
11262523637616,11262523638275,659
11262523870291,11262523870426,135
11262524101570,11262524101735,165
11262524334380,11262524334529,149
11262524566385,11262524566534,149
11262524798190,11262524798336,146
11262525030138,11262525030829,691
11262525262718,11262525263378,660
11262525494913,11262525495549,636
11262525753321,11262525753490,169
11262525991119,11262525991282,163
11262526225887,11262526226562,675
11262526474782,11262526475440,658
11262526706837,11262526706994,157
11262526939836,11262526940463,627
11262527172516,11262527172660,144
11262527423970,11262527424621,651
11262527659115,11262527659758,643
11262527892767,11262527892921,154
11262528124541,11262528125156,615
11262528357835,11262528357961,126
11262528591146,11262528591750,604
11262528823288,11262528824193,905
11262529061646,11262529061827,181
11262529295039,11262529295699,660
11262529528941,11262529529571,630
11262529761607,11262529761741,134
11262529994255,11262529994897,642
11262530227543,11262530227663,120
11262530459489,11262530459638,149
11262530690514,11262530690652,138
11262530923144,11262530923808,664
11262531157121,11262531157887,766
11262531390248,11262531390371,123
11262531622828,11262531622951,123
11262531855138,11262531855794,656
11262532087052,11262532087737,685
11262532326311,11262532326459,148
11262532559872,11262532560497,625
11262532810354,11262532810976,622
11262533054544,11262533054695,151
11262533286492,11262533286655,163
11262533516294,11262533516441,147
11262533746842,11262533747478,636
11262533978898,11262533979499,601
11262534209900,11262534210517,617
11262534441517,11262534441649,132
11262534670273,11262534670939,666
11262534901022,11262534901166,144
11262535130285,11262535130462,177
11262535359649,11262535359826,177
11262535597352,11262535597494,142
11262535829081,11262535829222,141
11262536060932,11262536061083,151
11262536295521,11262536296542,1021
11262536535149,11262536535808,659
11262536768679,11262536768831,152
11262537000024,11262537000702,678
11262537230652,11262537230823,171
11262537471142,11262537471779,637
11262537703624,11262537703796,172
11262537934798,11262537935459,661
11262538167300,11262538167971,671
11262538398916,11262538399081,165
11262538629361,11262538629985,624
11262538860193,11262538860349,156
11262539100886,11262539101535,649
11262539335325,11262539335951,626
11262539568636,11262539568758,122
11262539801300,11262539801452,152
11262540033532,11262540033661,129
11262540265623,11262540265771,148
11262540496612,11262540497287,675
11262540729864,11262540730553,689
11262540962110,11262540962836,726
11262541192867,11262541193011,144
11262541423008,11262541423156,148
11262541653630,11262541653825,195
11262541884443,11262541884599,156
11262542114967,11262542115627,660
11262542352091,11262542352213,122
11262542584622,11262542584772,150
11262542816085,11262542816730,645
11262543049163,11262543049339,176
11262543282113,11262543282226,113
11262543514954,11262543515088,134
11262543747220,11262543747359,139
11262543977775,11262543977894,119
11262544209573,11262544210299,726
11262544446754,11262544446885,131
11262544678907,11262544679574,667
11262544910434,11262544911078,644
11262545141495,11262545142146,651
11262545378439,11262545378600,161
11262545618636,11262545619279,643
11262545853737,11262545854411,674
11262546090962,11262546091557,595
11262546323520,11262546323670,150
11262546555804,11262546555931,127
11262546788230,11262546788373,143
11262547019248,11262547020176,928
11262547251177,11262547251797,620
11262547481548,11262547481699,151
11262547713543,11262547714214,671
11262547944994,11262547945134,140
11262548176446,11262548176593,147
11262548407141,11262548407827,686
11262548638256,11262548638899,643
11262548870102,11262548870740,638
11262549112130,11262549112758,628
11262549346420,11262549346567,147
11262549580248,11262549580412,164
11262549810922,11262549811041,119
11262550044995,11262550045154,159
11262550283036,11262550283175,139
11262550516116,11262550516237,121
11262550745104,11262550745812,708
11262550977319,11262550977972,653
11262551208385,11262551209043,658
11262551446200,11262551446359,159
11262551676477,11262551676616,139
11262551907264,11262551907389,125
11262552138119,11262552138268,149
11262552374765,11262552375616,851
11262552608416,11262552608562,146
11262552840554,11262552840709,155
11262553071697,11262553071842,145
11262553303493,11262553303638,145
11262553534131,11262553534791,660
11262553765030,11262553765168,138
11262553997693,11262553998353,660
11262554228757,11262554228892,135
11262554461749,11262554462409,660
11262554693628,11262554693759,131
11262554924572,11262554924730,158
11262555155077,11262555155734,657
11262555386964,11262555387082,118
11262555624863,11262555625019,156
11262555858215,11262555858332,117
11262556089264,11262556089909,645
11262556320141,11262556320269,128
11262556565012,11262556565168,156
11262556795838,11262556796468,630
11262557027334,11262557028107,773
11262557259547,11262557259690,143
11262557496497,11262557496623,126
11262557726348,11262557727223,875
11262557957156,11262557957310,154
11262558187490,11262558187666,176
11262558419721,11262558420357,636
11262558650844,11262558651487,643
11262558898507,11262558898648,141
11262559132741,11262559132910,169
11262559367460,11262559367605,145
11262559599210,11262559599891,681
11262559832956,11262559833642,686
11262560066597,11262560066748,151
11262560298657,11262560299320,663
11262560529998,11262560530129,131
11262560763482,11262560764200,718
11262560994894,11262560995562,668
11262561225439,11262561226128,689
11262561457090,11262561457768,678
11262561688684,11262561688848,164
11262561917883,11262561918580,697
11262562149421,11262562149612,191
11262562384404,11262562384571,167
11262562615996,11262562616689,693
11262562848123,11262562848274,151
11262563079202,11262563080063,861
11262563310613,11262563310728,115
11262563542177,11262563542314,137
11262563771017,11262563771154,137
11262563999923,11262564000587,664
11262564232240,11262564232386,146
11262564469276,11262564469449,173
11262564700380,11262564700519,139
11262564930921,11262564931564,643
11262565162607,11262565162743,136
11262565399627,11262565400304,677
11262565637860,11262565638478,618
11262565870321,11262565870476,155
11262566102138,11262566102826,688
11262566334601,11262566335227,626
11262566566674,11262566566807,133
11262566798184,11262566798886,702
11262567030783,11262567031446,663
11262567263630,11262567264266,636
11262567495543,11262567496139,596
11262567727821,11262567728455,634
11262567959524,11262567959689,165
11262568188838,11262568188995,157
11262568418859,11262568419675,816
11262568649987,11262568650625,638
11262568886795,11262568886950,155
11262569120724,11262569121389,665
11262569354129,11262569354282,153
11262569587466,11262569587615,149
11262569820401,11262569821040,639
11262570054298,11262570054485,187
11262570286847,11262570286971,124
11262570518401,11262570519058,657
11262570749242,11262570749333,91
11262570982079,11262570982743,664
11262571215193,11262571215293,100
11262571446690,11262571447376,686
11262571678402,11262571678545,143
11262571910382,11262571910546,164
11262572141255,11262572141892,637
11262572381233,11262572381874,641
11262572615202,11262572615383,181
11262572846638,11262572847271,633
11262573079624,11262573080282,658
11262573310563,11262573310686,123
11262573540278,11262573540449,171
11262573769977,11262573770843,866
11262574002513,11262574003168,655
11262574233809,11262574234499,690
11262574464582,11262574464739,157
11262574694544,11262574694690,146
11262574925726,11262574926362,636
11262575157499,11262575157640,141
11262575388784,11262575388953,169
11262575628019,11262575628673,654
11262575861400,11262575862056,656
11262576093650,11262576094362,712
11262576326576,11262576327269,693
11262576557179,11262576557852,673
11262576789371,11262576789527,156
11262577019148,11262577019259,111
11262577250672,11262577250845,173
11262577480979,11262577481130,151
11262577713843,11262577714000,157
11262577945538,11262577945663,125
11262578175609,11262578176255,646
11262578406319,11262578406428,109
11262578636327,11262578637005,678
11262578867356,11262578868003,647
11262579107146,11262579107288,142
11262579340895,11262579341581,686
11262579574479,11262579575125,646
11262579807963,11262579808133,170
11262580040792,11262580040921,129
11262580273979,11262580274665,686
11262580507992,11262580508121,129
11262580740586,11262580741215,629
11262580971784,11262580972436,652
11262581204286,11262581204912,626
11262581437335,11262581437468,133
11262581667719,11262581668348,629
11262581900231,11262581900872,641
11262582131416,11262582132060,644
11262582371282,11262582371951,669
11262582607486,11262582608142,656
11262582838327,11262582838488,161
11262583068729,11262583068887,158
11262583298782,11262583298944,162
11262583528902,11262583529065,163
11262583758491,11262583759166,675
11262583992172,11262583992327,155
11262584222418,11262584223047,629
11262584462941,11262584463831,890
11262584695397,11262584696055,658
11262584925715,11262584925880,165
11262585156445,11262585156616,171
11262585386646,11262585387322,676
11262585625738,11262585626307,569
11262585857525,11262585857701,176
11262586088374,11262586088543,169
11262586318363,11262586318502,139
11262586549266,11262586549430,164
11262586777772,11262586777928,156
11262587007913,11262587008587,674
11262587237774,11262587237920,146
11262587468483,11262587468652,169
11262587698635,11262587699262,627
11262587930674,11262587930821,147
11262588161183,11262588161843,660
11262588391833,11262588391970,137
11262588622460,11262588622593,133
11262588852849,11262588853513,664
11262589093976,11262589094140,164
11262589327784,11262589327915,131
11262589561563,11262589562250,687
11262589794859,11262589795736,877
11262590027688,11262590027830,142
11262590259676,11262590260350,674
11262590493130,11262590493798,668
11262590723721,11262590723869,148
11262590955474,11262590956146,672
11262591186345,11262591186494,149
11262591416146,11262591416290,144
11262591647342,11262591648030,688
11262591879022,11262591879165,143
11262592108187,11262592108324,137
11262592347603,11262592348234,631
11262592582010,11262592582173,163
11262592815380,11262592816060,680
11262593048968,11262593049638,670
11262593283462,11262593284155,693
11262593522322,11262593523000,678
11262593755628,11262593755797,169
11262593986404,11262593986577,173
11262594218328,11262594219001,673
11262594456345,11262594456502,157
11262594686161,11262594686857,696
11262594918135,11262594918778,643
11262595149293,11262595150152,859
11262595387104,11262595387745,641
11262595630231,11262595630876,645
11262595865105,11262595865746,641
11262596101031,11262596101167,136
11262596339120,11262596339768,648
11262596572875,11262596573504,629
11262596807048,11262596807225,177
11262597039124,11262597039785,661
11262597270677,11262597270835,158
11262597501207,11262597501831,624
11262597733431,11262597733592,161
11262597965053,11262597965219,166
11262598195600,11262598195778,178
11262598426446,11262598427062,616
11262598657689,11262598657860,171
11262598894816,11262598894961,145
11262599128492,11262599128638,146
11262599362514,11262599363189,675
11262599596860,11262599596998,138
11262599828260,11262599828393,133
11262600060818,11262600061413,595
11262600293628,11262600293764,136
11262600525416,11262600525571,155
11262600755226,11262600755886,660
11262600986884,11262600987026,142
11262601217445,11262601218085,640
11262601453813,11262601454454,641
11262601684559,11262601685212,653
11262601933391,11262601933537,146
11262602163654,11262602164328,674
11262602405700,11262602405817,117
11262602637033,11262602637665,632
11262602867507,11262602867648,141
11262603097911,11262603098562,651
11262603327051,11262603327639,588
11262603557459,11262603558073,614
11262603787079,11262603787225,146
11262604014559,11262604015166,607
11262604243900,11262604244093,193
11262604472438,11262604473080,642
11262604701784,11262604701923,139
11262604931914,11262604932060,146
11262605160616,11262605160751,135
11262605389566,11262605389731,165
11262605627371,11262605627479,108
11262605859501,11262605859648,147
11262606089582,11262606090232,650
11262606321058,11262606321211,153
11262606551785,11262606551920,135
11262606780834,11262606781011,177
11262607010197,11262607010902,705
11262607251817,11262607251956,139
11262607480408,11262607480558,150
11262607710615,11262607711275,660
11262607940069,11262607940728,659
11262608171545,11262608171694,149
11262608407138,11262608407305,167
11262608636722,11262608637364,642
11262608865838,11262608865987,149
11262609103695,11262609103823,128
11262609335739,11262609336371,632
11262609574575,11262609575183,608
11262609806594,11262609806733,139
11262610039255,11262610040176,921
11262610278480,11262610279095,615
11262610516289,11262610516458,169
11262610749291,11262610749406,115
11262610978436,11262610979078,642
11262611210698,11262611210841,143
11262611440101,11262611440757,656
11262611671011,11262611671171,160
11262611902130,11262611902292,162
11262612131020,11262612131665,645
11262612369606,11262612370254,648
11262612604053,11262612604185,132
11262612834696,11262612834861,165
11262613065837,11262613065966,129
11262613295916,11262613296074,158
11262613525538,11262613525678,140
11262613757422,11262613757573,151
11262613987729,11262613988381,652
11262614219929,11262614220077,148
11262614450898,11262614451073,175
11262614680950,11262614681601,651
11262614912638,11262614913321,683
11262615142246,11262615142424,178
11262615372147,11262615373007,860
11262615610305,11262615610990,685
11262615844052,11262615844762,710
11262616077023,11262616077662,639
11262616308866,11262616309019,153
11262616541293,11262616541948,655
11262616774174,11262616774322,148
11262617005758,11262617006409,651
11262617235896,11262617236516,620
11262617468456,11262617468639,183
11262617698819,11262617699480,661
11262617929113,11262617929750,637
11262618160340,11262618160488,148
11262618390023,11262618390157,134
11262618619067,11262618619696,629
11262618852354,11262618853019,665
11262619093430,11262619093595,165
11262619326276,11262619326401,125
11262619558338,11262619558986,648
11262619790701,11262619790855,154
11262620022295,11262620022945,650
11262620255628,11262620256309,681
11262620486904,11262620487588,684
11262620717604,11262620717757,153
11262620947726,11262620947875,149
11262621176852,11262621177533,681
11262621406280,11262621406927,647
11262621636831,11262621637009,178
11262621865607,11262621866279,672
11262622096173,11262622096343,170
11262622332434,11262622333068,634
11262622566266,11262622566425,159
11262622796910,11262622797073,163
11262623027108,11262623027751,643
11262623259938,11262623260112,174
11262623491318,11262623491970,652
11262623723196,11262623723865,669
11262623954350,11262623954983,633
11262624184898,11262624185551,653
11262624414348,11262624415010,662
11262624645150,11262624645779,629
11262624877268,11262624877419,151
11262625108096,11262625108722,626
11262625338401,11262625339021,620
11262625577777,11262625577929,152
11262625811754,11262625812403,649
11262626046074,11262626046224,150
11262626279273,11262626279418,145
11262626509218,11262626509384,166
11262626740430,11262626740579,149
11262626972197,11262626972895,698
11262627203163,11262627203296,133
11262627432324,11262627432468,144
11262627662602,11262627663270,668
11262627893201,11262627893332,131
11262628123966,11262628124599,633
11262628355626,11262628356321,695
11262628588824,11262628588989,165
11262628820673,11262628820795,122
11262629055723,11262629055868,145
11262629286029,11262629286164,135
11262629516476,11262629517168,692
11262629747493,11262629748175,682
11262629979443,11262629980085,642
11262630209317,11262630209502,185
11262630440631,11262630440787,156
11262630670908,11262630671549,641
11262630900796,11262630900932,136
11262631129987,11262631130142,155
11262631360416,11262631361293,877
11262631591679,11262631592330,651
11262631821263,11262631821993,730
11262632051851,11262632052487,636
11262632297609,11262632297772,163
11262632529287,11262632529939,652
11262632759641,11262632760350,709
11262632990357,11262632991020,663
11262633221132,11262633221823,691
11262633451355,11262633451513,158
11262633682210,11262633682869,659
11262633913834,11262633914499,665
11262634144319,11262634144499,180
11262634374598,11262634374747,149
11262634603857,11262634604010,153
11262634834260,11262634834887,627
11262635064962,11262635065587,625
11262635295644,11262635295799,155
11262635523862,11262635524499,637
11262635761496,11262635762161,665
11262636003266,11262636003898,632
11262636236249,11262636236945,696
11262636469904,11262636470055,151
11262636702174,11262636702333,159
11262636933788,11262636933937,149
11262637164412,11262637164555,143
11262637395916,11262637396576,660
11262637626134,11262637626815,681
11262637858518,11262637858669,151
11262638088495,11262638089154,659
11262638319416,11262638320086,670
11262638550082,11262638550235,153
11262638778953,11262638779089,136
11262639015206,11262639015343,137
11262639248515,11262639249164,649
11262639480860,11262639481516,656
11262639715660,11262639715799,139
11262639946178,11262639946838,660
11262640178517,11262640179177,660
11262640409917,11262640410613,696
11262640640651,11262640641280,629
11262640871653,11262640872296,643
11262641103233,11262641103392,159
11262641334205,11262641334895,690
11262641566569,11262641567260,691
11262641797618,11262641797776,158
11262642030304,11262642031163,859
11262642270845,11262642271011,166
11262642503834,11262642503998,164
11262642735652,11262642736314,662
11262642967175,11262642967820,645
11262643200424,11262643200591,167
11262643431969,11262643432132,163
11262643663091,11262643663769,678
11262643895364,11262643895976,612
11262644126808,11262644126945,137
11262644356432,11262644357068,636
11262644587893,11262644588022,129
11262644819426,11262644819588,162
11262645050672,11262645050798,126
11262645281148,11262645281298,150
11262645511376,11262645511533,157
11262645747335,11262645747466,131
11262645981415,11262645982097,682
11262646214365,11262646214499,134
11262646446081,11262646446220,139
11262646677148,11262646677847,699
11262646909718,11262646910369,651
11262647144742,11262647144862,120
11262647375902,11262647376058,156
11262647607408,11262647607533,125
11262647838186,11262647838351,165
11262648070105,11262648070782,677
11262648300244,11262648300912,668
11262648530235,11262648530390,155
11262648760335,11262648760520,185
11262648997570,11262648998205,635
11262649231678,11262649232382,704
11262649464083,11262649464766,683
11262649696075,11262649696733,658
11262649929223,11262649929380,157
11262650161348,11262650162025,677
11262650394078,11262650394749,671
11262650625168,11262650625337,169
11262650855769,11262650856417,648
11262651087146,11262651087315,169
11262651318243,11262651318896,653
11262651549495,11262651549641,146
11262651779352,11262651779997,645
11262652010979,11262652011136,157
11262652250841,11262652251450,609
11262652484527,11262652485160,633
11262652718114,11262652719027,913
11262652952524,11262652953163,639
11262653186308,11262653187026,718
11262653419804,11262653420480,676
11262653654012,11262653654203,191
11262653884632,11262653885311,679
11262654115616,11262654116271,655
11262654347674,11262654348351,677
11262654578660,11262654579311,651
11262654811721,11262654812397,676
11262655044592,11262655044769,177
11262655275444,11262655275634,190
11262655506285,11262655506444,159
11262655740676,11262655741367,691
11262655972246,11262655972969,723
11262656204099,11262656204273,174
11262656435897,11262656436045,148
11262656666275,11262656666419,144
11262656896795,11262656897434,639
11262657127079,11262657127766,687
11262657358247,11262657358922,675
11262657589045,11262657589223,178
11262657819378,11262657820031,653
11262658050693,11262658050884,191
11262658280601,11262658280736,135
11262658510658,11262658510793,135
11262658740585,11262658740722,137
11262658976733,11262658977410,677
11262659209854,11262659210479,625
11262659440445,11262659441067,622
11262659671199,11262659671348,149
11262659901022,11262659901624,602
11262660132015,11262660132177,162
11262660362039,11262660362220,181
11262660593696,11262660593875,179
11262660823311,11262660823998,687
11262661054430,11262661055056,626
11262661284456,11262661285126,670
11262661516348,11262661516540,192
11262661752822,11262661753001,179
11262661981849,11262661982515,666
11262662216887,11262662217027,140
11262662449851,11262662450555,704
11262662682967,11262662683132,165
11262662915470,11262662916154,684
11262663150472,11262663150630,158
11262663382514,11262663382698,184
11262663614407,11262663615127,720
11262663845517,11262663845690,173
11262664074951,11262664075639,688
11262664304552,11262664304696,144
11262664534916,11262664535074,158
11262664764996,11262664765127,131
11262664995099,11262664995772,673
11262665228547,11262665228699,152
11262665466581,11262665466726,145
11262665702550,11262665702676,126
11262665935076,11262665935757,681
11262666168197,11262666168329,132
11262666408514,11262666409155,641
11262666641521,11262666642172,651
11262666875111,11262666875738,627
11262667105676,11262667106329,653
11262667338486,11262667338638,152
11262667568242,11262667568875,633
11262667802162,11262667802320,158
11262668035784,11262668035931,147
11262668266796,11262668266970,174
11262668496718,11262668497392,674
11262668727424,11262668727603,179
11262668965395,11262668965537,142
11262669208995,11262669209774,779
11262669443178,11262669443809,631
11262669676674,11262669676817,143
11262669908793,11262669908927,134
11262670142289,11262670142939,650
11262670375245,11262670375934,689
11262670606477,11262670606604,127
11262670836282,11262670836966,684
11262671068772,11262671068912,140
11262671316383,11262671317092,709
11262671547449,11262671548086,637
11262671777840,11262671778471,631
11262672010103,11262672010937,834
11262672247743,11262672248384,641
11262672480177,11262672480342,165
11262672712362,11262672713112,750
11262672944912,11262672945079,167
11262673176921,11262673177059,138
11262673409333,11262673409499,166
11262673639727,11262673640420,693
11262673869882,11262673870542,660
11262674098845,11262674098974,129
11262674327792,11262674327921,129
11262674556022,11262674556688,666
11262674786535,11262674786681,146
11262675014850,11262675015516,666
11262675244203,11262675244335,132
11262675473240,11262675473885,645
11262675710302,11262675710438,136
11262675942783,11262675943432,649
11262676174233,11262676174880,647
11262676406218,11262676406869,651
11262676637181,11262676637328,147
11262676869653,11262676869802,149
11262677099829,11262677099972,143
11262677327632,11262677327756,124
11262677556659,11262677556794,135
11262677786248,11262677786927,679
11262678016195,11262678016318,123
11262678244913,11262678245604,691
11262678475236,11262678475376,140
11262678705918,11262678706042,124
11262678944640,11262678944755,115
11262679176048,11262679176710,662
11262679408295,11262679408424,129
11262679641547,11262679642229,682
11262679874219,11262679874356,137
11262680104232,11262680104884,652
11262680336176,11262680336323,147
11262680567718,11262680568396,678
11262680798825,11262680798965,140
11262681028486,11262681029157,671
11262681258313,11262681258995,682
11262681489937,11262681490568,631
11262681720772,11262681721408,636
11262681952583,11262681953240,657
11262682183116,11262682183281,165
11262682421176,11262682421307,131
11262682653908,11262682654554,646
11262682886047,11262682886965,918
11262683118555,11262683118726,171
11262683349381,11262683349518,137
11262683579324,11262683579495,171
11262683808631,11262683809334,703
11262684040355,11262684041030,675
11262684271045,11262684271926,881
11262684502941,11262684503099,158
11262684731901,11262684732516,615
11262684962547,11262684963160,613
11262685193588,11262685193747,159
11262685425377,11262685425533,156
11262685666437,11262685666577,140
11262685899663,11262685899807,144
11262686131949,11262686132092,143
11262686363202,11262686363350,148
11262686594300,11262686594428,128
11262686825937,11262686826594,657
11262687058242,11262687058387,145
11262687296270,11262687296385,115
11262687525527,11262687526184,657
11262687757588,11262687757716,128
11262687988653,11262687989323,670
11262688218976,11262688219880,904
11262688452974,11262688453126,152
11262688683164,11262688683869,705
11262688920596,11262688920731,135
11262689152875,11262689153533,658
11262689385011,11262689385150,139
11262689616938,11262689617090,152
11262689849199,11262689849317,118
11262690080423,11262690080597,174
11262690312070,11262690312729,659
11262690543738,11262690543891,153
11262690773130,11262690773770,640
11262691003232,11262691003816,584
11262691234179,11262691234809,630
11262691463771,11262691463896,125
11262691693930,11262691694086,156
11262691922937,11262691923578,641
11262692152851,11262692153458,607
11262692388961,11262692389142,181
11262692621448,11262692622070,622
11262692851107,11262692851698,591
11262693081932,11262693082067,135
11262693311465,11262693311607,142
11262693542384,11262693543302,918
11262693773095,11262693773269,174
11262694003173,11262694003310,137
11262694233178,11262694233821,643
11262694464015,11262694464673,658
11262694694760,11262694695396,636
11262694924561,11262694924690,129
11262695154642,11262695154806,164
11262695382973,11262695383646,673
11262695621549,11262695621713,164
11262695853435,11262695853582,147
11262696082820,11262696082976,156
11262696313017,11262696313151,134
11262696543771,11262696544434,663
11262696772054,11262696772182,128
11262697003430,11262697004082,652
11262697232452,11262697233080,628
11262697462578,11262697463183,605
11262697692121,11262697692742,621
11262697923842,11262697924005,163
11262698152621,11262698153301,680
11262698383791,11262698383921,130
11262698613198,11262698613881,683
11262698844444,11262698845351,907
11262699081959,11262699082094,135
11262699315615,11262699315752,137
11262699549111,11262699549762,651
11262699781790,11262699782430,640
11262700131821,11262700132494,673
11262700370547,11262700371222,675
11262700605359,11262700606024,665
11262700838006,11262700838627,621
11262701073369,11262701073954,585
11262701304342,11262701305015,673
11262701536184,11262701536767,583
11262701768011,11262701768648,637
11262701999471,11262702000106,635
11262702239339,11262702239996,657
11262702473272,11262702473913,641
11262702706878,11262702707473,595
11262702939863,11262702940491,628
11262703172613,11262703173226,613
11262703405930,11262703406564,634
11262703638576,11262703639197,621
11262703871334,11262703871993,659
11262704104763,11262704105378,615
11262704335686,11262704336512,826
11262704566646,11262704567259,613
11262704798097,11262704798810,713
11262705030373,11262705030996,623
11262705263189,11262705263883,694
11262705493463,11262705494098,635
11262705729929,11262705730584,655
11262705963098,11262705963742,644
11262706194776,11262706195421,645
11262706436636,11262706437416,780
11262706684650,11262706685299,649
11262706921561,11262706922198,637
11262707156910,11262707157528,618
11262707395394,11262707396033,639
11262707635184,11262707635791,607
11262707876495,11262707877134,639
11262708128945,11262708129540,595
11262708374479,11262708375045,566
11262708613236,11262708613917,681
11262708860225,11262708860876,651
11262709120660,11262709121392,732
11262709370316,11262709371015,699
11262709628523,11262709629370,847
11262709887879,11262709889413,1534
11262710217195,11262710217871,676
11262710503346,11262710504304,958
11262710840060,11262710840900,840
11262711165889,11262711166677,788
11262711477355,11262711478123,768
11262711760037,11262711760712,675
11262712052483,11262712053589,1106
11262712395312,11262712396224,912
11262712735223,11262712736159,936
11262713207398,11262713208791,1393
11262713677176,11262713679301,2125
11262714040954,11262714041901,947
11262714330900,11262714331575,675
11262714605025,11262714605685,660
11262714984761,11262714985766,1005
11262715267840,11262715268525,685
11262715533008,11262715533660,652
11262715817156,11262715817832,676
11262716057482,11262716058193,711
11262716296988,11262716297651,663
11262716551587,11262716552286,699
11262716788969,11262716789695,726
11262717026319,11262717027210,891
11262717261654,11262717262330,676
11262717496501,11262717497260,759
11262717734171,11262717734822,651
11262717969340,11262717969978,638
11262718205280,11262718205943,663
11262718438791,11262718439454,663
11262718674406,11262718675012,606
11262718920972,11262718921626,654
11262719159632,11262719160274,642
11262719395561,11262719396195,634
11262719634656,11262719635301,645
11262719916170,11262719916944,774
11262720354990,11262720356110,1120
11262720717875,11262720719007,1132
11262721064224,11262721064989,765
11262721362661,11262721363378,717
11262721595239,11262721595856,617
11262721816070,11262721816687,617
11262722033643,11262722034220,577
11262722271984,11262722272561,577
11262722500869,11262722501492,623
11262722721821,11262722722410,589
11262722938120,11262722938879,759
11262723167874,11262723168481,607
11262723423771,11262723424533,762
11262723683381,11262723684060,679
11262723917136,11262723917709,573
11262724153989,11262724154625,636
11262724384122,11262724384720,598
11262724616945,11262724617554,609
11262724860707,11262724861362,655
11262725083518,11262725084074,556
11262725302426,11262725302962,536
11262725528916,11262725529511,595
11262725761386,11262725761981,595
11262725980632,11262725981209,577
11262726192230,11262726192817,587
11262726405263,11262726405827,564
11262726617738,11262726618362,624
11262726829077,11262726829642,565
11262727039880,11262727040447,567
11262727250447,11262727251041,594
11262727461479,11262727461997,518
11262727671587,11262727672131,544
11262727880980,11262727881595,615
11262728090583,11262728091451,868
11262728300247,11262728300775,528
11262728508426,11262728509061,635
11262728717815,11262728718373,558
11262728953100,11262728953680,580
11262729171060,11262729171634,574
11262729381374,11262729381941,567
11262729670449,11262729671018,569
11262729912307,11262729912859,552
11262730236429,11262730237092,663
11262730477521,11262730478161,640
11262730694540,11262730695099,559
11262730909423,11262730909981,558
11262731123500,11262731124066,566
11262731336984,11262731337540,556
11262731575209,11262731575739,530
11262731792573,11262731793155,582
11262731999902,11262732000475,573
11262732205100,11262732205641,541
11262732423062,11262732423654,592
11262732628995,11262732629574,579
11262732836055,11262732836630,575
11262733043894,11262733044449,555
11262733249907,11262733250648,741
11262733455248,11262733455779,531
11262733660496,11262733661117,621
11262733865826,11262733866370,544
11262734070772,11262734071307,535
11262734274803,11262734275333,530
11262734479084,11262734479654,570
11262734684344,11262734684848,504
11262734888823,11262734889356,533
11262735095555,11262735096086,531
11262735299460,11262735300012,552
11262735519309,11262735519965,656
11262735804488,11262735805063,575
11262736012372,11262736012933,561
11262736239905,11262736240555,650
11262736474706,11262736475287,581
11262736681271,11262736681871,600
11262736895669,11262736896254,585
11262737102610,11262737103173,563
11262737311082,11262737311620,538
11262737519901,11262737520483,582
11262737729424,11262737729999,575
11262737979720,11262737980291,571
11262738224538,11262738225267,729
11262738432279,11262738432774,495
11262738641757,11262738642352,595
11262738849607,11262738850173,566
11262739068896,11262739069492,596
11262739278525,11262739279071,546
11262739485215,11262739485831,616
11262739691329,11262739691870,541
11262739897939,11262739898513,574
11262740104855,11262740105355,500
11262740311127,11262740311707,580
11262740532281,11262740532792,511
11262740740817,11262740741313,496
11262740947698,11262740948263,565
11262741153332,11262741153896,564
11262741358727,11262741359247,520
11262741564259,11262741564826,567
11262741770590,11262741771170,580
11262741976701,11262741977295,594
11262742199167,11262742199707,540
11262742471925,11262742472465,540
11262742714944,11262742715531,587
11262742919690,11262742920226,536
11262743122826,11262743123380,554
11262743328572,11262743329107,535
11262743532475,11262743533293,818
11262743736324,11262743736862,538
11262743939977,11262743940783,806
11262744143377,11262744143916,539
11262744347913,11262744348473,560
11262744550559,11262744551095,536
11262744770055,11262744770662,607
11262744983226,11262744983782,556
11262745188800,11262745189356,556
11262745399602,11262745400075,473
11262745608316,11262745608820,504
11262745814342,11262745814889,547
11262746017058,11262746017737,679
11262746220089,11262746220632,543
11262746429895,11262746430481,586
11262746633470,11262746633990,520
11262746836905,11262746837470,565
11262747040953,11262747041488,535
11262747243055,11262747243624,569
11262747453145,11262747453682,537
11262747656858,11262747657363,505
11262747861580,11262747862129,549
11262748066352,11262748066843,491
11262748268747,11262748269458,711
11262748473071,11262748473601,530
11262748676493,11262748677255,762
11262748886219,11262748886723,504
11262749095541,11262749096095,554
11262749303487,11262749304053,566
11262749510458,11262749511050,592
11262749718604,11262749719137,533
11262749925496,11262749926037,541
11262750135341,11262750135849,508
11262750344057,11262750344600,543
11262750556768,11262750557293,525
11262750770202,11262750770773,571
11262750981065,11262750981573,508
11262751190493,11262751191060,567
11262751398646,11262751399174,528
11262751608317,11262751608881,564
11262751819262,11262751819792,530
11262752033665,11262752034185,520
11262752262092,11262752262586,494
11262752485099,11262752485603,504
11262752709696,11262752710208,512
11262752924574,11262752925082,508
11262753142216,11262753143002,786
11262753367919,11262753368572,653
11262753607748,11262753608850,1102
11262753854795,11262753855388,593
11262754075607,11262754076203,596
11262754287607,11262754288133,526
11262754495454,11262754496028,574
11262754701886,11262754702437,551
11262754906766,11262754907314,548
11262755113517,11262755114089,572
11262755386260,11262755386965,705
11262755637045,11262755637585,540
11262755858335,11262755858946,611
11262756067589,11262756068152,563
11262756273869,11262756274458,589
11262756480252,11262756480826,574
11262756685391,11262756685926,535
11262756889752,11262756890305,553
11262757094677,11262757095234,557
11262757315563,11262757316141,578
11262757523029,11262757523554,525
11262757729750,11262757730346,596
11262758058754,11262758059432,678
11262758308752,11262758309644,892
11262758522848,11262758523396,548
11262758740452,11262758741185,733
11262758962462,11262758963022,560
11262759173489,11262759174047,558
11262759401899,11262759402440,541
11262759671673,11262759672339,666
11262759901442,11262759902050,608
11262760113107,11262760113726,619
11262760343369,11262760343964,595
11262760550370,11262760550951,581
11262760757696,11262760758255,559
11262760963723,11262760964253,530
11262761170093,11262761170650,557
11262761401208,11262761401788,580
11262761615148,11262761615674,526
11262761822488,11262761823110,622
11262762029191,11262762029780,589
11262762245742,11262762246282,540
11262762454274,11262762454812,538
11262762660601,11262762661191,590
11262762866138,11262762866716,578
11262763071703,11262763072248,545
11262763275349,11262763276014,665
11262763480891,11262763481429,538
11262763687818,11262763688585,767
11262763893719,11262763894251,532
11262764113211,11262764113775,564
11262764320398,11262764320968,570
11262764525999,11262764526545,546
11262764732160,11262764732718,558
11262764938801,11262764939332,531
11262765145419,11262765145995,576
11262765350739,11262765351356,617
11262765562666,11262765563217,551
11262765770254,11262765770835,581
11262765975887,11262765976503,616
11262766180819,11262766181387,568
11262766387832,11262766388397,565
11262766596831,11262766597590,759
11262766804728,11262766805256,528
11262767011029,11262767011582,553
11262767218171,11262767218709,538
11262767425820,11262767426371,551
11262767632223,11262767632776,553
11262767836469,11262767837007,538
11262768043258,11262768043904,646
11262768248519,11262768249046,527
11262768453559,11262768454339,780
11262768660458,11262768660980,522
11262768879829,11262768880394,565
11262769093171,11262769093723,552
11262769299740,11262769300303,563
11262769505491,11262769506006,515
11262769721487,11262769722085,598
11262769931353,11262769931916,563
11262770136981,11262770137558,577
11262770341237,11262770341794,557
11262770545690,11262770546223,533
11262770750185,11262770750706,521
11262770954534,11262770955072,538
11262771160340,11262771160845,505
11262771380229,11262771380782,553
11262771584907,11262771585438,531
11262771789722,11262771790290,568
11262771994995,11262771995554,559
11262772200777,11262772201327,550
11262772432597,11262772433196,599
11262772640213,11262772640826,613
11262772845051,11262772845733,682
11262773051439,11262773051981,542
11262773256310,11262773257055,745
11262773463099,11262773463636,537
11262773667234,11262773667812,578
11262773872977,11262773873502,525
11262774077057,11262774077645,588
11262774282065,11262774282628,563
11262774486793,11262774487371,578
11262774691884,11262774692458,574
11262774895240,11262774895805,565
11262775099369,11262775099926,557
11262775301995,11262775302561,566
11262775508484,11262775509070,586
11262775724300,11262775724911,611
11262775934058,11262775934675,617
11262776140291,11262776140881,590
11262776352136,11262776352723,587
11262776555721,11262776556287,566
11262776760756,11262776761333,577
11262776964268,11262776964816,548
11262777169328,11262777169909,581
11262777388465,11262777389033,568
11262777593150,11262777593837,687
11262777796810,11262777797387,577
11262778002640,11262778003387,747
11262778209353,11262778209904,551
11262778413931,11262778414486,555
11262778618319,11262778618906,587
11262778823363,11262778823966,603
11262779032579,11262779033157,578
11262779242497,11262779243102,605
11262779447420,11262779447991,571
11262779652069,11262779652640,571
11262779857159,11262779857759,600
11262780063071,11262780063657,586
11262780271579,11262780272100,521
11262780518804,11262780519540,736
11262780750872,11262780751561,689
11262780962337,11262780962955,618
11262781169146,11262781169797,651
11262781377692,11262781378314,622
11262781585143,11262781585730,587
11262781790373,11262781790978,605
11262782025068,11262782025709,641
11262782253170,11262782253769,599
11262782469454,11262782470182,728
11262782681606,11262782682238,632
11262782889507,11262782890274,767
11262783096933,11262783097528,595
11262783306148,11262783306771,623
11262783520707,11262783521314,607
11262783735692,11262783736444,752
11262783949667,11262783950254,587
11262784161616,11262784162282,666
11262784394679,11262784395273,594
11262784644558,11262784645167,609
11262784891641,11262784892316,675
11262785132999,11262785133834,835
11262785394463,11262785395173,710
11262785650850,11262785651515,665
11262785890384,11262785891082,698
11262786131641,11262786132304,663
11262786384021,11262786384677,656
11262786623041,11262786623696,655
11262786861262,11262786861932,670
11262787100329,11262787100998,669
11262787338010,11262787338692,682
11262787593583,11262787594232,649
11262787842237,11262787843140,903
11262788080094,11262788080733,639
11262788315655,11262788316628,973
11262788552450,11262788553088,638
11262788786547,11262788787179,632
11262789035937,11262789036571,634
11262789273505,11262789274148,643
11262789520951,11262789521596,645
11262789757112,11262789757765,653
11262789993123,11262789993788,665
11262790230488,11262790231147,659
11262790485487,11262790486148,661
11262790727264,11262790727905,641
11262790966571,11262790967217,646
11262791204040,11262791204771,731
11262791445939,11262791446621,682
11262791682584,11262791683255,671
11262791918222,11262791918857,635
11262792154160,11262792154814,654
11262792401780,11262792402397,617
11262792639313,11262792639987,674
11262792876752,11262792877393,641
11262793112836,11262793113499,663
11262793349906,11262793350846,940
11262793585864,11262793586485,621
11262793821017,11262793821877,860
11262794055477,11262794056117,640
11262794290188,11262794290839,651
11262794523890,11262794524535,645
11262794760839,11262794761485,646
11262794995732,11262794996374,642
11262795230384,11262795231027,643
11262795465499,11262795466126,627
11262795708980,11262795709575,595
11262795948518,11262795949162,644
11262796182368,11262796183033,665
11262796416675,11262796417308,633
11262796650997,11262796651619,622
11262796884902,11262796885533,631
11262797118706,11262797119379,673
11262797354640,11262797355305,665
11262797590050,11262797590714,664
11262797824793,11262797825482,689
11262798060392,11262798061044,652
11262798296067,11262798296737,670
11262798548574,11262798549235,661
11262798783706,11262798784535,829
11262799023226,11262799023899,673
11262799258953,11262799259834,881
11262799504459,11262799505096,637
11262799737539,11262799738228,689
11262799971596,11262799972220,624
11262800206930,11262800207595,665
11262800441126,11262800441787,661
11262800674772,11262800675431,659
11262800908579,11262800909208,629
11262801143294,11262801143939,645
11262801377951,11262801378559,608
11262801611104,11262801611753,649
11262801845821,11262801846496,675
11262802079667,11262802080309,642
11262802322543,11262802323211,668
11262802562972,11262802563614,642
11262802799268,11262802799925,657
11262803035327,11262803035981,654
11262803272111,11262803272766,655
11262803506322,11262803506948,626
11262803740341,11262803740973,632
11262803974468,11262803975131,663
11262804208707,11262804209604,897
11262804443432,11262804444070,638
11262804692745,11262804693435,690
11262804926908,11262804927556,648
11262805160006,11262805160651,645
11262805392729,11262805393379,650
11262805641200,11262805641896,696
11262805878830,11262805879497,667
11262806113319,11262806113985,666
11262806346634,11262806347310,676
11262806580566,11262806581221,655
11262806814197,11262806814838,641
11262807046376,11262807047036,660
11262807280512,11262807281178,666
11262807513170,11262807513802,632
11262807746511,11262807747149,638
11262807979226,11262807979894,668
11262808212256,11262808212891,635
11262808444949,11262808445596,647
11262808678990,11262808679627,637
11262808920343,11262808920929,586
11262809155896,11262809156557,661
11262809389728,11262809390378,650
11262809622203,11262809623104,901
11262809854586,11262809855245,659
11262810086344,11262810087038,694
11262810319929,11262810320561,632
11262810554201,11262810554826,625
11262810786360,11262810787011,651
11262811019702,11262811020514,812
11262811253215,11262811253874,659
11262811484921,11262811485573,652
11262811718876,11262811719526,650
11262811953684,11262811954326,642
11262812187626,11262812188261,635
11262812430786,11262812431463,677
11262812665087,11262812665727,640
11262812898790,11262812899455,665
11262813131442,11262813132104,662
11262813367335,11262813367985,650
11262813600602,11262813601270,668
11262813833738,11262813834395,657
11262814078895,11262814079595,700
11262814317811,11262814318500,689
11262814551116,11262814551788,672
11262814783833,11262814784496,663
11262815016424,11262815017378,954
11262815248915,11262815249554,639
11262815482306,11262815483017,711
11262815723181,11262815723829,648
11262815957516,11262815958195,679
11262816191697,11262816192367,670
11262816430822,11262816431470,648
11262816665884,11262816666548,664
11262816898872,11262816899605,733
11262817131324,11262817131982,658
11262817371333,11262817371975,642
11262817604106,11262817604760,654
11262817837192,11262817837882,690
11262818070898,11262818071565,667
11262818304431,11262818305064,633
11262818536268,11262818536918,650
11262818769877,11262818770517,640
11262819010474,11262819011111,637
11262819244913,11262819245567,654
11262819478147,11262819478778,631
11262819711098,11262819711736,638
11262819944513,11262819945172,659
11262820177492,11262820178106,614
11262820409339,11262820410235,896
11262820641610,11262820642212,602
11262820873235,11262820873911,676
11262821106264,11262821106881,617
11262821338790,11262821339412,622
11262821572583,11262821573190,607
11262821805173,11262821805814,641
11262822038406,11262822039056,650
11262822278115,11262822278769,654
11262822513199,11262822513806,607
11262822746470,11262822747046,576
11262822979994,11262822980619,625
11262823212227,11262823212848,621
11262823445860,11262823446475,615
11262823679539,11262823680374,835
11262823912512,11262823913139,627
11262824145451,11262824146072,621
11262824379696,11262824380321,625
11262824612655,11262824613276,621
11262824843991,11262824844614,623
11262825077343,11262825077972,629
11262825310324,11262825310936,612
11262825549716,11262825550374,658
11262825784762,11262825785495,733
11262826022553,11262826023176,623
11262826259236,11262826259959,723
11262826493369,11262826494022,653
11262826726954,11262826727594,640
11262826959826,11262826960491,665
11262827192671,11262827193289,618
11262827424943,11262827425572,629
11262827657632,11262827658282,650
11262827891246,11262827891880,634
11262828123755,11262828124395,640
11262828356130,11262828356799,669
11262828588167,11262828588841,674
11262828820755,11262828821383,628
11262829058998,11262829059636,638
11262829294292,11262829294914,622
11262829528147,11262829528803,656
11262829761494,11262829762131,637
11262829994566,11262829995180,614
11262830229149,11262830229777,628
11262830463655,11262830464247,592
11262830697075,11262830697690,615
11262830929986,11262830930627,641
11262831163716,11262831164506,790
11262831396203,11262831396830,627
11262831628587,11262831629349,762
11262831863350,11262831863991,641
11262832098233,11262832098854,621
11262832340457,11262832341068,611
11262832575015,11262832575634,619
11262832808410,11262832808997,587
11262833040826,11262833041559,733
11262833276384,11262833276995,611
11262833510890,11262833511507,617
11262833744835,11262833745421,586
11262833979022,11262833979643,621
11262834212740,11262834213332,592
11262834445363,11262834445983,620
11262834680656,11262834681258,602
11262834912506,11262834913136,630
11262835146357,11262835146987,630
11262835387342,11262835387958,616
11262835631523,11262835632088,565
11262835866539,11262835867151,612
11262836099917,11262836100518,601
11262836333582,11262836334202,620
11262836574515,11262836575303,788
11262836808633,11262836809249,616
11262837042889,11262837043566,677
11262837275880,11262837276511,631
11262837515688,11262837516275,587
11262837751052,11262837751717,665
11262837984435,11262837985066,631
11262838218706,11262838219361,655
11262838457955,11262838458729,774
11262838692493,11262838693111,618
11262838934674,11262838935281,607
11262839168435,11262839169042,607
11262839402253,11262839402891,638
11262839636051,11262839636704,653
11262839877397,11262839878029,632
11262840112708,11262840113385,677
11262840346334,11262840346995,661
11262840580642,11262840581272,630
11262840814685,11262840815305,620
11262841048492,11262841049128,636
11262841282473,11262841283383,910
11262841515984,11262841516601,617
11262841749753,11262841750386,633
11262841982750,11262841983523,773
11262842223797,11262842224416,619
11262842457950,11262842458643,693
11262842693921,11262842694560,639
11262842928186,11262842928838,652
11262843163846,11262843164489,643
11262843399166,11262843399775,609
11262843633241,11262843633886,645
11262843866223,11262843866867,644
11262844099132,11262844099787,655
11262844333366,11262844333991,625
11262844566989,11262844567653,664
11262844800019,11262844800625,606
11262845032814,11262845033485,671
11262845264726,11262845265367,641
11262845496495,11262845497103,608
11262845735880,11262845736532,652
11262845971947,11262845972583,636
11262846204672,11262846205281,609
11262846437303,11262846437954,651
11262846670739,11262846671376,637
11262846903684,11262846904317,633
11262847136560,11262847137191,631
11262847369113,11262847369900,787
11262847602569,11262847603182,613
11262847835911,11262847836571,660
11262848069349,11262848069963,614
11262848302983,11262848303640,657
11262848536122,11262848536742,620
11262848768559,11262848769171,612
11262849008517,11262849009149,632
11262849242583,11262849243207,624
11262849486171,11262849486781,610
11262849720497,11262849721125,628
11262849954756,11262849955415,659
11262850188004,11262850188615,611
11262850427510,11262850428153,643
11262850660160,11262850660804,644
11262850892429,11262850893057,628
11262851125535,11262851126146,611
11262851359628,11262851360271,643
11262851594045,11262851594716,671
11262851827497,11262851828146,649
11262852061167,11262852061802,635
11262852302257,11262852302859,602
11262852536196,11262852536835,639
11262852768739,11262852769790,1051
11262853003566,11262853004199,633
11262853237412,11262853238082,670
11262853472596,11262853473232,636
11262853708913,11262853709548,635
11262853941607,11262853942223,616
11262854174978,11262854175620,642
11262854408934,11262854409564,630
11262854641964,11262854642607,643
11262854875545,11262854876172,627
11262855109304,11262855109956,652
11262855343817,11262855344457,640
11262855585382,11262855586003,621
11262855827601,11262855828226,625
11262856062863,11262856063508,645
11262856298718,11262856299394,676
11262856532744,11262856533417,673
11262856767009,11262856767670,661
11262857001817,11262857002474,657
11262857236936,11262857237603,667
11262857470858,11262857471495,637
11262857703925,11262857704542,617
11262857937987,11262857938607,620
11262858171292,11262858172213,921
11262858411945,11262858412569,624
11262858646780,11262858647499,719
11262858886004,11262858886592,588
11262859120782,11262859121422,640
11262859355305,11262859355950,645
11262859595639,11262859596265,626
11262859829036,11262859829661,625
11262860063147,11262860063751,604
11262860296139,11262860296774,635
11262860528999,11262860529619,620
11262860762557,11262860763157,600
11262860994783,11262860995389,606
11262861230650,11262861231287,637
11262861465255,11262861465854,599
11262861700323,11262861700951,628
11262861932985,11262861933632,647
11262862167035,11262862167668,633
11262862404330,11262862404955,625
11262862641500,11262862642159,659
11262862875635,11262862876260,625
11262863109840,11262863110524,684
11262863344488,11262863345127,639
11262863577530,11262863578444,914
11262863811851,11262863812495,644
11262864046058,11262864046751,693
11262864279706,11262864280321,615
11262864512874,11262864513503,629
11262864746289,11262864746914,625
11262864983155,11262864983800,645
11262865218203,11262865218832,629
11262865452328,11262865452957,629
11262865699852,11262865700448,596
11262865941786,11262865942414,628
11262866177338,11262866177934,596
11262866413590,11262866414215,625
11262866646704,11262866647312,608
11262866880498,11262866881129,631
11262867115287,11262867115898,611
11262867348224,11262867349044,820
11262867582256,11262867582848,592
11262867814918,11262867815538,620
11262868048561,11262868049159,598
11262868282818,11262868283440,622
11262868517189,11262868517844,655
11262868749818,11262868750466,648
11262868990468,11262868991334,866
11262869224721,11262869225326,605
11262869458515,11262869459166,651
11262869693197,11262869693790,593
11262869926056,11262869926668,612
11262870160086,11262870160713,627
11262870393547,11262870394155,608
11262870627450,11262870628075,625
11262870861565,11262870862136,571
11262871095250,11262871095857,607
11262871346716,11262871347315,599
11262871580887,11262871581503,616
11262871814857,11262871815480,623
11262872046764,11262872047428,664
11262872288108,11262872288713,605
11262872520504,11262872521137,633
11262872754541,11262872755180,639
11262872991180,11262872991846,666
11262873226584,11262873227229,645
11262873461009,11262873461666,657
11262873694009,11262873694658,649
11262873927275,11262873927914,639
11262874160710,11262874161375,665
11262874392295,11262874392914,619
11262874623942,11262874624533,591
11262874856687,11262874857279,592
11262875090294,11262875090902,608
11262875322851,11262875323476,625
11262875564990,11262875565673,683
11262875799508,11262875800137,629
11262876033710,11262876034637,927
11262876267077,11262876267729,652
11262876500134,11262876500811,677
11262876734503,11262876735206,703
11262876967194,11262876967845,651
11262877199379,11262877200008,629
11262877433870,11262877434508,638
11262877665875,11262877666489,614
11262877897480,11262877898083,603
11262878130752,11262878131366,614
11262878363947,11262878364592,645
11262878596490,11262878597090,600
11262878830445,11262878831076,631
11262879067963,11262879068605,642
11262879300795,11262879301449,654
11262879534490,11262879535098,608
11262879767727,11262879768341,614
11262880000332,11262880001289,957
11262880232241,11262880232863,622
11262880465372,11262880465993,621
11262880699465,11262880700063,598
11262880932703,11262880933546,843
11262881167093,11262881167710,617
11262881400638,11262881401561,923
11262881632802,11262881633424,622
11262881865541,11262881866207,666
11262882097148,11262882097793,645
11262882340541,11262882341180,639
11262882586589,11262882587221,632
11262882820188,11262882820806,618
11262883053083,11262883053703,620
11262883285705,11262883286323,618
11262883518258,11262883518900,642
11262883751117,11262883751750,633
11262883984935,11262883985549,614
11262884218358,11262884219023,665
11262884451373,11262884452040,667
11262884688245,11262884688900,655
11262884921508,11262884922147,639
11262885154631,11262885155287,656
11262885387488,11262885388144,656
11262885628237,11262885628861,624
11262885862111,11262885862726,615
11262886095236,11262886095843,607
11262886327837,11262886328551,714
11262886560545,11262886561139,594
11262886791649,11262886792466,817
11262887025096,11262887025711,615
11262887258718,11262887259340,622
11262887491198,11262887491822,624
11262887725350,11262887725953,603
11262887959159,11262887959787,628
11262888189810,11262888190420,610
11262888422438,11262888423065,627
11262888655370,11262888655977,607
11262888896014,11262888896625,611
11262889130871,11262889131508,637
11262889364513,11262889365175,662
11262889597312,11262889597971,659
11262889831982,11262889832642,660
11262890066197,11262890066848,651
11262890300272,11262890300965,693
11262890532797,11262890533451,654
11262890765240,11262890765872,632
11262890997892,11262890998536,644
11262891232883,11262891233525,642
11262891467280,11262891467948,668
11262891701076,11262891701860,784
11262891940110,11262891940793,683
11262892174531,11262892175426,895
11262892414751,11262892415377,626
11262892649848,11262892650491,643
11262892884871,11262892885513,642
11262893120319,11262893120959,640
11262893352880,11262893353529,649
11262893584824,11262893585467,643
11262893817505,11262893818163,658
11262894050704,11262894051300,596
11262894285089,11262894285756,667
11262894518105,11262894518713,608
11262894751508,11262894752133,625
11262894985293,11262894985905,612
11262895218135,11262895218746,611
11262895451078,11262895451718,640
11262895693309,11262895693882,573
11262895928528,11262895929135,607
11262896162370,11262896163015,645
11262896397001,11262896397583,582
11262896630637,11262896631260,623
11262896863891,11262896864487,596
11262897096270,11262897097024,754
11262897330147,11262897330797,650
11262897565111,11262897565902,791
11262897797781,11262897798416,635
11262898032081,11262898032695,614
11262898266124,11262898266753,629
11262898499123,11262898499739,616
11262898732210,11262898732854,644
11262898970907,11262898971501,594
11262899204965,11262899205577,612
11262899439050,11262899439680,630
11262899673360,11262899673982,622
11262899906073,11262899906689,616
11262900139560,11262900140182,622
11262900372368,11262900373031,663
11262900607271,11262900607876,605
11262900840003,11262900840607,604
11262901074800,11262901075437,637
11262901307797,11262901308423,626
11262901541936,11262901542583,647
11262901775045,11262901775655,610
11262902008324,11262902008947,623
11262902249165,11262902249774,609
11262902484156,11262902484893,737
11262902718210,11262902718867,657
11262902951522,11262902952385,863
11262903183991,11262903184676,685
11262903418163,11262903418827,664
11262903651092,11262903651756,664
11262903884733,11262903885408,675
11262904118222,11262904118854,632
11262904349190,11262904349828,638
11262904582993,11262904583632,639
11262904816370,11262904816992,622
11262905051649,11262905052274,625
11262905286103,11262905286719,616
11262905520212,11262905520852,640
11262905761139,11262905761783,644
11262905994612,11262905995258,646
11262906228128,11262906228772,644
11262906462874,11262906463517,643
11262906697652,11262906698317,665
11262906932819,11262906933430,611
11262907167045,11262907167699,654
11262907401195,11262907401849,654
11262907635484,11262907636093,609
11262907870917,11262907871800,883
11262908108867,11262908109519,652
11262908342702,11262908343629,927
11262908577014,11262908577617,603
11262908812296,11262908812924,628
11262909054254,11262909054899,645
11262909342623,11262909343423,800
11262909599675,11262909600326,651
11262909821056,11262909821684,628
11262910031156,11262910031780,624
11262910241135,11262910241718,583
11262910456653,11262910457438,785
11262910707372,11262910707996,624
11262910921653,11262910922277,624
11262911129416,11262911130011,595
11262911337037,11262911337596,559
11262911543034,11262911543647,613
11262911781702,11262911782526,824
11262912048107,11262912048763,656
11262912283414,11262912284058,644
11262912505696,11262912506225,529
11262912717017,11262912717567,550
11262912928650,11262912929195,545
11262913173399,11262913174167,768
11262913420124,11262913420831,707
11262913662453,11262913663286,833
11262913903871,11262913904511,640
11262914226309,11262914227280,971
11262914527191,11262914528031,840
11262914784952,11262914785629,677
11262915027721,11262915028431,710
11262915373834,11262915375156,1322
11262915821669,11262915822684,1015
11262916165136,11262916165937,801
11262916608720,11262916609445,725
11262916972884,11262916974192,1308
11262917404342,11262917411755,7413
11262917792133,11262917793458,1325
11262918153274,11262918154605,1331
11262918478658,11262918479354,696
11262918769146,11262918769962,816
11262919092481,11262919093287,806
11262919368120,11262919368811,691
11262919630456,11262919631155,699
11262919877914,11262919878532,618
11262920135088,11262920135785,697
11262920378926,11262920379888,962
11262920622333,11262920622979,646
11262920863662,11262920864657,995
11262921104817,11262921105489,672
11262921344127,11262921344815,688
11262921596065,11262921596747,682
11262921834158,11262921834873,715
11262922074067,11262922074732,665
11262922355198,11262922355899,701
11262922614378,11262922615043,665
11262922852618,11262922853324,706
11262923091425,11262923092142,717
11262923328006,11262923328657,651
11262923568452,11262923569080,628
11262923806821,11262923807458,637
11262924046430,11262924047087,657
11262924285028,11262924285671,643
11262924523510,11262924524132,622
11262924787824,11262924788434,610
11262925060446,11262925061057,611
11262925395928,11262925396557,629
11262925659570,11262925660214,644
11262925907892,11262925908561,669
11262926146502,11262926147401,899
11262926386009,11262926386643,634
11262926623908,11262926624799,891
11262926862442,11262926863110,668
11262927101474,11262927102124,650
11262927370711,11262927371366,655
11262927621363,11262927622010,647
11262927856500,11262927857166,666
11262928088731,11262928089387,656
11262928347282,11262928347906,624
11262928581056,11262928581677,621
11262928816237,11262928816823,586
11262929117876,11262929118516,640
11262929353996,11262929354637,641
11262929588280,11262929588899,619
11262929827730,11262929828391,661
11262930066485,11262930067429,944
11262930322730,11262930323454,724
11262930558917,11262930559588,671
11262930793590,11262930794263,673
11262931032744,11262931033370,626
11262931293356,11262931294036,680
11262931555916,11262931556685,769
11262931902902,11262931903890,988
11262932233633,11262932234615,982
11262932584651,11262932586093,1442
11262932894483,11262932895532,1049
11262933190617,11262933191335,718
11262933481576,11262933482236,660
11262933749958,11262933750791,833
11262934011725,11262934012442,717
11262934273525,11262934274212,687
11262934545893,11262934546648,755
11262934791131,11262934791793,662
11262935037865,11262935038525,660
11262935292714,11262935293391,677
11262935576389,11262935577045,656
11262935829597,11262935830336,739
11262936073125,11262936073734,609
11262936315859,11262936316506,647
11262936554405,11262936555105,700
11262936798598,11262936799263,665
11262937046550,11262937047196,646
11262937294599,11262937295263,664
11262937534934,11262937535591,657
11262937773943,11262937774594,651
11262938010789,11262938011616,827
11262938247832,11262938248525,693
11262938484883,11262938485871,988
11262938724337,11262938725001,664
11262938980088,11262938980744,656
11262939221008,11262939221647,639
11262939468581,11262939469277,696
11262939706259,11262939706939,680
11262939943491,11262939944181,690
11262940182915,11262940183568,653
11262940436093,11262940436764,671
11262940673549,11262940674216,667
11262940910852,11262940911502,650
11262941149721,11262941150380,659
11262941394538,11262941395161,623
11262941632052,11262941632681,629
11262941869196,11262941869826,630
11262942107084,11262942107723,639
11262942352626,11262942353286,660
11262942600867,11262942601538,671
11262942838215,11262942838853,638
11262943075408,11262943076029,621
11262943324028,11262943324685,657
11262943636297,11262943637080,783
11262943979231,11262943979861,630
11262944223308,11262944224276,968
11262944469740,11262944470385,645
11262944725530,11262944726258,728
11262944963769,11262944964434,665
11262945200477,11262945201120,643
11262945452325,11262945453012,687
11262945710036,11262945710683,647
11262945947762,11262945948480,718
11262946212132,11262946212782,650
11262946451197,11262946451810,613
11262946683343,11262946683997,654
11262946922361,11262946923025,664
11262947155957,11262947156582,625
11262947400734,11262947401407,673
11262947640139,11262947640788,649
11262947871450,11262947872074,624
11262948105438,11262948106072,634
11262948373689,11262948374405,716
11262948613265,11262948613936,671
11262948848589,11262948849228,639
11262949092184,11262949092850,666
11262949325827,11262949326458,631
11262949566261,11262949567021,760
11262949800481,11262949801121,640
11262950034681,11262950035590,909
11262950269039,11262950269678,639
11262950501272,11262950501946,674
11262950736470,11262950737117,647
11262950970362,11262950971035,673
11262951203824,11262951204498,674
11262951444376,11262951445011,635
11262951677836,11262951678508,672
11262951913292,11262951913938,646
11262952145374,11262952146004,630
11262952430959,11262952431613,654
11262952698007,11262952698646,639
11262952932123,11262952932783,660
11262953166263,11262953166919,656
11262953400583,11262953401225,642
11262953634028,11262953634691,663
11262953867038,11262953867709,671
11262954100988,11262954101649,661
11262954335434,11262954336124,690
11262954568419,11262954569095,676
11262954803261,11262954803884,623
11262955036206,11262955037008,802
11262955269002,11262955269650,648
11262955501733,11262955502583,850
11262955743483,11262955744115,632
11262955978518,11262955979131,613
11262956213281,11262956213907,626
11262956447586,11262956448183,597
11262956681486,11262956682104,618
11262956915933,11262956916541,608
11262957149229,11262957149867,638
11262957381866,11262957382469,603
11262957615855,11262957616455,600
11262957849032,11262957849637,605
11262958083223,11262958083848,625
11262958315916,11262958316559,643
11262958551030,11262958551655,625
11262958786833,11262958787510,677
11262959028748,11262959029393,645
11262959263393,11262959264069,676
11262959496303,11262959496991,688
11262959729847,11262959730498,651
11262959963268,11262959963898,630
11262960194824,11262960195488,664
11262960427819,11262960428593,774
11262960661396,11262960662070,674
11262960893821,11262960894887,1066
11262961127383,11262961128016,633
11262961359625,11262961360294,669
11262961592830,11262961593475,645
11262961824975,11262961825619,644
11262962058707,11262962059339,632
11262962299429,11262962300073,644
11262962533836,11262962534494,658
11262962766149,11262962766814,665
11262962998929,11262962999572,643
11262963231164,11262963231798,634
11262963464594,11262963465233,639
11262963698911,11262963699586,675
11262963931182,11262963931853,671
11262964168704,11262964169368,664
11262964407372,11262964408043,671
11262964641155,11262964641832,677
11262964873511,11262964874168,657
11262965106405,11262965107065,660
11262965348524,11262965349159,635
11262965593530,11262965594198,668
11262965829651,11262965830823,1172
11262966065066,11262966065708,642
11262966314756,11262966315689,933
11262966549329,11262966549964,635
11262966782661,11262966783295,634
11262967015592,11262967016304,712
11262967249600,11262967250257,657
11262967482559,11262967483206,647
11262967715077,11262967715742,665
11262967949868,11262967950476,608
11262968182640,11262968183273,633
11262968441048,11262968441686,638
11262968675326,11262968675958,632
11262968916703,11262968917371,668
11262969151562,11262969152203,641
11262969385561,11262969386176,615
11262969626860,11262969627518,658
11262969859923,11262969860592,669
11262970095318,11262970095973,655
11262970329742,11262970330354,612
11262970568802,11262970569432,630
11262970803422,11262970804070,648
11262971037286,11262971037953,667
11262971270093,11262971270836,743
11262971517738,11262971518381,643
11262971750586,11262971751506,920
11262971984174,11262971984793,619
11262972225623,11262972226299,676
11262972473033,11262972473668,635
11262972708520,11262972709183,663
11262972941884,11262972942536,652
11262973175576,11262973176211,635
11262973411121,11262973411744,623
11262973655348,11262973655992,644
11262973890205,11262973890837,632
11262974123641,11262974124289,648
11262974357401,11262974358038,637
11262974589259,11262974589904,645
11262974822941,11262974823566,625
11262975056468,11262975057092,624
11262975289384,11262975290075,691
11262975526372,11262975527026,654
11262975770002,11262975770657,655
11262976003767,11262976004423,656
11262976238290,11262976238933,643
11262976473235,11262976473889,654
11262976708449,11262976709169,720
11262976942993,11262976943632,639
11262977177177,11262977178053,876
11262977410816,11262977411431,615
11262977645682,11262977646318,636
11262977878835,11262977879508,673
11262978111245,11262978111890,645
11262978344977,11262978345628,651
11262978577229,11262978577901,672
11262978809777,11262978810428,651
11262979049753,11262979050429,676
11262979286156,11262979286820,664
11262979518689,11262979519334,645
11262979752728,11262979753358,630
11262979985722,11262979986347,625
11262980218840,11262980219475,635
11262980450347,11262980450990,643
11262980682547,11262980683202,655
11262980915300,11262980915964,664
11262981148383,11262981149041,658
11262981382109,11262981382720,611
11262981616279,11262981616921,642
11262981848285,11262981848941,656
11262982081245,11262982081933,688
11262982325921,11262982326555,634
11262982561713,11262982562608,895
11262982794317,11262982794929,612
11262983028770,11262983029416,646
11262983262173,11262983262850,677
11262983503737,11262983504359,622
11262983737232,11262983737916,684
11262983971224,11262983971866,642
11262984206637,11262984207333,696
11262984446146,11262984446929,783
11262984680190,11262984680845,655
11262984912519,11262984913181,662
11262985146057,11262985146724,667
11262985377755,11262985378471,716
11262985620933,11262985621555,622
11262985866685,11262985867380,695
11262986101735,11262986102377,642
11262986334760,11262986335381,621
11262986568186,11262986568805,619
11262986802927,11262986803584,657
11262987036620,11262987037265,645
11262987269788,11262987270427,639
11262987508568,11262987509308,740
11262987741335,11262987741985,650
11262987975085,11262987975935,850
11262988213960,11262988214606,646
11262988446369,11262988447017,648
11262988680181,11262988680842,661
11262988923408,11262988924085,677
11262989158258,11262989158895,637
11262989400044,11262989400698,654
11262989634297,11262989634975,678
11262989869036,11262989869702,666
11262990101574,11262990102210,636
11262990340300,11262990340953,653
11262990575826,11262990576479,653
11262990809348,11262990810006,658
11262991043431,11262991044073,642
11262991276509,11262991277156,647
11262991510468,11262991511116,648
11262991744560,11262991745204,644
11262991977659,11262991978281,622
11262992215965,11262992216595,630
11262992451298,11262992451918,620
11262992686525,11262992687203,678
11262992922123,11262992922929,806
11262993156917,11262993157518,601
11262993390633,11262993391611,978
11262993624701,11262993625340,639
11262993857872,11262993858548,676
11262994094699,11262994095372,673
11262994329176,11262994329841,665
11262994565112,11262994565795,683
11262994798836,11262994799490,654
11262995033540,11262995034183,643
11262995267729,11262995268356,627
11262995503100,11262995503733,633
11262995742441,11262995743084,643
11262995978753,11262995979398,645
11262996213130,11262996213755,625
11262996448091,11262996448712,621
11262996681513,11262996682123,610
11262996916852,11262996917492,640
11262997151481,11262997152102,621
11262997384938,11262997385577,639
11262997619097,11262997619733,636
11262997852476,11262997853101,625
11262998085663,11262998086301,638
11262998319245,11262998320070,825
11262998553849,11262998554498,649
11262998787720,11262998788530,810
11262999030124,11262999030745,621
11262999266431,11262999267074,643
11262999502108,11262999502718,610
11262999745825,11262999746482,657
11262999981411,11262999982050,639
11263000216888,11263000217534,646
11263000451127,11263000451808,681
11263000685355,11263000686017,662
11263000921294,11263000921902,608
11263001154107,11263001154757,650
11263001395405,11263001396029,624
11263001630686,11263001631345,659
11263001865574,11263001866233,659
11263002099436,11263002100125,689
11263002342204,11263002342866,662
11263002583725,11263002584340,615
11263002816995,11263002817630,635
11263003050979,11263003051642,663
11263003283458,11263003284076,618
11263003518191,11263003518825,634
11263003750361,11263003751252,891
11263003985018,11263003985637,619
11263004219945,11263004221014,1069
11263004453698,11263004454315,617
11263004688094,11263004688719,625
11263004921524,11263004922156,632
11263005155164,11263005155808,644
11263005389785,11263005390432,647
11263005631717,11263005632341,624
11263005869955,11263005870619,664
11263006104841,11263006105491,650
11263006348536,11263006349188,652
11263006584129,11263006584760,631
11263006841527,11263006842183,656
11263007085880,11263007086549,669
11263007323297,11263007323927,630
11263007558624,11263007559274,650
11263007793559,11263007794179,620
11263008027874,11263008028513,639
11263008270184,11263008270837,653
11263008518620,11263008519274,654
11263008760067,11263008760708,641
11263009010507,11263009011107,600
11263009247954,11263009248786,832
11263009492179,11263009492853,674
11263009727614,11263009728570,956
11263009963248,11263009963904,656
11263010195903,11263010196547,644
11263010437258,11263010437928,670
11263010671552,11263010672165,613
11263010906380,11263010907004,624
11263011140239,11263011140864,625
11263011373746,11263011374370,624
11263011616161,11263011616767,606
11263011848681,11263011849324,643
11263012081034,11263012081650,616
11263012328617,11263012329227,610
11263012563926,11263012564537,611
11263012797806,11263012798431,625
11263013032401,11263013033054,653
11263013301555,11263013302242,687
11263013547763,11263013548424,661
11263013781372,11263013781988,616
11263014015200,11263014015849,649
11263014248453,11263014249117,664
11263014481532,11263014482147,615
11263014713084,11263014713676,592
11263014946786,11263014947504,718
11263015180340,11263015180998,658
11263015414315,11263015415192,877
11263015660467,11263015661051,584
11263015893948,11263015894577,629
11263016127816,11263016128457,641
11263016368662,11263016369282,620
11263016600836,11263016601458,622
11263016833378,11263016834010,632
11263017066386,11263017067019,633
11263017298914,11263017299521,607
11263017531057,11263017531681,624
11263017767892,11263017768534,642
11263018001457,11263018002140,683
11263018234057,11263018234704,647
11263018472698,11263018473353,655
11263018705209,11263018705871,662
11263018945544,11263018946200,656
11263019179395,11263019180053,658
11263019413897,11263019414560,663
11263019647068,11263019647711,643
11263019880548,11263019881201,653
11263020113376,11263020114013,637
11263020346154,11263020346958,804
11263020578888,11263020579515,627
11263020811423,11263020812220,797
11263021043576,11263021044209,633
11263021276671,11263021277293,622
11263021514775,11263021515414,639
11263021748282,11263021748949,667
11263021980081,11263021980713,632
11263022218064,11263022218710,646
11263022458711,11263022459317,606
11263022693720,11263022694386,666
11263022925227,11263022925880,653
11263023159150,11263023159834,684
11263023393162,11263023393798,636
11263023626823,11263023627471,648
11263023861321,11263023861979,658
11263024095860,11263024096481,621
11263024328608,11263024329263,655
11263024560453,11263024561072,619
11263024794506,11263024795155,649
11263025026946,11263025027609,663
11263025261426,11263025262075,649
11263025493236,11263025493873,637
11263025742175,11263025742905,730
11263026080079,11263026080732,653
11263026314781,11263026315728,947
11263026548566,11263026549216,650
11263026782756,11263026783413,657
11263027015784,11263027016478,694
11263027248963,11263027249644,681
11263027482250,11263027482927,677
11263027714986,11263027715612,626
11263027947959,11263027948594,635
11263028182322,11263028182973,651
11263028416598,11263028417249,651
11263028650626,11263028651292,666
11263028892516,11263028893169,653
11263029128274,11263029128914,640
11263029362155,11263029362823,668
11263029599710,11263029600420,710
11263029834590,11263029835240,650
11263030067599,11263030068313,714
11263030307444,11263030308120,676
11263030538757,11263030539424,667
11263030772642,11263030773366,724
11263031006333,11263031006996,663
11263031240169,11263031241005,836
11263031480345,11263031481000,655
11263031713914,11263031714754,840
11263031948268,11263031948956,688
11263032183031,11263032183689,658
11263032423629,11263032424343,714
11263032657380,11263032658068,688
11263032890829,11263032891510,681
11263033123776,11263033124442,666
11263033358937,11263033359601,664
11263033593638,11263033594307,669
11263033827972,11263033828654,682
11263034060919,11263034061577,658
11263034301082,11263034301751,669
11263034534692,11263034535382,690
11263034767312,11263034768004,692
11263035000008,11263035000671,663
11263035239920,11263035240617,697
11263035472574,11263035473281,707
11263035712684,11263035713377,693
11263035947982,11263035948675,693
11263036181860,11263036182591,731
11263036421450,11263036422127,677
11263036653434,11263036654300,866
11263036887311,11263036887966,655
11263037120695,11263037121528,833
11263037359451,11263037360139,688
11263037592597,11263037593283,686
11263037828908,11263037829579,671
11263038062438,11263038063063,625
11263038296572,11263038297255,683
11263038530085,11263038530723,638
11263038764028,11263038764677,649
11263039005076,11263039005723,647
11263039240817,11263039241444,627
11263039475573,11263039476240,667
11263039710257,11263039710890,633
11263039943824,11263039944463,639
11263040178015,11263040178670,655
11263040411147,11263040411792,645
11263040644699,11263040645331,632
11263040877436,11263040878100,664
11263041111818,11263041112490,672
11263041349554,11263041350254,700
11263041585329,11263041585973,644
11263041819598,11263041820303,705
11263042054013,11263042054808,795
11263042295036,11263042295672,636
11263042530022,11263042530879,857
11263042763894,11263042764523,629
11263042996780,11263042997461,681
11263043237084,11263043237771,687
11263043478869,11263043479520,651
11263043717569,11263043718240,671
11263043959316,11263043959977,661
11263044202438,11263044203128,690
11263044442366,11263044443007,641
11263044678249,11263044678859,610
11263044913778,11263044914456,678
11263045148056,11263045148680,624
11263045381487,11263045382117,630
11263045625334,11263045625968,634
11263045860499,11263045861146,647
11263046096588,11263046097235,647
11263046336682,11263046337365,683
11263046571454,11263046572116,662
11263046805562,11263046806217,655
11263047039977,11263047040631,654
11263047274090,11263047274803,713
11263047514868,11263047515585,717
11263047748487,11263047749178,691
11263047981984,11263047982844,860
11263048218044,11263048218695,651
11263048457381,11263048457992,611
11263048692591,11263048693261,670
11263048933983,11263048934641,658
11263049168643,11263049169316,673
11263049402776,11263049403479,703
11263049636494,11263049637173,679
11263049871953,11263049872630,677
11263050106495,11263050107151,656
11263050347628,11263050348306,678
11263050581714,11263050582339,625
11263050813873,11263050814543,670
11263051048152,11263051048840,688
11263051281803,11263051282500,697
11263051515663,11263051516296,633
11263051748959,11263051749603,644
11263051997032,11263051997709,677
11263052238315,11263052238924,609
11263052473778,11263052474406,628
11263052741831,11263052742375,544
11263052955547,11263052956251,704
11263053175186,11263053175766,580
11263053388968,11263053389825,857
11263053603774,11263053604366,592
11263053817475,11263053818065,590
11263054106200,11263054106789,589
11263054327228,11263054327816,588
11263054542925,11263054543506,581
11263054755244,11263054755818,574
11263054969603,11263054970175,572
11263055183851,11263055184464,613
11263055398534,11263055399096,562
11263055692095,11263055692694,599
11263055908175,11263055908722,547
11263056121902,11263056122507,605
11263056335404,11263056335961,557
11263056549022,11263056549586,564
11263056763436,11263056764013,577
11263056975575,11263056976169,594
11263057188300,11263057188904,604
11263057402345,11263057402972,627
11263057616428,11263057617052,624
11263057829580,11263057830199,619
11263058044106,11263058044823,717
11263058257401,11263058257991,590
11263058471078,11263058471850,772
11263058684363,11263058684965,602
11263058941702,11263058942361,659
11263059179443,11263059180079,636
11263059415817,11263059416472,655
11263059672699,11263059673429,730
11263059911802,11263059912464,662
11263060148818,11263060149466,648
11263060390097,11263060390747,650
11263060627983,11263060628600,617
11263060863065,11263060863722,657
11263061098331,11263061098993,662
11263061335733,11263061336398,665
11263061572099,11263061572747,648
11263061809296,11263061809926,630
11263062046426,11263062047077,651
11263062298123,11263062298756,633
11263062543662,11263062544478,816
11263062782893,11263062783513,620
11263063020845,11263063021471,626
11263063262936,11263063263579,643
11263063501361,11263063502219,858
11263063738842,11263063739513,671
11263063973995,11263063974990,995
11263064209573,11263064210202,629
11263064445800,11263064446438,638
11263064688431,11263064689078,647
11263064923024,11263064923618,594
11263065158836,11263065159486,650
11263065393073,11263065393706,633
11263065636769,11263065637370,601
11263065969924,11263065970515,591
11263066269009,11263066269576,567
11263066577706,11263066578275,569
11263066879225,11263066879788,563
11263067181133,11263067181712,579
11263067477030,11263067477630,600
11263067748210,11263067748849,639
11263067983575,11263067984225,650
11263068219753,11263068220407,654
11263068477287,11263068477910,623
11263068715047,11263068715679,632
11263068994003,11263068994609,606
11263069266731,11263069267352,621
11263069605335,11263069606157,822
11263069846416,11263069847074,658
11263070084282,11263070085333,1051
11263070323194,11263070323870,676
11263070590368,11263070591031,663
11263070825534,11263070826189,655
11263071061715,11263071062345,630
11263071295945,11263071296598,653
11263071536464,11263071537135,671
11263071770366,11263071770996,630
11263072005497,11263072006148,651
11263072250460,11263072251073,613
11263072614354,11263072614897,543
11263072918927,11263072919485,558
11263073214010,11263073214561,551
11263073511271,11263073511852,581
11263073782769,11263073783412,643
11263074041663,11263074042216,553
11263074332472,11263074333121,649
11263074566509,11263074567152,643
11263074799403,11263074800028,625
11263075034928,11263075035555,627
11263075269814,11263075270403,589
11263075527575,11263075528424,849
11263075772547,11263075773138,591
11263076025609,11263076026521,912
11263076276317,11263076277030,713
11263076514936,11263076515570,634
11263076751451,11263076752073,622
11263076989628,11263076990248,620
11263077229910,11263077230565,655
11263077468305,11263077468952,647
11263077710928,11263077711598,670
11263077945911,11263077946550,639
11263078181273,11263078181910,637
11263078414949,11263078415563,614
11263078667205,11263078667844,639
11263078915433,11263078916188,755
11263079164188,11263079164871,683
11263079400331,11263079401018,687
11263079643325,11263079643965,640
11263079878199,11263079878820,621
11263080113872,11263080114524,652
11263080348352,11263080348995,643
11263080589717,11263080590330,613
11263080823492,11263080824069,577
11263081057753,11263081058525,772
11263081293883,11263081294509,626
11263081529002,11263081529846,844
11263081779168,11263081779807,639
11263082014165,11263082014800,635
11263082257559,11263082258235,676
11263082492970,11263082493541,571
11263082728420,11263082729108,688
11263082963326,11263082963970,644
11263083198662,11263083199295,633
11263083434273,11263083434939,666
11263083667589,11263083668236,647
11263083901325,11263083901958,633
11263084134123,11263084134758,635
11263084367051,11263084367698,647
11263084603039,11263084603674,635
11263084836601,11263084837252,651
11263085070086,11263085070713,627
11263085303883,11263085304526,643
11263085552433,11263085553078,645
11263085799166,11263085799845,679
11263086083572,11263086084228,656
11263086343643,11263086344300,657
11263086586539,11263086587176,637
11263086820507,11263086821380,873
11263087054123,11263087054724,601
11263087287673,11263087288504,831
11263087519960,11263087520566,606
11263087753092,11263087754000,908
11263087992474,11263087993116,642
11263088225281,11263088225928,647
11263088457511,11263088458128,617
11263088690750,11263088691352,602
11263088930510,11263088931164,654
11263089164808,11263089165486,678
11263089413468,11263089414114,646
11263089651582,11263089652240,658
11263089885787,11263089886436,649
11263090119924,11263090120575,651
11263090353934,11263090354595,661
11263090588072,11263090588742,670
11263090823004,11263090823687,683
11263091055568,11263091056208,640
11263091296093,11263091296753,660
11263091528334,11263091528981,647
11263091761385,11263091762035,650
11263091993918,11263091994564,646
11263092233339,11263092234162,823
11263092488385,11263092489091,706
11263092722709,11263092723627,918
11263092956269,11263092956929,660
11263093188525,11263093189213,688
11263093434740,11263093435383,643
11263093667459,11263093668143,684
11263093899856,11263093900509,653
11263094132062,11263094132720,658
11263094375983,11263094376630,647
11263094609152,11263094609801,649
11263094841766,11263094842477,711
11263095074037,11263095074685,648
11263095306358,11263095307018,660
11263095538255,11263095538876,621
11263095804308,11263095804903,595
11263096017904,11263096018532,628
11263096231224,11263096231826,602
11263096444191,11263096444810,619
11263096657333,11263096657945,612
11263096870737,11263096871337,600
11263097083864,11263097084463,599
11263097295595,11263097296209,614
11263097507816,11263097508544,728
11263097720366,11263097720984,618
11263097935787,11263097936581,794
11263098149163,11263098149757,594
11263098362172,11263098362793,621
11263098575760,11263098576371,611
11263098786778,11263098787385,607
11263099053294,11263099053933,639
11263099304657,11263099305399,742
11263099537242,11263099537889,647
11263099769914,11263099770560,646
11263100002905,11263100003520,615
11263100236067,11263100236693,626
11263100487964,11263100488629,665
11263100718972,11263100719629,657
11263100949935,11263100950595,660
11263101185894,11263101186548,654
11263101419541,11263101420206,665
11263101663561,11263101664212,651
11263101896917,11263101897562,645
11263102129663,11263102130351,688
11263102370129,11263102370810,681
11263102605087,11263102605713,626
11263102838355,11263102839214,859
11263103071449,11263103072070,621
11263103303336,11263103304420,1084
11263103536446,11263103537103,657
11263103772102,11263103772737,635
11263104005753,11263104006369,616
11263104239044,11263104239659,615
11263104473792,11263104474427,635
11263104706849,11263104707517,668
11263104940966,11263104941574,608
11263105178444,11263105179077,633
11263105424855,11263105425450,595
11263105665950,11263105666560,610
11263105900877,11263105901498,621
11263106133176,11263106133759,583
11263106367597,11263106368195,598
11263106626882,11263106627523,641
11263106860649,11263106861292,643
11263107095128,11263107095787,659
11263107356596,11263107357215,619
11263107589625,11263107590221,596
11263107823974,11263107824555,581
11263108056522,11263108057125,603
11263108289857,11263108290629,772
11263108529086,11263108529719,633
11263108785427,11263108786216,789
11263109076535,11263109077130,595
11263109297091,11263109297674,583
11263109509955,11263109510566,611
11263109725107,11263109725677,570
11263109938423,11263109939021,598
11263110151334,11263110151925,591
11263110364544,11263110365138,594
11263110578675,11263110579259,584
11263110791708,11263110792323,615
11263111004729,11263111005290,561
11263111258144,11263111258804,660
11263111490757,11263111491392,635
11263111724243,11263111724863,620
11263111956748,11263111957401,653
11263112190435,11263112191091,656
11263112431968,11263112432665,697
11263112666914,11263112667574,660
11263112904147,11263112904847,700
11263113139799,11263113140441,642
11263113373106,11263113373774,668
11263113608046,11263113608863,817
11263113843228,11263113843947,719
11263114077382,11263114078240,858
11263114311522,11263114312173,651
11263114545300,11263114545927,627
11263114778466,11263114779065,599
11263115012333,11263115012985,652
11263115245321,11263115245969,648
11263115478573,11263115479236,663
11263115719415,11263115720226,811
11263115954162,11263115954842,680
11263116188458,11263116189129,671
11263116421412,11263116422030,618
11263116655335,11263116655947,612
11263116888163,11263116888786,623
11263117122798,11263117123467,669
11263117356098,11263117356798,700
11263117591285,11263117591947,662
11263117824562,11263117825247,685
11263118057389,11263118058048,659
11263118290874,11263118291479,605
11263118525298,11263118525911,613
11263118757433,11263118758096,663
11263119029083,11263119029796,713
11263119244358,11263119244950,592
11263119458396,11263119459203,807
11263119672125,11263119672725,600
11263119884014,11263119884609,595
11263120096979,11263120097590,611
11263120310720,11263120311311,591
11263120524638,11263120525242,604
11263120736049,11263120736644,595
11263120948801,11263120949391,590
11263121161028,11263121161628,600
11263121373474,11263121374099,625
11263121586884,11263121587479,595
11263121799852,11263121800438,586
11263122011652,11263122012233,581
11263122231987,11263122232568,581
11263122521029,11263122521655,626
11263122736095,11263122736672,577
11263122949612,11263122950190,578
11263123164247,11263123164819,572
11263123377822,11263123378455,633
11263123592748,11263123593365,617
11263123806147,11263123806778,631
11263124019544,11263124020307,763
11263124234915,11263124235545,630
11263124450126,11263124450926,800
11263124663979,11263124664583,604
11263124876284,11263124876886,602
11263125090050,11263125090648,598
11263125303059,11263125303643,584
11263125516950,11263125517543,593
11263125792418,11263125793064,646
11263126055356,11263126055953,597
11263126268804,11263126269435,631
11263126482923,11263126483536,613
11263126697901,11263126698501,600
11263126911923,11263126912492,569
11263127125127,11263127125713,586
11263127337818,11263127338448,630
11263127551104,11263127551694,590
11263127765457,11263127766037,580
11263127978759,11263127979326,567
11263128193441,11263128194027,586
11263128406853,11263128407437,584
11263128620445,11263128621035,590
11263128833969,11263128834549,580
11263129103989,11263129104733,744
11263129340236,11263129340893,657
11263129575596,11263129576402,806
11263129810181,11263129810846,665
11263130045260,11263130045881,621
11263130289021,11263130289696,675
11263130523135,11263130523786,651
11263130757202,11263130757843,641
11263130989964,11263130990579,615
11263131223892,11263131224525,633
11263131456906,11263131457495,589
11263131691469,11263131692081,612
11263131925449,11263131926039,590
11263132160401,11263132161034,633
11263132424487,11263132425080,593
11263132639546,11263132640151,605
11263132854191,11263132854771,580
11263133068049,11263133068604,555
11263133281352,11263133281951,599
11263133494634,11263133495243,609
11263133708234,11263133708819,585
11263133922148,11263133922751,603
11263134135087,11263134135666,579
11263134347280,11263134348083,803
11263134561122,11263134561739,617
11263134774662,11263134775464,802
11263134989308,11263134989909,601
11263135203082,11263135203686,604
11263135418641,11263135419264,623
11263135683368,11263135684007,639
11263135918949,11263135919586,637
11263136153296,11263136153950,654
11263136388043,11263136388719,676
11263136641686,11263136642277,591
11263136857524,11263136858127,603
11263137070905,11263137071495,590
11263137283872,11263137284470,598
11263137496341,11263137496920,579
11263137709071,11263137709658,587
11263137921766,11263137922378,612
11263138134468,11263138135052,584
11263138347447,11263138348035,588
11263138562738,11263138563315,577
11263138775577,11263138776172,595
11263139080341,11263139080919,578
11263139294568,11263139295189,621
11263139507518,11263139508247,729
11263139721911,11263139722522,611
11263139935293,11263139936012,719
11263140148637,11263140149222,585
11263140362539,11263140363095,556
11263140575639,11263140576241,602
11263140789657,11263140790265,608
11263141002882,11263141003488,606
11263141216353,11263141216936,583
11263141431329,11263141431899,570
11263141643899,11263141644519,620
11263141858343,11263141858921,578
11263142071240,11263142071848,608
11263142376105,11263142376723,618
11263142592641,11263142593205,564
11263142807358,11263142807965,607
11263143020796,11263143021360,564
11263143235297,11263143235871,574
11263143449461,11263143450046,585
11263143663412,11263143664001,589
11263143876013,11263143876630,617
11263144088121,11263144088703,582
11263144301890,11263144302451,561
11263144514413,11263144515147,734
11263144727735,11263144728328,593
11263144939921,11263144940680,759
11263145153343,11263145153923,580
11263145367672,11263145368247,575
11263145625692,11263145626317,625
11263145885556,11263145886115,559
11263146099458,11263146100022,564
11263146313001,11263146313613,612
11263146529947,11263146530508,561
11263146743418,11263146743999,581
11263146956806,11263146957403,597
11263147170664,11263147171279,615
11263147385174,11263147385753,579
11263147598626,11263147599229,603
11263147813023,11263147813667,644
11263148026156,11263148026759,603
11263148239135,11263148239749,614
11263148453201,11263148453813,612
11263148667507,11263148668150,643
11263148885850,11263148886465,615
11263149182193,11263149182783,590
11263149396721,11263149397287,566
11263149610942,11263149611602,660
11263149825697,11263149826281,584
11263150039533,11263150040277,744
11263150252692,11263150253280,588
11263150465653,11263150466221,568
11263150679886,11263150680481,595
11263150893977,11263150894565,588
11263151107350,11263151107928,578
11263151321385,11263151321941,556
11263151535144,11263151535740,596
11263151748273,11263151749157,884
11263151961996,11263151962602,606
11263152174367,11263152174943,576
11263152470952,11263152471547,595
11263152694009,11263152694584,575
11263152906999,11263152907617,618
11263153119568,11263153120136,568
11263153332596,11263153333185,589
11263153573082,11263153573667,585
11263153787036,11263153787641,605
11263153998917,11263153999510,593
11263154211755,11263154212340,585
11263154424402,11263154425000,598
11263154636686,11263154637279,593
11263154857353,11263154858041,688
11263155070470,11263155071044,574
11263155283653,11263155284433,780
11263155496074,11263155496637,563
11263155788965,11263155789560,595
11263156006992,11263156007618,626
11263156219392,11263156219972,580
11263156432634,11263156433243,609
11263156643749,11263156644319,570
11263156856381,11263156856988,607
11263157067956,11263157068526,570
11263157281078,11263157281662,584
11263157495931,11263157496534,603
11263157709174,11263157709756,582
11263157921369,11263157921939,570
11263158134495,11263158135059,564
11263158345883,11263158346444,561
11263158558075,11263158558763,688
11263158770532,11263158771078,546
11263159065126,11263159065754,628
11263159279760,11263159280342,582
11263159493439,11263159494036,597
11263159706520,11263159707089,569
11263159919905,11263159920594,689
11263160132916,11263160133522,606
11263160346412,11263160347132,720
11263160559408,11263160559976,568
11263160771431,11263160771987,556
11263160984504,11263160985078,574
11263161196687,11263161197283,596
11263161407770,11263161408341,571
11263161620460,11263161621061,601
11263161832501,11263161833087,586
11263162044737,11263162045334,597
11263162339007,11263162339592,585
11263162552626,11263162553204,578
11263162765303,11263162765907,604
11263162977060,11263162977684,624
11263163275879,11263163276488,609
11263163487978,11263163488601,623
11263163700040,11263163700612,572
11263163912190,11263163912770,580
11263164202089,11263164202667,578
11263164421979,11263164422561,582
11263164634057,11263164634648,591
11263164846348,11263164846941,593
11263165057149,11263165057938,789
11263165270108,11263165270701,593
11263165482754,11263165483523,769
11263165780376,11263165780947,571
11263165993979,11263165994539,560
11263166206407,11263166206950,543
11263166418324,11263166418900,576
11263166631273,11263166631835,562
11263166843656,11263166844221,565
11263167055486,11263167056061,575
11263167268108,11263167268696,588
11263167482036,11263167482606,570
11263167693702,11263167694259,557
11263167908023,11263167908591,568
11263168120372,11263168120956,584
11263168333067,11263168333643,576
11263168549173,11263168549768,595
11263168762779,11263168763397,618
11263169100430,11263169101071,641
11263169352282,11263169352852,570
11263169564030,11263169564612,582
11263169778271,11263169778858,587
11263169991447,11263169992043,596
11263170203743,11263170204474,731
11263170418003,11263170418590,587
11263170631201,11263170631936,735
11263170844756,11263170845338,582
11263171058244,11263171058828,584
11263171271322,11263171271888,566
11263171483808,11263171484385,577
11263171695919,11263171696501,582
11263171908591,11263171909216,625
11263172121769,11263172122377,608
11263172415843,11263172416434,591
11263172630685,11263172631266,581
11263172842298,11263172842867,569
11263173056059,11263173056629,570
11263173343888,11263173344421,533
11263173556002,11263173556587,585
11263173768052,11263173768642,590
11263173979328,11263173979913,585
11263174191446,11263174192037,591
11263174404001,11263174404529,528
11263174615780,11263174616350,570
11263174828736,11263174829311,575
11263175040183,11263175040777,594
11263175252116,11263175252749,633
11263175464491,11263175465086,595
11263175770445,11263175771283,838
11263175985383,11263175985981,598
11263176197894,11263176198498,604
11263176411186,11263176411783,597
11263176623925,11263176624511,586
11263176836752,11263176837345,593
11263177048988,11263177049552,564
11263177261173,11263177261734,561
11263177473016,11263177473574,558
11263177686123,11263177686701,578
11263177899079,11263177899637,558
11263178111424,11263178112014,590
11263178324072,11263178324645,573
11263178536944,11263178537545,601
11263178748822,11263178749439,617
11263179040082,11263179040661,579
11263179255049,11263179255629,580
11263179475739,11263179476341,602
11263179692243,11263179692816,573
11263179904749,11263179905319,570
11263180117874,11263180118447,573
11263180330987,11263180331696,709
11263180543343,11263180543904,561
11263180756804,11263180757519,715
11263180969327,11263180969895,568
11263181182851,11263181183417,566
11263181394834,11263181395407,573
11263181607859,11263181608442,583
11263181822085,11263181822680,595
11263182034850,11263182035464,614
11263182292710,11263182293351,641
11263182549821,11263182550428,607
11263182764479,11263182765063,584
11263182977723,11263182978308,585
11263183190982,11263183191555,573
11263183404387,11263183404983,596
11263183617523,11263183618129,606
11263183830473,11263183831092,619
11263184044740,11263184045322,582
11263184258462,11263184259079,617
11263184472461,11263184473062,601
11263184685595,11263184686209,614
11263184898907,11263184899485,578
11263185111076,11263185111694,618
11263185324700,11263185325588,888
11263185538071,11263185538669,598
11263185839761,11263185840498,737
11263186055125,11263186055692,567
11263186269393,11263186269996,603
11263186483482,11263186484057,575
11263186697820,11263186698415,595
11263186911699,11263186912321,622
11263187124773,11263187125315,542
11263187337100,11263187337692,592
11263187549490,11263187550074,584
11263187763110,11263187763658,548
11263187976483,11263187977075,592
11263188189935,11263188190538,603
11263188404052,11263188404628,576
11263188617512,11263188618088,576
11263188830992,11263188831554,562
11263189098102,11263189098769,667
11263189356881,11263189357469,588
11263189569175,11263189569744,569
11263189783142,11263189783727,585
11263189996938,11263189997534,596
11263190210144,11263190210739,595
11263190422059,11263190422806,747
11263190638918,11263190639507,589
11263190852249,11263190853018,769
11263191065548,11263191066156,608
11263191278196,11263191278815,619
11263191491365,11263191491959,594
11263191704848,11263191705427,579
11263191917476,11263191918109,633
11263192129821,11263192130436,615
11263192436963,11263192437559,596
11263192652633,11263192653223,590
11263192866362,11263192866951,589
11263193078974,11263193079542,568
11263193293412,11263193293988,576
11263193506489,11263193507051,562
11263193719725,11263193720316,591
11263193933406,11263193934005,599
11263194225471,11263194226048,577
11263194438384,11263194439198,814
11263194652493,11263194653068,575
11263194864588,11263194865182,594
11263195127593,11263195128218,625
11263195361564,11263195362192,628
11263195601675,11263195602572,897
11263195856718,11263195857273,555
11263196072115,11263196073200,1085
11263196286032,11263196286631,599
11263196499254,11263196499871,617
11263196712093,11263196712722,629
11263196926148,11263196926712,564
11263197139880,11263197140449,569
11263197353599,11263197354193,594
11263197567670,11263197568254,584
11263197779787,11263197780382,595
11263197993641,11263197994212,571
11263198205855,11263198206456,601
11263198419338,11263198419933,595
11263198631968,11263198632541,573
11263198845492,11263198846107,615
11263199148808,11263199149396,588
11263199369934,11263199370555,621
11263199583473,11263199584087,614
11263199797999,11263199798611,612
11263200010701,11263200011280,579
11263200224983,11263200225576,593
11263200438994,11263200439608,614
11263200653777,11263200654499,722
11263200867483,11263200868067,584
11263201081036,11263201081829,793
11263201294412,11263201295039,627
11263201508709,11263201509300,591
11263201725762,11263201726408,646
11263201940045,11263201940646,601
11263202153651,11263202154256,605
11263202445588,11263202446198,610
11263202660291,11263202660881,590
11263202874749,11263202875333,584
11263203088335,11263203088952,617
11263203301593,11263203302207,614
11263203514648,11263203515302,654
11263203734628,11263203735247,619
11263203949504,11263203950106,602
11263204237698,11263204238283,585
11263204451939,11263204452507,568
11263204665920,11263204666527,607
11263204878334,11263204878914,580
11263205090352,11263205090945,593
11263205303394,11263205303980,586
11263205516711,11263205517296,585
11263205821532,11263205822228,696
11263206037458,11263206038059,601
11263206252281,11263206253142,861
11263206467851,11263206468424,573
11263206682114,11263206682717,603
11263206895231,11263206895817,586
11263207108773,11263207109399,626
11263207323940,11263207324548,608
11263207538487,11263207539078,591
11263207751770,11263207752388,618
11263207964647,11263207965238,591
11263208178671,11263208179270,599
11263208391205,11263208391826,621
11263208604425,11263208604995,570
11263208817903,11263208818461,558
11263209192117,11263209192716,599
11263209408230,11263209408836,606
11263209622720,11263209623339,619
11263209835841,11263209836445,604
11263210050771,11263210051372,601
11263210264584,11263210265174,590
11263210478801,11263210479419,618
11263210691970,11263210692577,607
11263210904500,11263210905168,668
11263211118346,11263211118942,596
11263211332643,11263211333385,742
11263211545890,11263211546483,593
11263211759305,11263211759906,601
11263211972508,11263211973135,627
11263212186081,11263212186707,626
11263212487973,11263212488574,601
11263212703913,11263212704495,582
11263212922715,11263212923366,651
11263213138137,11263213138732,595
11263213430172,11263213430766,594
11263213646121,11263213646714,593
11263213860594,11263213861189,595
11263214073608,11263214074177,569
11263214364014,11263214364590,576
11263214578106,11263214578701,595
11263214793687,11263214832317,38630
11263215070022,11263215070664,642
11263215304325,11263215305019,694
11263215539285,11263215539947,662
11263215808810,11263215809451,641
11263216023874,11263216024442,568
11263216237927,11263216238684,757
11263216451860,11263216452685,825
11263216665016,11263216665828,812
11263216878085,11263216878684,599
11263217091417,11263217092032,615
11263217306284,11263217306871,587
11263217520485,11263217521060,575
11263217734212,11263217734795,583
11263217947435,11263217948025,590
11263218162897,11263218163485,588
11263218376217,11263218376820,603
11263218590991,11263218591571,580
11263218803922,11263218804512,590
11263219112812,11263219113373,561
11263219439916,11263219440584,668
11263219654141,11263219654724,583
11263219869140,11263219869762,622
11263220081406,11263220081976,570
11263220294489,11263220295075,586
11263220506584,11263220507184,600
11263220719346,11263220719944,598
11263220932417,11263220933022,605
11263221144372,11263221144928,556
11263221355617,11263221356178,561
11263221567686,11263221568372,686
11263221779505,11263221780119,614
11263221992476,11263221993316,840
11263222204850,11263222205461,611
11263222502763,11263222503346,583
11263222716390,11263222717015,625
11263222929432,11263222930064,632
11263223143143,11263223143775,632
11263223362677,11263223363324,647
11263223575099,11263223575722,623
11263223789045,11263223789611,566
11263224002891,11263224003517,626
11263224219025,11263224219608,583
11263224506805,11263224507425,620
11263224721685,11263224722283,598
11263224934948,11263224935567,619
11263225147774,11263225148393,619
11263225362410,11263225363035,625
11263225627824,11263225628473,649
11263225876903,11263225877490,587
11263226089482,11263226090050,568
11263226302152,11263226302740,588
11263226513661,11263226514261,600
11263226727139,11263226727935,796
11263226938887,11263226939458,571
11263227150866,11263227151673,807
11263227363979,11263227364575,596
11263227575518,11263227576080,562
11263227787538,11263227788103,565
11263227999351,11263227999901,550
11263228212343,11263228212937,594
11263228425469,11263228426068,599
11263228646738,11263228647319,581
11263228859878,11263228860441,563
11263229160273,11263229160869,596
11263229449059,11263229449626,567
11263229665524,11263229666127,603
11263229879421,11263229880004,583
11263230093482,11263230094069,587
11263230307416,11263230308031,615
11263230522312,11263230522970,658
11263230734921,11263230735527,606
11263230947051,11263230947627,576
11263231159859,11263231160475,616
11263231373728,11263231374316,588
11263231585709,11263231586295,586
11263231799198,11263231799983,785
11263232012069,11263232012646,577
11263232231770,11263232232540,770
11263232523477,11263232524102,625
11263232737106,11263232737708,602
11263232951477,11263232952073,596
11263233218014,11263233218690,676
11263233451679,11263233452323,644
11263233685409,11263233686378,969
11263233919362,11263233920010,648
11263234152500,11263234153151,651
11263234409121,11263234409735,614
11263234622658,11263234623260,602
11263234836514,11263234837133,619
11263235049171,11263235049765,594
11263235261323,11263235261897,574
11263235483015,11263235483615,600
11263235750157,11263235750817,660
11263235983948,11263235984616,668
11263236218695,11263236219348,653
11263236458549,11263236459175,626
11263236729314,11263236729901,587
11263236942051,11263236942661,610
11263237153619,11263237154449,830
11263237367122,11263237367740,618
11263237580278,11263237581045,767
11263237792915,11263237793474,559
11263238008033,11263238008608,575
11263238220757,11263238221332,575
11263238432647,11263238433246,599
11263238646704,11263238647283,579
11263238859253,11263238859841,588
11263239158909,11263239159493,584
11263239372849,11263239373424,575
11263239586983,11263239587595,612
11263239801708,11263239802313,605
11263240017175,11263240017761,586
11263240230585,11263240231186,601
11263240444987,11263240445570,583
11263240658086,11263240658660,574
11263240871702,11263240872279,577
11263241084991,11263241085545,554
11263241298174,11263241298766,592
11263241512181,11263241512750,569
11263241727690,11263241728272,582
11263241941317,11263241941915,598
11263242155498,11263242156185,687
11263242453027,11263242453585,558
11263242667679,11263242668470,791
11263242884182,11263242884763,581
11263243098195,11263243098791,596
11263243317869,11263243318455,586
11263243609190,11263243609751,561
11263243830968,11263243831587,619
11263244044860,11263244045449,589
11263244259001,11263244259584,583
11263244472484,11263244473084,600
11263244685971,11263244686587,616
11263244898687,11263244899288,601
11263245111554,11263245112117,563
11263245324204,11263245324794,590
11263245536384,11263245536984,600
11263245920028,11263245920603,575
11263246139969,11263246140581,612
11263246352812,11263246353415,603
11263246567811,11263246568392,581
11263246783833,11263246784420,587
11263246997655,11263246998242,587
11263247210799,11263247211374,575
11263247422973,11263247423622,649
11263247637875,11263247638470,595
11263247851602,11263247852435,833
11263248065526,11263248066115,589
11263248279227,11263248279802,575
11263248493215,11263248494058,843
11263248707060,11263248707650,590
11263249002713,11263249003288,575
11263249216129,11263249216727,598
11263249429857,11263249430452,595
11263249643394,11263249643991,597
11263250066416,11263250067095,679
11263250300602,11263250301246,644
11263250566277,11263250566840,563
11263250840750,11263250841390,640
11263251076833,11263251077437,604
11263251315616,11263251316288,672
11263251535878,11263251536452,574
11263251746253,11263251746850,597
11263251954594,11263251955206,612
11263252175092,11263252175811,719
11263252458841,11263252459520,679
11263252713265,11263252713965,700
11263252958506,11263252959277,771
11263253203452,11263253204105,653
11263253446845,11263253447719,874
11263253706947,11263253707571,624
11263253990818,11263253991613,795
11263254255135,11263254255789,654
11263254495877,11263254496510,633
11263254731757,11263254732391,634
11263254967490,11263254968142,652
11263255201399,11263255202018,619
11263255462036,11263255462719,683
11263255713978,11263255714649,671
11263255937466,11263255938167,701
11263256240491,11263256241175,684
11263256479779,11263256480407,628
11263256697955,11263256698514,559
11263256911495,11263256912082,587
11263257126601,11263257127137,536
11263257339784,11263257340383,599
11263257553313,11263257553896,583
11263257764655,11263257765248,593
11263257981277,11263257981871,594
11263258198476,11263258199030,554
11263258410720,11263258411507,787
11263258634636,11263258635206,570
11263258850886,11263258851799,913
11263259113222,11263259113926,704
11263259364773,11263259365480,707
11263259605871,11263259606556,685
11263259844654,11263259845342,688
11263260082394,11263260083043,649
11263260320219,11263260320906,687
11263260556527,11263260557178,651
11263260821429,11263260822311,882
11263261078402,11263261079040,638
11263261295976,11263261296628,652
11263261508347,11263261508947,600
11263261718507,11263261719112,605
11263261928101,11263261928683,582
11263262135898,11263262136485,587
11263262356565,11263262357107,542
11263262570583,11263262571184,601
11263262779700,11263262780315,615
11263262987278,11263262987860,582
11263263193871,11263263194406,535
11263263425211,11263263425828,617
11263263643703,11263263644812,1109
11263263853515,11263263854066,551
11263264066072,11263264066991,919
11263264280698,11263264281283,585
11263264490861,11263264491436,575
11263264703766,11263264704335,569
11263264917149,11263264917723,574
11263265129638,11263265130193,555
11263265340875,11263265341416,541
11263265560780,11263265561341,561
11263265770710,11263265771269,559
11263265980288,11263265980847,559
11263266188522,11263266189162,640
11263266400086,11263266400678,592
11263266635127,11263266635728,601
11263266845759,11263266846312,553
11263267054231,11263267054746,515
11263267261666,11263267262272,606
11263267467716,11263267468247,531
11263267674472,11263267675029,557
11263267880897,11263267881412,515
11263268086349,11263268086879,530
11263268292568,11263268293096,528
11263268497897,11263268498698,801
11263268705482,11263268706027,545
11263268924696,11263268925453,757
11263269134606,11263269135202,596
11263269342820,11263269343426,606
11263269558561,11263269559114,553
11263269766411,11263269767006,595
11263269976676,11263269977250,574
11263270184054,11263270184639,585
11263270392657,11263270393219,562
11263270599543,11263270600165,622
11263270807374,11263270807968,594
11263271014978,11263271015565,587
11263271224835,11263271225387,552
11263271434189,11263271434784,595
11263271641199,11263271641791,592
11263271848683,11263271849268,585
11263272060121,11263272060663,542
11263272276470,11263272277081,611
11263272503331,11263272503913,582
11263272828616,11263272829415,799
11263273071473,11263273072086,613
11263273281376,11263273282001,625
11263273495991,11263273496678,687
11263273705153,11263273705742,589
11263273912391,11263273913209,818
11263274122124,11263274122718,594
11263274330325,11263274330931,606
11263274538688,11263274539307,619
11263274745339,11263274745925,586
11263274954165,11263274954743,578
11263275160106,11263275160687,581
11263275368181,11263275368780,599
11263275585825,11263275586401,576
11263275795292,11263275795892,600
11263276002745,11263276003352,607
11263276208660,11263276209287,627
11263276415902,11263276416500,598
11263276621765,11263276622317,552
11263276828113,11263276828661,548
11263277035084,11263277035658,574
11263277240591,11263277241169,578
11263277447616,11263277448185,569
11263277656303,11263277656913,610
11263277861744,11263277862299,555
11263278067137,11263278067698,561
11263278284085,11263278284821,736
11263278494445,11263278494989,544
11263278701007,11263278701725,718
11263278919891,11263278920464,573
11263279167084,11263279167716,632
11263279406924,11263279407545,621
11263279648374,11263279649006,632
11263279889997,11263279890708,711
11263280126016,11263280126687,671
11263280488217,11263280488947,730
11263280734414,11263280735177,763
11263280973415,11263280974139,724
11263281211033,11263281211711,678
11263281448087,11263281448767,680
11263281684558,11263281685176,618
11263281919140,11263281919796,656
11263282154349,11263282155015,666
11263282407779,11263282408407,628
11263282644411,11263282645069,658
11263282880796,11263282881397,601
11263283156678,11263283157544,866
11263283408897,11263283409522,625
11263283698194,11263283698893,699
11263283935295,11263283935951,656
11263284172146,11263284173038,892
11263284407869,11263284408488,619
11263284661662,11263284662628,966
11263284901885,11263284902609,724
11263285140865,11263285141499,634
11263285379079,11263285379726,647
11263285675939,11263285676558,619
11263285916806,11263285917461,655
11263286153828,11263286154478,650
11263286404988,11263286405629,641
11263286638964,11263286639706,742
11263286879726,11263286880494,768
11263287163759,11263287164729,970
11263287515066,11263287515829,763
11263287875075,11263287875938,863
11263288260011,11263288260951,940
11263288654381,11263288655332,951
11263289039338,11263289040306,968
11263289405164,11263289405978,814
11263289690448,11263289691189,741
11263289921559,11263289922244,685
11263290174887,11263290175762,875
11263290437958,11263290438715,757
11263290725038,11263290726181,1143
11263290991744,11263290992377,633
11263291251093,11263291252190,1097
11263291538391,11263291539794,1403
11263291819201,11263291820089,888
11263292078013,11263292078759,746
11263292376045,11263292376801,756
11263292632923,11263292633603,680
11263292875660,11263292876307,647
11263293221148,11263293222145,997
11263293603823,11263293604658,835
11263293891181,11263293891804,623
11263294190041,11263294195074,5033
11263294511513,11263294512667,1154
11263294855223,11263294856234,1011
11263295319846,11263295321358,1512
11263295729994,11263295731430,1436
11263296100474,11263296101538,1064
11263296407615,11263296408418,803
11263296653852,11263296654583,731
11263296897940,11263296898625,685
11263297136850,11263297137543,693
11263297382520,11263297383236,716
11263297619160,11263297620116,956
11263297858652,11263297859305,653
11263298093986,11263298094904,918
11263298329696,11263298330325,629
11263298574187,11263298574847,660
11263298812249,11263298812927,678
11263299062380,11263299063050,670
11263299301325,11263299301969,644
11263299563519,11263299564162,643
11263299800232,11263299800898,666
11263300036440,11263300037095,655
11263300282080,11263300282741,661
11263300518720,11263300519393,673
11263300756098,11263300756783,685
11263300991632,11263300992309,677
11263301229341,11263301230039,698
11263301486686,11263301487353,667
11263301724307,11263301724953,646
11263301963918,11263301964564,646
11263302199551,11263302200232,681
11263302458813,11263302459502,689
11263302729205,11263302730043,838
11263303021055,11263303022090,1035
11263303295178,11263303295982,804
11263303545987,11263303546670,683
11263303794500,11263303795617,1117
11263304042575,11263304043163,588
11263304286359,11263304286922,563
11263304532780,11263304533340,560
11263304747246,11263304747870,624
11263304963342,11263304963881,539
11263305174155,11263305174704,549
11263305394401,11263305394954,553
11263305618435,11263305619042,607
11263305842202,11263305842779,577
11263306055959,11263306056532,573
11263306273934,11263306274500,566
11263306483315,11263306483852,537
11263306691380,11263306691916,536
11263306913818,11263306914389,571
11263307146581,11263307147179,598
11263307410435,11263307410994,559
11263307644840,11263307645339,499
11263307875707,11263307876276,569
11263308102103,11263308102640,537
11263308315551,11263308316060,509
11263308539960,11263308540544,584
11263308768010,11263308768561,551
11263309041437,11263309042490,1053
11263309281047,11263309281610,563
11263309493563,11263309494131,568
11263309706084,11263309706644,560
11263309921561,11263309922144,583
11263310169974,11263310170614,640
11263310413546,11263310414187,641
11263310658364,11263310659037,673
11263310897673,11263310898299,626
11263311136548,11263311137193,645
11263311384663,11263311385318,655
11263311623201,11263311623869,668
11263311861683,11263311862334,651
11263312117827,11263312118517,690
11263312357440,11263312358074,634
11263312584043,11263312584665,622
11263312797633,11263312798220,587
11263313009793,11263313010391,598
11263313218682,11263313219250,568
11263313430447,11263313431048,601
11263313641133,11263313641704,571
11263313850628,11263313851513,885
11263314060995,11263314061555,560
11263314270518,11263314271328,810
11263314479263,11263314479872,609
11263314751912,11263314752515,603
11263315027509,11263315028160,651
11263315261273,11263315261841,568
11263315475004,11263315475592,588
11263315700014,11263315700588,574
11263315913787,11263315914388,601
11263316122056,11263316122653,597
11263316330621,11263316331231,610
11263316539866,11263316540479,613
11263316748714,11263316749247,533
11263316962467,11263316963034,567
11263317193064,11263317193612,548
11263317398343,11263317398864,521
11263317603804,11263317604350,546
11263317808558,11263317809128,570
11263318022554,11263318023152,598
11263318239517,11263318240117,600
11263318461509,11263318462014,505
11263318666731,11263318667291,560
11263318872174,11263318872891,717
11263319149186,11263319149776,590
11263319367616,11263319368446,830
11263319573896,11263319574438,542
11263319781089,11263319781631,542
11263319985343,11263319985888,545
11263320190362,11263320190921,559
11263320411488,11263320412016,528
11263320616036,11263320616569,533
11263320820213,11263320820790,577
11263321025183,11263321025745,562
11263321228748,11263321229281,533
11263321433180,11263321433700,520
11263321642588,11263321643134,546
11263321852014,11263321852575,561
11263322061686,11263322062238,552
11263322307737,11263322308298,561
11263322556894,11263322557472,578
11263322803307,11263322803862,555
11263323020137,11263323020689,552
11263323236304,11263323236859,555
11263323445484,11263323446027,543
11263323654915,11263323655445,530
11263323866943,11263323867645,702
11263324101722,11263324102373,651
11263324345589,11263324346505,916
11263324581768,11263324582448,680
11263324817590,11263324818220,630
11263325051777,11263325052408,631
11263325285913,11263325286553,640
11263325519303,11263325519938,635
11263325763067,11263325763730,663
11263325999697,11263326000349,652
11263326237324,11263326237996,672
11263326482219,11263326482931,712
11263326721932,11263326722582,650
11263326957365,11263326958049,684
11263327191440,11263327192042,602
11263327425990,11263327426690,700
11263327661795,11263327662441,646
11263327896634,11263327897273,639
11263328130690,11263328131349,659
11263328364744,11263328365412,668
11263328597694,11263328598380,686
11263328831834,11263328832516,682
11263329076275,11263329076949,674
11263329313057,11263329313843,786
11263329554651,11263329555331,680
11263329789980,11263329790845,865
11263330023626,11263330024293,667
11263330256356,11263330257020,664
11263330491977,11263330492633,656
11263330724408,11263330725053,645
11263330959587,11263330960245,658
11263331194060,11263331194698,638
11263331428268,11263331428911,643
11263331662345,11263331662963,618
11263331896065,11263331896699,634
11263332128638,11263332129274,636
11263332401072,11263332401716,644
11263332661150,11263332661795,645
11263332898295,11263332898922,627
11263333132848,11263333133462,614
11263333384059,11263333384697,638
11263333618272,11263333618944,672
11263333853602,11263333854296,694
11263334088150,11263334088789,639
11263334324381,11263334325019,638
11263334558529,11263334559161,632
11263334791965,11263334792689,724
11263335025651,11263335026299,648
11263335260700,11263335261688,988
11263335505822,11263335506505,683
11263335749809,11263335750458,649
11263335985557,11263335986224,667
11263336219462,11263336220142,680
11263336459276,11263336459932,656
11263336692318,11263336692970,652
11263336926474,11263336927122,648
11263337160071,11263337160671,600
11263337393046,11263337393677,631
11263337627835,11263337628462,627
11263337862699,11263337863325,626
11263338096773,11263338097434,661
11263338341737,11263338342411,674
11263338617094,11263338618129,1035
11263338865877,11263338866544,667
11263339115288,11263339115948,660
11263339351095,11263339351735,640
11263339587787,11263339588420,633
11263339823018,11263339823705,687
11263340075347,11263340076029,682
11263340316580,11263340317384,804
11263340556653,11263340557264,611
11263340793677,11263340794601,924
11263341027249,11263341027931,682
11263341261294,11263341261960,666
11263341501257,11263341501959,702
11263341735920,11263341736566,646
11263341970521,11263341971161,640
11263342203846,11263342204495,649
11263342447446,11263342448083,637
11263342683785,11263342684403,618
11263342920112,11263342920759,647
11263343154745,11263343155419,674
11263343407518,11263343408151,633
11263343643341,11263343643983,642
11263343878300,11263343878943,643
11263344111906,11263344112571,665
11263344345673,11263344346303,630
11263344583610,11263344584232,622
11263344818095,11263344818723,628
11263345050482,11263345051152,670
11263345283313,11263345283951,638
11263345529577,11263345530256,679
11263345779428,11263345780208,780
11263346014278,11263346014937,659
11263346247816,11263346248712,896
11263346481683,11263346482339,656
11263346715265,11263346715956,691
11263346949915,11263346950567,652
11263347182893,11263347183563,670
11263347416311,11263347417014,703
11263347648402,11263347649091,689
11263347883963,11263347884598,635
11263348117146,11263348117784,638
11263348350767,11263348351459,692
11263348598111,11263348598770,659
11263348831829,11263348832490,661
11263349073278,11263349073915,637
11263349310330,11263349311006,676
11263349544475,11263349545113,638
11263349777416,11263349778110,694
11263350010446,11263350011135,689
11263350244743,11263350245381,638
11263350478084,11263350478707,623
11263350711794,11263350712444,650
11263350944165,11263350944801,636
11263351176478,11263351177433,955
11263351410486,11263351411120,634
11263351642949,11263351643851,902
11263351877290,11263351877953,663
11263352110683,11263352111354,671
11263352354158,11263352354791,633
11263352589895,11263352590528,633
11263352825313,11263352825940,627
11263353059149,11263353059774,625
11263353295607,11263353296237,630
11263353528575,11263353529214,639
11263353762007,11263353762651,644
11263353996154,11263353996850,696
11263354230155,11263354230800,645
11263354462384,11263354463278,894
11263354697521,11263354698177,656
11263354930739,11263354931397,658
11263355165748,11263355166370,622
11263355399242,11263355399836,594
11263355655338,11263355655951,613
11263355889864,11263355890483,619
11263356141552,11263356142225,673
11263356391344,11263356391967,623
11263356623207,11263356623846,639
11263356854969,11263356855749,780
11263357087015,11263357087690,675
11263357339127,11263357339979,852
11263357571231,11263357571825,594
11263357803945,11263357804548,603
11263358035832,11263358036446,614
11263358267650,11263358268236,586
11263358499540,11263358500139,599
11263358730740,11263358731321,581
11263358982541,11263358983185,644
11263359218570,11263359219192,622
11263359452731,11263359453464,733
11263359685906,11263359686517,611
11263359918955,11263359919599,644
11263360150409,11263360151072,663
11263360383267,11263360383916,649
11263360618085,11263360618726,641
11263360850236,11263360850868,632
11263361083909,11263361084547,638
11263361316213,11263361316817,604
11263361549086,11263361549713,627
11263361781733,11263361782358,625
11263362015234,11263362015858,624
11263362253409,11263362254221,812
11263362513805,11263362514440,635
11263362746464,11263362747516,1052
11263362980375,11263362981064,689
11263363212920,11263363213579,659
11263363446653,11263363447335,682
11263363681572,11263363682181,609
11263363914982,11263363915593,611
11263364147231,11263364147866,635
11263364403415,11263364404043,628
11263364637198,11263364637800,602
11263364870397,11263364871020,623
11263365105696,11263365106333,637
11263365351225,11263365351858,633
11263365592676,11263365593320,644
11263365829414,11263365830037,623
11263366062318,11263366062953,635
11263366297095,11263366297756,661
11263366529463,11263366530132,669
11263366762241,11263366762870,629
11263366996082,11263366996718,636
11263367229432,11263367230031,599
11263367468642,11263367469253,611
11263367701898,11263367702644,746
11263367934942,11263367935565,623
11263368168018,11263368168826,808
11263368399801,11263368400402,601
11263368632997,11263368633624,627
11263368867297,11263368867898,601
11263369111908,11263369112520,612
11263369364191,11263369364805,614
11263369598664,11263369599307,643
11263369833262,11263369833894,632
11263370065149,11263370065788,639
11263370296695,11263370297333,638
11263370528127,11263370528788,661
11263370763890,11263370764521,631
11263370998231,11263370998856,625
11263371231836,11263371232452,616
11263371481118,11263371481773,655
11263371716099,11263371716713,614
11263371949532,11263371950194,662
11263372183833,11263372184470,637
11263372443773,11263372444428,655
11263372679885,11263372680528,643
11263372912428,11263372913063,635
11263373147141,11263373147833,692
11263373398083,11263373398687,604
11263373631831,11263373632676,845
11263373865518,11263373866185,667
11263374098873,11263374099520,647
11263374332890,11263374333532,642
11263374585999,11263374586607,608
11263374818937,11263374819531,594
11263375052013,11263375052603,590
11263375298398,11263375299010,612
11263375530412,11263375530981,569
11263375770914,11263375771556,642
11263376005558,11263376006178,620
11263376239777,11263376240446,669
11263376474052,11263376474709,657
11263376709197,11263376709807,610
11263376946314,11263376946967,653
11263377180097,11263377180737,640
11263377427209,11263377427862,653
11263377661661,11263377662278,617
11263377894449,11263377895052,603
11263378129373,11263378129980,607
11263378364290,11263378364901,611
11263378608998,11263378609934,936
11263378841722,11263378842331,609
11263379085612,11263379086583,971
11263379322238,11263379322908,670
11263379576086,11263379576720,634
11263379810595,11263379811281,686
11263380046032,11263380046679,647
11263380279468,11263380280119,651
11263380512630,11263380513275,645
11263380746883,11263380747518,635
11263380981375,11263380982018,643
11263381214805,11263381215438,633
11263381461143,11263381461754,611
11263381693867,11263381694467,600
11263381927545,11263381928146,601
11263382161832,11263382162431,599
11263382436007,11263382436636,629
11263382672908,11263382673594,686
11263382905875,11263382906566,691
11263383138788,11263383139447,659
11263383372005,11263383372627,622
11263383606588,11263383607180,592
11263383839132,11263383839723,591
11263384072252,11263384072987,735
11263384320944,11263384321527,583
11263384553822,11263384554676,854
11263384789330,11263384789944,614
11263385035835,11263385036506,671
11263385270424,11263385271073,649
11263385503734,11263385504370,636
11263385751325,11263385751964,639
11263385987094,11263385987721,627
11263386221363,11263386222049,686
11263386466657,11263386467324,667
11263386698668,11263386699310,642
11263386931363,11263386932004,641
11263387165810,11263387166460,650
11263387400554,11263387401215,661
11263387633065,11263387633708,643
11263387867120,11263387867754,634
11263388101462,11263388102090,628
11263388335523,11263388336200,677
11263388574800,11263388575457,657
11263388811831,11263388812461,630
11263389054013,11263389054647,634
11263389290361,11263389290986,625
11263389523713,11263389524506,793
11263389757193,11263389757846,653
11263389992330,11263389993182,852
11263390227533,11263390228155,622
11263390465143,11263390465754,611
11263390698453,11263390699075,622
11263390931822,11263390932442,620
11263391165971,11263391166603,632
11263391420498,11263391421118,620
11263391654935,11263391655532,597
11263391889635,11263391890211,576
11263392124784,11263392125394,610
11263392422752,11263392423302,550
11263392639202,11263392639791,589
11263392852445,11263392853003,558
11263393067432,11263393068009,577
11263393281906,11263393282479,573
11263393496756,11263393497321,565
11263393710458,11263393711028,570
11263393924456,11263393925026,570
11263394138682,11263394139266,584
11263394351337,11263394351899,562
11263394564476,11263394565053,577
11263394778619,11263394779509,890
11263394992454,11263394993031,577
11263395248135,11263395249067,932
11263395498173,11263395498741,568
11263395792373,11263395792949,576
11263396016152,11263396016760,608
11263396230414,11263396231009,595
11263396445048,11263396445625,577
11263396659194,11263396659791,597
11263396873460,11263396874013,553
11263397087501,11263397088057,556
11263397301942,11263397302543,601
11263397516430,11263397517023,593
11263397729488,11263397730085,597
11263397942562,11263397943148,586
11263398157166,11263398157748,582
11263398371309,11263398371903,594
11263398586243,11263398586827,584
11263398799882,11263398800478,596
11263399095088,11263399095671,583
11263399311113,11263399311711,598
11263399524916,11263399525507,591
11263399737434,11263399738028,594
11263399951426,11263399952103,677
11263400168775,11263400169356,581
11263400383105,11263400383863,758
11263400597416,11263400598002,586
11263400810341,11263400810995,654
11263401024068,11263401024649,581
11263401238562,11263401239152,590
11263401452346,11263401453156,810
11263401664835,11263401665412,577
11263401899061,11263401899656,595
11263402135926,11263402136498,572
11263402449012,11263402449602,590
11263402669905,11263402670498,593
11263402885581,11263402886171,590
11263403098254,11263403098845,591
11263403312644,11263403313220,576
11263403525917,11263403526495,578
11263403739187,11263403739740,553
11263403953348,11263403953952,604
11263404166828,11263404167395,567
11263404379808,11263404380363,555
11263404593960,11263404594533,573
11263404805788,11263404806369,581
11263405019213,11263405019864,651
11263405232126,11263405232705,579
11263405445826,11263405446574,748
11263405743348,11263405743935,587
11263405958914,11263405959495,581
11263406174292,11263406174843,551
11263406388450,11263406389022,572
11263406602248,11263406602822,574
11263406816599,11263406817164,565
11263407030727,11263407031303,576
11263407244417,11263407244983,566
11263407458250,11263407458820,570
11263407671942,11263407672494,552
11263407886913,11263407887455,542
11263408100869,11263408101452,583
11263408314588,11263408315148,560
11263408527728,11263408528304,576
11263408741322,11263408741895,573
11263409008509,11263409009113,604
11263409243394,11263409244024,630
11263409477099,11263409477737,638
11263409711210,11263409711857,647
11263409967838,11263409968403,565
11263410190335,11263410191173,838
11263410405718,11263410406301,583
11263410619254,11263410620140,886
11263410911042,11263410911599,557
11263411125636,11263411126208,572
11263411343228,11263411343797,569
11263411557215,11263411557760,545
11263411771389,11263411771936,547
11263411986273,11263411986820,547
11263412200372,11263412200941,569
11263412506880,11263412507447,567
11263412722969,11263412723543,574
11263412937323,11263412937897,574
11263413152125,11263413152706,581
11263413366909,11263413367489,580
11263413581228,11263413581799,571
11263413884375,11263413884959,584
11263414099601,11263414100150,549
11263414312780,11263414313371,591
11263414526585,11263414527150,565
11263414739753,11263414740324,571
11263414952745,11263414953284,539
11263415167858,11263415168411,553
11263415381047,11263415381772,725
11263415646330,11263415646981,651
11263415904608,11263415905456,848
11263416119021,11263416119587,566
11263416333334,11263416333886,552
11263416546750,11263416547345,595
11263416761801,11263416762367,566
11263416975973,11263416976531,558
11263417189916,11263417190476,560
11263417404250,11263417404811,561
11263417618043,11263417618589,546
11263417833094,11263417833671,577
11263418047456,11263418048057,601
11263418261697,11263418262249,552
11263418474538,11263418475107,569
11263418688342,11263418688874,532
11263418910226,11263418910825,599
11263419205501,11263419206085,584
11263419420618,11263419421214,596
11263419634521,11263419635080,559
11263419848302,11263419848844,542
11263420062830,11263420063379,549
11263420276365,11263420276968,603
11263420489801,11263420490554,753
11263420704380,11263420704954,574
11263420917517,11263420918267,750
11263421131454,11263421132038,584
11263421345831,11263421346446,615
11263421560771,11263421561332,561
11263421773881,11263421774415,534
11263421988537,11263421989087,550
11263422200588,11263422201148,560
11263422423779,11263422424371,592
11263422638684,11263422639255,571
11263422854087,11263422854630,543
11263423070750,11263423071319,569
11263423284998,11263423285594,596
11263423499483,11263423500026,543
11263423713366,11263423713959,593
11263423927322,11263423927909,587
11263424230370,11263424230916,546
11263424446336,11263424446933,597
11263424661104,11263424661681,577
11263424875047,11263424875630,583
11263425090160,11263425090739,579
11263425303933,11263425304502,569
11263425517737,11263425518366,629
11263425739728,11263425740304,576
11263425956661,11263425957439,778
11263426171566,11263426172147,581
11263426387417,11263426387987,570
11263426603265,11263426603857,592
11263426817851,11263426818416,565
11263427033584,11263427034188,604
11263427247957,11263427248543,586
11263427461991,11263427462574,583
11263427675700,11263427676268,568
11263427889956,11263427890511,555
11263428104176,11263428104762,586
11263428318879,11263428319464,585
11263428558367,11263428558978,611
11263428772446,11263428773020,574
11263428992429,11263428993025,596
11263429286492,11263429287070,578
11263429500355,11263429500932,577
11263429711840,11263429712402,562
11263429926713,11263429927316,603
11263430139036,11263430139634,598
11263430351521,11263430352105,584
11263430564391,11263430564984,593
11263430777314,11263430778054,740
11263430989471,11263430990048,577
11263431202493,11263431203373,880
11263431416902,11263431417472,570
11263431628281,11263431628877,596
11263431840654,11263431841269,615
11263432053204,11263432053783,579
11263432273906,11263432274491,585
11263432487656,11263432488258,602
11263432702226,11263432702843,617
11263432916519,11263432917162,643
11263433130431,11263433131039,608
11263433347057,11263433347676,619
11263433561371,11263433561964,593
11263433774898,11263433775501,603
11263433987865,11263433988438,573
11263434244151,11263434244962,811
11263434581124,11263434581742,618
11263434891977,11263434892610,633
11263435105433,11263435106014,581
11263435364421,11263435365077,656
11263435620833,11263435621441,608
11263435834092,11263435834684,592
11263436045984,11263436046716,732
11263436260310,11263436260909,599
11263436472761,11263436473607,846
11263436686726,11263436687360,634
11263436899336,11263436899938,602
11263437111311,11263437111900,589
11263437323239,11263437323781,542
11263437535284,11263437535895,611
11263437746332,11263437746894,562
11263437958584,11263437959163,579
11263438170005,11263438170611,606
11263438383558,11263438384153,595
11263438595843,11263438596402,559
11263438808320,11263438808910,590
11263439026684,11263439027270,586
11263439241289,11263439241889,600
11263439452839,11263439453423,584
11263439665835,11263439666413,578
11263439879429,11263439880037,608
11263440091876,11263440092455,579
11263440305008,11263440305601,593
11263440597935,11263440598522,587
11263440820140,11263440820720,580
11263441032541,11263441033225,684
11263441245365,11263441245941,576
11263441458360,11263441459117,757
11263441671468,11263441672065,597
11263441883299,11263441883908,609
11263442097278,11263442097862,584
11263442318008,11263442318625,617
11263442533517,11263442534095,578
11263442746027,11263442746599,572
11263442958895,11263442959481,586
11263443171022,11263443171642,620
11263443383918,11263443384527,609
11263443597640,11263443598218,578
11263443811071,11263443811684,613
11263444023736,11263444024311,575
11263444237439,11263444238032,593
11263444458687,11263444459482,795
11263444671619,11263444672257,638
11263444884612,11263444885201,589
11263445098156,11263445098745,589
11263445317492,11263445318096,604
11263445615382,11263445615956,574
11263445830184,11263445830781,597
11263446125623,11263446126336,713
11263446349731,11263446350328,597
11263446563321,11263446564096,775
11263446776258,11263446776816,558
11263446989014,11263446989612,598
11263447202321,11263447202920,599
11263447415082,11263447415652,570
11263447628988,11263447629562,574
11263447841120,11263447841719,599
11263448053209,11263448053767,558
11263448266136,11263448266737,601
11263448479642,11263448480208,566
11263448693267,11263448693852,585
11263448912811,11263448913405,594
11263449126708,11263449127278,570
11263449340302,11263449340874,572
11263449552739,11263449553345,606
11263449766460,11263449767058,598
11263449979435,11263449979990,555
11263450194007,11263450194587,580
11263450406293,11263450406860,567
11263450697528,11263450698082,554
11263450910320,11263450910885,565
11263451122874,11263451123534,660
11263451335369,11263451335935,566
11263451547653,11263451548491,838
11263451760251,11263451760800,549
11263451972171,11263451972772,601
11263452186047,11263452186586,539
11263452405759,11263452406304,545
11263452621369,11263452621980,611
11263452834770,11263452835357,587
11263453049290,11263453049870,580
11263453263269,11263453263864,595
11263453477071,11263453477652,581
11263453690787,11263453691430,643
11263453903852,11263453904412,560
11263454116628,11263454117225,597
11263454329851,11263454330429,578
11263454541478,11263454542037,559
11263454754789,11263454755355,566
11263454967785,11263454968349,564
11263455180381,11263455180945,564
11263455395514,11263455396102,588
11263455615217,11263455615789,572
11263455909614,11263455910199,585
11263456123244,11263456123902,658
11263456336417,11263456337014,597
11263456549755,11263456550518,763
11263456762854,11263456763423,569
11263456975367,11263456975951,584
11263457188371,11263457188964,593
11263457401285,11263457401859,574
11263457614792,11263457615385,593
11263457828610,11263457829173,563
11263458040347,11263458040912,565
11263458254370,11263458254954,584
11263458467106,11263458467677,571
11263458681050,11263458681607,557
11263458910991,11263458911604,613
11263459126173,11263459126768,595
11263459341064,11263459341618,554
11263459554760,11263459555323,563
11263459768437,11263459769020,583
11263459983004,11263459983588,584
11263460197238,11263460197828,590
11263460409484,11263460410087,603
11263460623386,11263460623965,579
11263460915958,11263460916545,587
11263461137956,11263461138712,756
11263461351917,11263461352492,575
11263461565629,11263461566513,884
11263461779742,11263461780359,617
11263461995175,11263461995792,617
11263462213852,11263462214462,610
11263462429118,11263462429707,589
11263462649817,11263462650434,617
11263462864582,11263462865164,582
11263463079305,11263463079923,618
11263463300923,11263463301496,573
11263463513567,11263463514152,585
11263463726841,11263463727445,604
11263463939513,11263463940126,613
11263464152114,11263464152726,612
11263464366382,11263464366998,616
11263464579562,11263464580159,597
11263464792562,11263464793146,584
11263465004253,11263465004840,587
11263465216588,11263465217161,573
11263465429672,11263465430276,604
11263465649370,11263465649939,569
11263465937482,11263465938034,552
11263466152465,11263466153202,737
11263466368657,11263466369232,575
11263466583325,11263466584149,824
11263466797520,11263466798089,569
11263467010311,11263467010916,605
11263467224544,11263467225145,601
11263467437691,11263467438275,584
11263467651904,11263467652503,599
11263467864602,11263467865172,570
11263468078081,11263468078663,582
11263468291552,11263468292121,569
11263468510343,11263468510932,589
11263468722835,11263468723401,566
11263468942550,11263468943139,589
11263469156506,11263469157082,576
11263469377033,11263469377640,607
11263469590115,11263469590700,585
11263469804738,11263469805340,602
11263470019529,11263470020116,587
11263470233604,11263470234177,573
11263470451852,11263470452434,582
11263470665543,11263470666114,571
11263470956937,11263470957504,567
11263471178180,11263471178835,655
11263471396632,11263471397238,606
11263471609412,11263471610239,827
11263471823811,11263471824407,596
11263472036915,11263472037502,587
11263472258535,11263472259113,578
11263472473307,11263472473872,565
11263472688540,11263472689151,611
11263472901747,11263472902333,586
11263473115690,11263473116295,605
11263473329528,11263473330117,589
11263473541991,11263473542580,589
11263473755296,11263473755873,577
11263473968830,11263473969406,576
11263474182260,11263474182833,573
11263474395416,11263474395975,559
11263474608663,11263474609272,609
11263474822047,11263474822646,599
11263475036173,11263475036754,581
11263475248922,11263475249491,569
11263475460416,11263475460996,580
11263475679586,11263475680189,603
11263475932393,11263475933033,640
11263476186534,11263476187199,665
11263476399304,11263476399885,581
11263476613691,11263476614493,802
11263476827658,11263476828276,618
11263477041627,11263477042219,592
11263477257679,11263477258303,624
11263477471302,11263477471907,605
11263477685509,11263477686116,607
11263477898380,11263477898995,615
11263478112788,11263478113383,595
11263478326070,11263478326632,562
11263478540092,11263478540696,604
11263478752589,11263478753185,596
11263478973092,11263478973697,605
11263479188282,11263479188877,595
11263479403274,11263479403854,580
11263479616957,11263479617572,615
11263479830335,11263479830941,606
11263480044018,11263480044644,626
11263480258590,11263480259208,618
11263480472395,11263480472973,578
11263480686385,11263480686987,602
11263480900275,11263480900868,593
11263481190859,11263481191597,738
11263481411954,11263481412528,574
11263481625479,11263481626221,742
11263481839722,11263481840312,590
11263482053360,11263482053942,582
11263482273317,11263482273903,586
11263482533547,11263482534201,654
11263482795477,11263482796078,601
11263483010072,11263483010622,550
11263483229637,11263483230238,601
11263483444377,11263483444974,597
11263483658914,11263483659513,599
11263483872221,11263483872780,559
11263484085886,11263484086468,582
11263484299692,11263484300236,544
11263484513662,11263484514199,537
11263484726445,11263484726999,554
11263484939777,11263484940335,558
11263485154445,11263485155038,593
11263485369331,11263485369886,555
11263485591602,11263485592135,533
11263485807481,11263485808045,564
11263486059388,11263486060029,641
11263486312363,11263486313106,743
11263486528801,11263486529357,556
11263486742585,11263486743345,760
11263486957059,11263486957609,550
11263487169781,11263487170325,544
11263487384394,11263487384951,557
11263487598287,11263487598835,548
11263487812686,11263487813297,611
11263488027040,11263488027598,558
11263488304282,11263488304925,643
11263488537858,11263488538495,637
11263488772677,11263488773313,636
11263489013655,11263489014267,612
11263489250803,11263489251410,607
11263489488626,11263489489236,610
11263489731178,11263489731801,623
11263489973089,11263489973723,634
11263490215539,11263490216135,596
11263490495731,11263490496424,693
11263490747315,11263490747975,660
11263490988722,11263490989370,648
11263491228133,11263491228801,668
11263491483239,11263491483893,654
11263491720024,11263491720823,799
11263491986493,11263491987218,725
11263492236706,11263492237305,599
11263492479862,11263492480681,819
11263492720280,11263492720927,647
11263492962005,11263492962648,643
11263493202403,11263493203043,640
11263493443128,11263493443744,616
11263493685066,11263493685699,633
11263493930334,11263493930973,639
11263494177199,11263494177849,650
11263494449777,11263494450391,614
11263494767167,11263494767919,752
11263495055378,11263495056505,1127
11263495351790,11263495352788,998
11263495625229,11263495625811,582
11263495933236,11263495933875,639
11263496249576,11263496250434,858
11263496555116,11263496556384,1268
11263496862779,11263496863721,942
11263497163885,11263497164667,782
11263497438984,11263497439657,673
11263497695232,11263497695782,550
11263497944167,11263497944726,559
11263498186656,11263498187639,983
11263498411412,11263498412065,653
11263498658198,11263498659707,1509
11263499002831,11263499003850,1019
11263499283532,11263499284230,698
11263499530065,11263499530645,580
11263499759749,11263499760332,583
11263499975973,11263499976563,590
11263500192904,11263500193374,470
11263500417965,11263500418488,523
11263500642816,11263500643299,483
11263500878916,11263500879557,641
11263501105591,11263501106156,565
11263501324022,11263501324585,563
11263501549146,11263501549710,564
11263501758054,11263501758621,567
11263501967548,11263501968151,603
11263502176355,11263502176879,524
11263502397388,11263502397973,585
11263502610776,11263502611338,562
11263502819925,11263502820455,530
11263503030950,11263503031472,522
11263503239981,11263503240489,508
11263503453241,11263503454062,821
11263503666592,11263503667128,536
11263503876123,11263503877066,943
11263504087462,11263504087987,525
11263504310699,11263504311361,662
11263504564185,11263504564876,691
11263504815569,11263504816331,762
11263505188507,11263505189211,704
11263505476972,11263505477813,841
11263505767887,11263505768656,769
11263506052370,11263506053389,1019
11263506315382,11263506316018,636
11263506570766,11263506571398,632
11263506807521,11263506808159,638
11263507055313,11263507055962,649
11263507317273,11263507318165,892
11263507629404,11263507630055,651
11263507880646,11263507881284,638
11263508117495,11263508118239,744
11263508360936,11263508361610,674
11263508595697,11263508596333,636
11263508830734,11263508831425,691
11263509093011,11263509093695,684
11263509344349,11263509345390,1041
11263509655641,11263509656422,781
11263509930344,11263509931539,1195
11263510226222,11263510227029,807
11263510529864,11263510530540,676
11263510808363,11263510809015,652
11263511082517,11263511083283,766
11263511356427,11263511357070,643
11263511616146,11263511616771,625
11263511866655,11263511867261,606
11263512158821,11263512159527,706
11263512449366,11263512450082,716
11263512681742,11263512682349,607
11263512901967,11263512902563,596
11263513117998,11263513118568,570
11263513343539,11263513344073,534
11263513594286,11263513595208,922
11263513830523,11263513831115,592
11263514044302,11263514044902,600
11263514263178,11263514263752,574
11263514483072,11263514483630,558
11263514693022,11263514693603,581
11263514904846,11263514905427,581
11263515115512,11263515116344,832
11263515336349,11263515336955,606
11263515558090,11263515559034,944
11263515822199,11263515822876,677
11263516068485,11263516069170,685
11263516316251,11263516316923,672
11263516559401,11263516560037,636
11263516798759,11263516799401,642
11263517035953,11263517036610,657
11263517273591,11263517274210,619
11263517509121,11263517509772,651
11263517745376,11263517745996,620
11263517981017,11263517981678,661
11263518220338,11263518220989,651
11263518456237,11263518456863,626
11263518691904,11263518692533,629
11263518943663,11263518944329,666
11263519254898,11263519255556,658
11263519564434,11263519565089,655
11263519810085,11263519810754,669
11263520042585,11263520043197,612
11263520276776,11263520277421,645
11263520498570,11263520499191,621
11263520718148,11263520718987,839
11263520927497,11263520928082,585
11263521137882,11263521138879,997
11263521348468,11263521348997,529
11263521565521,11263521587455,21934
11263521797756,11263521798314,558
11263522009512,11263522010065,553
11263522234351,11263522234903,552
11263522501263,11263522501882,619
11263522707985,11263522708544,559
11263522916710,11263522917293,583
11263523123299,11263523123885,586
11263523335563,11263523336138,575
11263523542590,11263523543202,612
11263523748708,11263523749293,585
11263523956526,11263523957098,572
11263524191543,11263524192196,653
11263524414687,11263524415245,558
11263524621308,11263524621877,569
11263524828716,11263524829275,559
11263525040824,11263525041372,548
11263525247672,11263525248189,517
11263525453053,11263525453581,528
11263525665463,11263525666166,703
11263525872300,11263525872871,571
11263526077774,11263526078589,815
11263526304790,11263526305351,561
11263526510292,11263526510801,509
11263526715951,11263526716475,524
11263526922644,11263526923173,529
11263527127876,11263527128363,487
11263527343707,11263527344225,518
11263527549304,11263527549836,532
11263527755075,11263527755639,564
11263527961276,11263527961818,542
11263528167646,11263528168182,536
11263528372913,11263528373440,527
11263528578019,11263528578567,548
11263528783356,11263528783922,566
11263529041806,11263529042382,576
11263529257279,11263529257866,587
11263529493988,11263529494535,547
11263529700117,11263529700658,541
11263529905655,11263529906209,554
11263530112655,11263530113188,533
11263530321105,11263530321648,543
11263530527524,11263530528227,703
11263530734231,11263530734805,574
11263530939966,11263530940723,757
11263531147908,11263531148446,538
11263531356412,11263531356973,561
11263531562677,11263531563230,553
11263531769122,11263531769675,553
11263531974449,11263531974997,548
11263532179412,11263532179975,563
11263532389311,11263532389854,543
11263532595545,11263532596093,548
11263532801632,11263532802213,581
11263533007443,11263533007986,543
11263533214425,11263533214965,540
11263533439975,11263533440500,525
11263533646126,11263533646638,512
11263533852254,11263533852822,568
11263534058548,11263534059151,603
11263534265172,11263534265739,567
11263534486400,11263534486930,530
11263534692485,11263534693089,604
11263534898603,11263534899135,532
11263535117067,11263535117620,553
11263535323725,11263535324488,763
11263535533967,11263535534540,573
11263535750976,11263535751734,758
11263535962985,11263535963569,584
11263536172834,11263536173409,575
11263536381763,11263536382319,556
11263536591570,11263536592377,807
11263536831108,11263536831762,654
11263537047156,11263537047790,634
11263537258519,11263537259101,582
11263537473300,11263537473894,594
11263537679621,11263537680163,542
11263537885360,11263537885940,580
11263538092905,11263538093482,577
11263538298268,11263538298843,575
11263538510936,11263538511509,573
11263538716994,11263538717601,607
11263538929535,11263538930147,612
11263539136398,11263539136965,567
11263539345367,11263539345947,580
11263539554885,11263539555484,599
11263539764785,11263539765335,550
11263539974664,11263539975222,558
11263540184099,11263540184897,798
11263540393748,11263540394312,564
11263540601964,11263540602969,1005
11263540811098,11263540811678,580
11263541019755,11263541020344,589
11263541228871,11263541229460,589
11263541438097,11263541438683,586
11263541647517,11263541648076,559
11263541855242,11263541855837,595
11263542063925,11263542064462,537
11263542278623,11263542279157,534
11263542532666,11263542533332,666
11263542772940,11263542773536,596
11263543013091,11263543013702,611
11263543247959,11263543248574,615
11263543508171,11263543508797,626
11263543755180,11263543755947,767
11263544023716,11263544024390,674
11263544258507,11263544259136,629
11263544475956,11263544476541,585
11263544701820,11263544702440,620
11263544912637,11263544913223,586
11263545123477,11263545124068,591
11263545333314,11263545334147,833
11263545572074,11263545572704,630
11263545788555,11263545789356,801
11263546000485,11263546001082,597
11263546209813,11263546210431,618
11263546430691,11263546431300,609
11263546639204,11263546639763,559
11263546847702,11263546848298,596
11263547058095,11263547058677,582
11263547266688,11263547267256,568
11263547476521,11263547477094,573
11263547685352,11263547685949,597
11263547894016,11263547894577,561
11263548102592,11263548103155,563
11263548310286,11263548310835,549
11263548538516,11263548539094,578
11263548748791,11263548749388,597
11263548972855,11263548973416,561
11263549186044,11263549186594,550
11263549394970,11263549395511,541
11263549605373,11263549605912,539
11263549813976,11263549814496,520
11263550021927,11263550022466,539
11263550230078,11263550230896,818
11263550438789,11263550439344,555
11263550646553,11263550647533,980
11263550856535,11263550857135,600
11263551064411,11263551065008,597
11263551271334,11263551271924,590
11263551477926,11263551478476,550
11263551684115,11263551684699,584
11263551891061,11263551891560,499
11263552099214,11263552099804,590
11263552315282,11263552315863,581
11263552526553,11263552527153,600
11263552734175,11263552734675,500
11263552942784,11263552943360,576
11263553150604,11263553151126,522
11263553358223,11263553358819,596
11263553564895,11263553565429,534
11263553773418,11263553773953,535
11263553980938,11263553981453,515
11263554189715,11263554190244,529
11263554396809,11263554397351,542
11263554603225,11263554603779,554
11263554809684,11263554810235,551
11263555018604,11263555019319,715
11263555225584,11263555226142,558
11263555457872,11263555458725,853
11263555675641,11263555676270,629
11263555886940,11263555887542,602
11263556095526,11263556096105,579
11263556303627,11263556304151,524
11263556511783,11263556512379,596
11263556788148,11263556789186,1038
11263557046294,11263557046942,648
11263557266517,11263557267121,604
11263557493526,11263557494062,536
11263557703275,11263557703877,602
11263557911105,11263557911698,593
11263558117021,11263558117604,583
11263558344361,11263558345054,693
11263558551983,11263558552559,576
11263558757089,11263558757637,548
11263558981760,11263558982363,603
11263559197495,11263559198079,584
11263559407213,11263559407781,568
11263559613559,11263559614153,594
11263559820723,11263559821261,538
11263560032221,11263560032775,554
11263560241380,11263560242099,719
11263560461559,11263560462106,547
11263560671833,11263560672598,765
11263560882926,11263560883457,531
11263561090729,11263561091297,568
11263561302016,11263561302605,589
11263561528878,11263561529421,543
11263561737305,11263561737860,555
11263561945687,11263561946208,521
11263562153515,11263562154074,559
11263562364308,11263562364894,586
11263562589843,11263562590415,572
11263562797412,11263562797957,545
11263563006211,11263563006785,574
11263563215833,11263563216357,524
11263563430774,11263563431346,572
11263563640962,11263563641520,558
11263563848784,11263563849355,571
11263564057627,11263564058205,578
11263564275947,11263564276532,585
11263564483050,11263564483603,553
11263564690266,11263564690839,573
11263564896695,11263564897241,546
11263565103163,11263565103894,731
11263565310729,11263565311291,562
11263565519580,11263565520368,788
11263565735776,11263565736304,528
11263565943464,11263565944002,538
11263566148152,11263566148721,569
11263566372725,11263566373287,562
11263566579890,11263566580443,553
11263566785398,11263566785915,517
11263566993245,11263566993793,548
11263567198032,11263567198597,565
11263567404200,11263567404765,565
11263567614758,11263567615313,555
11263567826465,11263567827083,618
11263568035808,11263568036326,518
11263568243462,11263568244096,634
11263568459401,11263568459978,577
11263568669473,11263568670082,609
11263568884795,11263568885394,599
11263569094738,11263569095318,580
11263569303675,11263569304228,553
11263569515772,11263569516314,542
11263569725373,11263569725897,524
11263569933821,11263569934681,860
11263570142648,11263570143228,580
11263570351746,11263570352559,813
11263570562969,11263570563529,560
11263570770740,11263570771285,545
11263570981504,11263570982070,566
11263571195559,11263571196126,567
11263571404035,11263571404629,594
11263571614591,11263571615159,568
11263571824900,11263571825475,575
11263572032360,11263572032922,562
11263572246770,11263572247356,586
11263572452724,11263572453246,522
11263572662862,11263572663441,579
11263572871586,11263572872122,536
11263573082529,11263573083075,546
11263573290674,11263573291225,551
11263573498345,11263573498865,520
11263573742873,11263573743501,628
11263573978967,11263573979566,599
11263574212891,11263574213516,625
11263574452029,11263574452649,620
11263574684859,11263574685480,621
11263574920385,11263574921162,777
11263575152597,11263575153199,602
11263575408561,11263575409408,847
11263575649912,11263575650549,637
11263575885986,11263575886646,660
11263576121000,11263576121646,646
11263576354808,11263576355455,647
11263576589710,11263576590355,645
11263576823794,11263576824395,601
11263577056010,11263577056614,604
11263577298699,11263577299331,632
11263577531145,11263577531769,624
11263577761503,11263577762111,608
11263577994341,11263577994923,582
11263578226573,11263578227187,614
11263578475372,11263578476021,649
11263578710031,11263578710670,639
11263578953351,11263578954000,649
11263579186974,11263579187661,687
11263579421677,11263579422304,627
11263579657478,11263579658092,614
11263579890272,11263579890871,599
11263580123693,11263580124320,627
11263580354694,11263580355489,795
11263580586771,11263580587423,652
11263580816821,11263580817743,922
11263581049638,11263581050236,598
11263581281804,11263581282452,648
11263581513133,11263581513817,684
11263581744382,11263581744998,616
11263581976741,11263581977377,636
11263582213807,11263582214719,912
11263582475602,11263582476222,620
11263582709803,11263582710372,569
11263582950152,11263582950745,593
11263583182323,11263583182936,613
11263583433435,11263583434066,631
11263583667061,11263583667660,599
11263583899284,11263583899861,577
11263584130292,11263584130894,602
11263584368466,11263584369079,613
11263584600434,11263584601101,667
11263584830961,11263584831611,650
11263585063004,11263585063660,656
11263585295543,11263585296172,629
11263585526757,11263585527399,642
11263585772389,11263585773219,830
11263586005998,11263586006636,638
11263586238190,11263586239034,844
11263586496323,11263586496941,618
11263586728452,11263586729064,612
11263586960600,11263586961230,630
11263587193626,11263587194233,607
11263587457133,11263587457810,677
11263587688560,11263587689174,614
11263587920123,11263587920748,625
11263588151401,11263588151994,593
11263588405139,11263588405756,617
11263588643900,11263588644515,615
11263588880873,11263588881502,629
11263589114730,11263589115408,678
11263589363509,11263589364177,668
11263589594773,11263589595484,711
11263589826561,11263589827196,635
11263590057217,11263590057919,702
11263590289612,11263590290231,619
11263590537846,11263590538464,618
11263590768672,11263590769285,613
11263590999914,11263591000540,626
11263591231704,11263591232539,835
11263591469467,11263591470098,631
11263591701220,11263591702298,1078
11263591933978,11263591934589,611
11263592165121,11263592165719,598
11263592449835,11263592450467,632
11263592690668,11263592691309,641
11263592927265,11263592927868,603
11263593161353,11263593162017,664
11263593396205,11263593396855,650
11263593654879,11263593655544,665
11263593889713,11263593890324,611
11263594123277,11263594123885,608
11263594382741,11263594383359,618
11263594615997,11263594616611,614
11263594852163,11263594852779,616
11263595084394,11263595085012,618
11263595318965,11263595319568,603
11263595565443,11263595566086,643
11263595801080,11263595801720,640
11263596036377,11263596036954,577
11263596271253,11263596271913,660
11263596532138,11263596532785,647
11263596765943,11263596766691,748
11263596999170,11263596999785,615
11263597231084,11263597232000,916
11263597488104,11263597488741,637
11263597719749,11263597720379,630
11263597951267,11263597951873,606
11263598183715,11263598184362,647
11263598415978,11263598416583,605
11263598647787,11263598648411,624
11263598889843,11263598890454,611
11263599129075,11263599129698,623
11263599364670,11263599365284,614
11263599599788,11263599600381,593
11263599833026,11263599833656,630
11263600065627,11263600066279,652
11263600299962,11263600300595,633
11263600531501,11263600532109,608
11263600763628,11263600764266,638
11263600994784,11263600995426,642
11263601226647,11263601227216,569
11263601458986,11263601459586,600
11263601690353,11263601690959,606
11263601922617,11263601923229,612
11263602154201,11263602155056,855
11263602393768,11263602394341,573
11263602626802,11263602627487,685
11263602859201,11263602859767,566
11263603091919,11263603092518,599
11263603324660,11263603325247,587
11263603556648,11263603557255,607
11263603789689,11263603790284,595
11263604022907,11263604023448,541
11263604256636,11263604257216,580
11263604487409,11263604487987,578
11263604719367,11263604719998,631
11263604949952,11263604950563,611
11263605421793,11263605422387,594
11263605665324,11263605665931,607
11263605900499,11263605901079,580
11263606133128,11263606133722,594
11263606366333,11263606366924,591
11263606600060,11263606600683,623
11263606831973,11263606832617,644
11263607062785,11263607063397,612
11263607295000,11263607295585,585
11263607525960,11263607526749,789
11263607757656,11263607758520,864
11263607989830,11263607990426,596
11263608220710,11263608221607,897
11263608452094,11263608452687,593
11263608683405,11263608683985,580
11263608921014,11263608921633,619
11263609155539,11263609156145,606
11263609396206,11263609396839,633
11263609629107,11263609629726,619
11263609873935,11263609874558,623
11263610107951,11263610108580,629
11263610347932,11263610348539,607
11263610579279,11263610579904,625
11263610811133,11263610811737,604
11263611041254,11263611041866,612
11263611273957,11263611274552,595
11263611506223,11263611506823,600
11263611739614,11263611740235,621
11263611971536,11263611972144,608
11263612204447,11263612205060,613
11263612448256,11263612448859,603
11263612682020,11263612682614,594
11263612914604,11263612915176,572
11263613147312,11263613148159,847
11263613379623,11263613380222,599
11263613612260,11263613613136,876
11263613844767,11263613845430,663
11263614077900,11263614078516,616
11263614313156,11263614313781,625
11263614544316,11263614544938,622
11263614777158,11263614777762,604
11263615009108,11263615009739,631
11263615239658,11263615240278,620
11263615471251,11263615471908,657
11263615708030,11263615708627,597
11263615941096,11263615941703,607
11263616173729,11263616174314,585
11263616405504,11263616406138,634
11263616638216,11263616638871,655
11263616869685,11263616870354,669
11263617102384,11263617103009,625
11263617334300,11263617334945,645
11263617565849,11263617566471,622
11263617797055,11263617797708,653
11263618028850,11263618029483,633
11263618261063,11263618261706,643
11263618492248,11263618493038,790
11263618724571,11263618725163,592
11263618965193,11263618966066,873
11263619198811,11263619199447,636
11263619430585,11263619431197,612
11263619662770,11263619663365,595
11263619893917,11263619894495,578
11263620125990,11263620126574,584
11263620362377,11263620363044,667
11263620595460,11263620596119,659
11263620826902,11263620827555,653
11263621058509,11263621059141,632
11263621295746,11263621296394,648
11263621525433,11263621526089,656
11263621756525,11263621757144,619
11263621987684,11263621988308,624
11263622224043,11263622224667,624
11263622457285,11263622457886,601
11263622691955,11263622692585,630
11263622925840,11263622926453,613
11263623159105,11263623159723,618
11263623391387,11263623392004,617
11263623623263,11263623623883,620
11263623856960,11263623857897,937
11263624089064,11263624089713,649
11263624320654,11263624321539,885
11263624553465,11263624554108,643
11263624786084,11263624786757,673
11263625018256,11263625018909,653
11263625250875,11263625251541,666
11263625489788,11263625490396,608
11263625727850,11263625728490,640
11263625965290,11263625965960,670
11263626197810,11263626198469,659
11263626437647,11263626438278,631
11263626669321,11263626669936,615
11263626901840,11263626902422,582
11263627132109,11263627132687,578
11263627363064,11263627363692,628
11263627828491,11263627829084,593
11263628063059,11263628063685,626
11263628294520,11263628295102,582
11263628525200,11263628525805,605
11263628755985,11263628756580,595
11263628996035,11263628996614,579
11263629247824,11263629248438,614
11263629480589,11263629481235,646
11263629710675,11263629711547,872
11263629941500,11263629942117,617
11263630172151,11263630172977,826
11263630402846,11263630403477,631
11263630633297,11263630633924,627
11263630863905,11263630864515,610
11263631094696,11263631095292,596
11263631324808,11263631325405,597
11263631555111,11263631555726,615
11263631786013,11263631786613,600
11263632015758,11263632016406,648
11263632252978,11263632253581,603
11263632485224,11263632485860,636
11263632717930,11263632718564,634
11263632951050,11263632951665,615
11263633182274,11263633182921,647
11263633414071,11263633414693,622
11263633646413,11263633647039,626
11263633876983,11263633877654,671
11263634107292,11263634107904,612
11263634337999,11263634338660,661
11263634568910,11263634569576,666
11263634798321,11263634798952,631
11263635028752,11263635029488,736
11263635259486,11263635260133,647
11263635489722,11263635490619,897
11263635738979,11263635739639,660
11263635972687,11263635973334,647
11263636205577,11263636206241,664
11263636436664,11263636437303,639
11263636667762,11263636668393,631
11263636899033,11263636899678,645
11263637130941,11263637131573,632
11263637362719,11263637363299,580
11263637593352,11263637593979,627
11263637826031,11263637826675,644
11263638058621,11263638059232,611
11263638288955,11263638289558,603
11263638520723,11263638521378,655
11263638752510,11263638753080,570
11263638993196,11263638993807,611
11263639226010,11263639226627,617
11263639457763,11263639458395,632
11263639689261,11263639689921,660
11263639921295,11263639921898,603
11263640152465,11263640153083,618
11263640383677,11263640384396,719
11263640614151,11263640614791,640
11263640844909,11263640845770,861
11263641077421,11263641078062,641
11263641320441,11263641321081,640
11263641551669,11263641552308,639
11263641781147,11263641781788,641
11263642013346,11263642013965,619
11263642282409,11263642283008,599
11263642515161,11263642515808,647
11263642746390,11263642747055,665
11263642977446,11263642978109,663
11263643231101,11263643231782,681
11263643470702,11263643471382,680
11263643706718,11263643707368,650
11263643962526,11263643963214,688
11263644205449,11263644206091,642
11263644439871,11263644440511,640
11263644670405,11263644671056,651
11263644903576,11263644904200,624
11263645134576,11263645135235,659
11263645367464,11263645368096,632
11263645616837,11263645617447,610
11263645853473,11263645854320,847
11263646087805,11263646088435,630
11263646322640,11263646323558,918
11263646557896,11263646558503,607
11263646789120,11263646789731,611
11263647021066,11263647021672,606
11263647251343,11263647251977,634
11263647482433,11263647483070,637
11263647713855,11263647714496,641
11263647944840,11263647945455,615
11263648177421,11263648178012,591
11263648410699,11263648411305,606
11263648641022,11263648641623,601
11263648872909,11263648873527,618
11263649114052,11263649114682,630
11263649348842,11263649349499,657
11263649844574,11263649845247,673
11263650084262,11263650084896,634
11263650317984,11263650318635,651
11263650551015,11263650551609,594
11263650782597,11263650783199,602
11263651015705,11263651016312,607
11263651247962,11263651248742,780
11263651478696,11263651479535,839
11263651709028,11263651709626,598
11263651940189,11263651941047,858
11263652171890,11263652172475,585
11263652409860,11263652410493,633
11263652644407,11263652645013,606
11263652875301,11263652875899,598
11263653107067,11263653107663,596
11263653337603,11263653338188,585
11263653569252,11263653569891,639
11263653801632,11263653802206,574
11263654034450,11263654035070,620
11263654264791,11263654265385,594
11263654496626,11263654497231,605
11263654727478,11263654728118,640
11263654959325,11263654959916,591
11263655189658,11263655190278,620
11263655421750,11263655422388,638
11263655661936,11263655662566,630
11263655894405,11263655894985,580
11263656125271,11263656125875,604
11263656357153,11263656357765,612
11263656587052,11263656587662,610
11263656817013,11263656817875,862
11263657048082,11263657048701,619
11263657278249,11263657279056,807
11263657511564,11263657512177,613
11263657743526,11263657744144,618
11263657977742,11263657978335,593
11263658208724,11263658209338,614
11263658440681,11263658441332,651
11263658671120,11263658671781,661
11263658909123,11263658909742,619
11263659144376,11263659144980,604
11263659378206,11263659378799,593
11263659610192,11263659610769,577
11263659843605,11263659844201,596
11263660076388,11263660076979,591
11263660308237,11263660308855,618
11263660545640,11263660546272,632
11263660778147,11263660778776,629
11263661007960,11263661008583,623
11263661239243,11263661239847,604
11263661480018,11263661480666,648
11263661711532,11263661712148,616
11263661955258,11263661955919,661
11263662187099,11263662187902,803
11263662428740,11263662429390,650
11263662665417,11263662666351,934
11263662900411,11263662901046,635
11263663136805,11263663137479,674
11263663371797,11263663372434,637
11263663604856,11263663605499,643
11263663838340,11263663838947,607
11263664072615,11263664073234,619
11263664303826,11263664304672,846
11263664535083,11263664535697,614
11263664766667,11263664767308,641
11263664997544,11263664998171,627
11263665229134,11263665229766,632
11263665460940,11263665461570,630
11263665699423,11263665700079,656
11263665933031,11263665933648,617
11263666166819,11263666167402,583
11263666398779,11263666399361,582
11263666633107,11263666633733,626
11263666865264,11263666865840,576
11263667097972,11263667098576,604
11263667336510,11263667337108,598
11263667568566,11263667569242,676
11263667799710,11263667800272,562
11263668032256,11263668033172,916
11263668263684,11263668264264,580
11263668501533,11263668502085,552
11263668733660,11263668734274,614
11263668973517,11263668974144,627
11263669210668,11263669211275,607
11263669443949,11263669444559,610
11263669678423,11263669679054,631
11263669910353,11263669910962,609
11263670143449,11263670144082,633
11263670376013,11263670376640,627
11263670607024,11263670607634,610
11263670838320,11263670838870,550
11263671070295,11263671070925,630
11263671302092,11263671302718,626
11263671535785,11263671536415,630
11263671768708,11263671769316,608
11263672242681,11263672243369,688
11263672478773,11263672479410,637
11263672713961,11263672714570,609
11263672946527,11263672947127,600
11263673179887,11263673180718,831
11263673416987,11263673417613,626
11263673650610,11263673651467,857
11263673883948,11263673884555,607
11263674118452,11263674119104,652
11263674350816,11263674351420,604
11263674623266,11263674623888,622
11263674865242,11263674865846,604
11263675099551,11263675100143,592
11263675331483,11263675332115,632
11263675574513,11263675575109,596
11263675812508,11263675813107,599
11263676048157,11263676048879,722
11263676283088,11263676283693,605
11263676517412,11263676518039,627
11263676751830,11263676752430,600
11263676985980,11263676986602,622
11263677221902,11263677222542,640
11263677455735,11263677456353,618
11263677691368,11263677691977,609
11263677924672,11263677925290,618
11263678156314,11263678156930,616
11263678388431,11263678389056,625
11263678619678,11263678620475,797
11263678851152,11263678851774,622
11263679093085,11263679094015,930
11263679328351,11263679328972,621
11263679563018,11263679563677,659
11263679797345,11263679798017,672
11263680031859,11263680032500,641
11263680266404,11263680267034,630
11263680500683,11263680501294,611
11263680733662,11263680734291,629
11263680966723,11263680967360,637
11263681197671,11263681198289,618
11263681430278,11263681430920,642
11263681662608,11263681663236,628
11263681894294,11263681894942,648
11263682125910,11263682126579,669
11263682363967,11263682364647,680
11263682598186,11263682598843,657
11263682831117,11263682831783,666
11263683063531,11263683064222,691
11263683297785,11263683298407,622
11263683529848,11263683530504,656
11263683762427,11263683763068,641
11263683993755,11263683994607,852
11263684226072,11263684226722,650
11263684464263,11263684465201,938
11263684698012,11263684698619,607
11263684929729,11263684930340,611
11263685166271,11263685166931,660
11263685406418,11263685407057,639
11263685645775,11263685646409,634
11263685880294,11263685880924,630
11263686112907,11263686113537,630
11263686350764,11263686351363,599
11263686583108,11263686583735,627
11263686814693,11263686815315,622
11263687048654,11263687049281,627
11263687286364,11263687286988,624
11263687519689,11263687520321,632
11263687751061,11263687751682,621
11263687983405,11263687984042,637
11263688225400,11263688226052,652
11263688457354,11263688457994,640
11263688687732,11263688688365,633
11263688928361,11263688928991,630
11263689164037,11263689164652,615
11263689398122,11263689399015,893
11263689632574,11263689633206,632
11263689865627,11263689866443,816
11263690099802,11263690100423,621
11263690341078,11263690341732,654
11263690575649,11263690576283,634
11263690807877,11263690808510,633
11263691039747,11263691040368,621
11263691271731,11263691272358,627
11263691510566,11263691511195,629
11263691743063,11263691743692,629
11263691975265,11263691975894,629
11263692206766,11263692215564,8798
11263692452432,11263692453107,675
11263692686304,11263692686926,622
11263692920315,11263692920939,624
11263693154386,11263693155035,649
11263693390136,11263693390729,593
11263693624474,11263693625137,663
11263693856423,11263693857049,626
11263694088784,11263694089455,671
11263694559540,11263694560144,604
11263694795408,11263694796020,612
11263695026393,11263695027145,752
11263695258830,11263695259416,586
11263695489623,11263695490533,910
11263695728041,11263695728630,589
11263695961555,11263695962176,621
11263696192621,11263696193220,599
11263696423873,11263696424501,628
11263696655260,11263696655908,648
11263696886851,11263696887444,593
11263697121618,11263697122236,618
11263697353504,11263697354140,636
11263697585102,11263697585712,610
11263697816666,11263697817264,598
11263698048436,11263698049055,619
11263698279669,11263698280276,607
11263698518821,11263698519687,866
11263698814345,11263698814998,653
11263699062808,11263699063438,630
11263699277225,11263699277818,593
11263699486732,11263699487298,566
11263699695371,11263699695955,584
11263699903856,11263699904401,545
11263700111981,11263700112553,572
11263700318551,11263700319315,764
11263700525121,11263700525734,613
11263700731474,11263700732353,879
11263700946674,11263700947240,566
11263701154684,11263701155215,531
11263701366036,11263701366598,562
11263701575961,11263701576497,536
11263701782247,11263701782772,525
11263701988494,11263701989085,591
11263702197589,11263702198178,589
11263702430655,11263702431272,617
11263702639645,11263702640251,606
11263702877365,11263702877960,595
11263703089455,11263703090007,552
11263703304157,11263703304762,605
11263703512953,11263703513526,573
11263703721946,11263703722511,565
11263703929155,11263703929697,542
11263704136327,11263704136894,567
11263704343284,11263704343891,607
11263704549337,11263704549921,584
11263704763165,11263704763748,583
11263704971047,11263704971632,585
11263705179252,11263705179837,585
11263705385658,11263705386343,685
11263705598786,11263705599315,529
11263705809738,11263705810578,840
11263706017805,11263706018328,523
11263706226559,11263706227090,531
11263706432091,11263706432650,559
11263706639580,11263706640402,822
11263706849795,11263706850363,568
11263707060304,11263707060863,559
11263707268587,11263707269116,529
11263707475479,11263707476017,538
11263707685748,11263707686262,514
11263707898293,11263707898864,571
11263708106755,11263708107300,545
11263708317020,11263708317557,537
11263708527091,11263708527664,573
11263708736838,11263708737344,506
11263708949209,11263708949778,569
11263709157098,11263709157607,509
11263709366664,11263709367187,523
11263709575530,11263709576077,547
11263709782705,11263709783227,522
11263709992617,11263709993133,516
11263710199361,11263710200122,761
11263710407479,11263710407993,514
11263710614782,11263710615724,942
11263710824682,11263710825205,523
11263711033137,11263711033717,580
11263711241940,11263711242492,552
11263711450690,11263711451231,541
11263711659261,11263711659803,542
11263711869592,11263711870140,548
11263712077256,11263712077797,541
11263712295600,11263712296146,546
11263712508633,11263712509186,553
11263712727579,11263712728118,539
11263712940658,11263712941355,697
11263713148034,11263713148557,523
11263713356371,11263713356935,564
11263713565740,11263713566321,581
11263713775150,11263713775721,571
11263713985007,11263713985563,556
11263714193467,11263714194008,541
11263714427915,11263714428449,534
11263714638585,11263714639109,524
11263715090351,11263715090867,516
11263715304725,11263715305535,810
11263715515983,11263715516495,512
11263715732491,11263715733258,767
11263715944258,11263715944836,578
11263716152923,11263716153513,590
11263716371696,11263716372265,569
11263716579448,11263716579982,534
11263716784923,11263716785503,580
11263716988088,11263716988657,569
11263717192858,11263717193406,548
11263717420871,11263717421468,597
11263717628512,11263717629062,550
11263717834047,11263717834557,510
11263718039133,11263718039682,549
11263718250211,11263718250758,547
11263718458327,11263718458857,530
11263718671656,11263718672161,505
11263718887949,11263718888523,574
11263719097912,11263719098484,572
11263719309071,11263719309589,518
11263719518950,11263719519501,551
11263719726311,11263719726838,527
11263719933337,11263719933833,496
11263720140398,11263720141162,764
11263720346058,11263720346585,527
11263720556361,11263720557185,824
11263720764861,11263720765407,546
11263720973832,11263720974362,530
11263721182361,11263721182900,539
11263721390508,11263721391025,517
11263721600405,11263721600937,532
11263721810689,11263721811199,510
11263722017958,11263722018492,534
11263722228386,11263722228846,460
11263722437709,11263722438274,565
11263722644834,11263722645356,522
11263722854004,11263722854552,548
11263723059929,11263723060483,554
11263723267390,11263723267908,518
11263723475881,11263723476399,518
11263723682458,11263723682982,524
11263723887789,11263723888365,576
11263724096923,11263724097467,544
11263724307968,11263724308537,569
11263724516376,11263724516918,542
11263724722871,11263724723405,534
11263724928053,11263724928690,637
11263725133608,11263725134147,539
11263725337350,11263725338178,828
11263725549381,11263725549929,548
11263725762296,11263725762857,561
11263725973099,11263725973660,561
11263726180800,11263726181381,581
11263726389906,11263726390481,575
11263726603106,11263726603686,580
11263726812595,11263726813196,601
11263727022901,11263727023454,553
11263727229732,11263727230325,593
11263727433982,11263727434557,575
11263727639452,11263727640046,594
11263727848902,11263727849459,557
11263728056937,11263728057523,586
11263728265856,11263728266393,537
11263728480397,11263728480916,519
11263728686164,11263728686729,565
11263728897896,11263728898438,542
11263729111084,11263729111609,525
11263729318009,11263729318520,511
11263729537984,11263729538503,519
11263729746299,11263729746978,679
11263729952893,11263729953434,541
11263730161636,11263730162334,698
11263730369279,11263730369835,556
11263730575316,11263730575850,534
11263730784615,11263730785150,535
11263730992168,11263730992703,535
11263731199596,11263731200123,527
11263731404481,11263731405021,540
11263731609828,11263731610396,568
11263731812741,11263731813323,582
11263732018069,11263732018627,558
11263732227766,11263732228357,591
11263732433718,11263732434297,579
11263732637175,11263732637749,574
11263732841151,11263732841735,584
11263733046377,11263733046954,577
11263733252409,11263733252990,581
11263733457367,11263733457968,601
11263733662270,11263733662805,535
11263733866371,11263733866889,518
11263734071698,11263734072238,540
11263734279040,11263734279595,555
11263734483356,11263734484131,775
11263734924642,11263734925206,564
11263735139406,11263735140225,819
11263735344437,11263735345028,591
11263735555217,11263735555780,563
11263735764115,11263735764664,549
11263735971815,11263735972358,543
11263736177062,11263736177641,579
11263736392909,11263736393492,583
11263736603792,11263736604382,590
11263736808020,11263736808602,582
11263737015911,11263737016483,572
11263737227012,11263737227553,541
11263737433600,11263737434163,563
11263737644021,11263737644573,552
11263737850591,11263737851149,558
11263738054940,11263738055488,548
11263738261298,11263738261863,565
11263738467015,11263738467522,507
11263738672385,11263738672917,532
11263738907241,11263738907833,592
11263739122894,11263739123423,529
11263739332962,11263739333546,584
11263739544575,11263739545300,725
11263739758222,11263739758805,583
11263739965690,11263739966499,809
11263740172065,11263740172618,553
11263740379311,11263740379870,559
11263740584980,11263740585568,588
11263740790667,11263740791253,586
11263740995164,11263740995777,613
11263741200137,11263741200729,592
11263741405836,11263741406467,631
11263741610386,11263741610946,560
11263741814611,11263741815187,576
11263742020522,11263742021052,530
11263742230169,11263742230764,595
11263742438035,11263742438575,540
11263742643274,11263742643824,550
11263742847891,11263742848407,516
11263743054866,11263743055455,589
11263743259791,11263743260372,581
11263743482524,11263743483142,618
11263743687702,11263743688298,596
11263743892991,11263743893544,553
11263744099725,11263744100315,590
11263744319736,11263744320488,752
11263744526072,11263744526588,516
11263744730802,11263744731641,839
11263744935932,11263744936512,580
11263745139941,11263745140503,562
11263745345330,11263745345875,545
11263745553941,11263745554519,578
11263745761273,11263745761853,580
11263745967737,11263745968288,551
11263746172672,11263746173229,557
11263746377696,11263746378265,569
11263746582010,11263746582587,577
11263746786847,11263746787429,582
11263746992194,11263746992777,583
11263747197426,11263747198033,607
11263747403485,11263747404079,594
11263747608485,11263747609080,595
11263747814776,11263747815356,580
11263748019492,11263748020053,561
11263748225126,11263748225695,569
11263748429855,11263748430457,602
11263748635248,11263748635807,559
11263748839885,11263748840419,534
11263749057145,11263749057974,829
11263749264975,11263749265650,675
11263749471104,11263749471854,750
11263749677347,11263749677927,580
11263749883624,11263749884277,653
11263750092784,11263750093378,594
11263750299756,11263750300374,618
11263750511098,11263750511708,610
11263750718704,11263750719262,558
11263750926705,11263750927282,577
11263751176308,11263751176912,604
11263751420605,11263751421230,625
11263751654394,11263751655006,612
11263751889592,11263751890232,640
11263752121520,11263752122150,630
11263752397705,11263752398356,651
11263752651062,11263752651726,664
11263752892083,11263752892720,637
11263753132322,11263753132947,625
11263753480127,11263753481092,965
11263753759312,11263753760059,747
11263754002680,11263754003352,672
11263754239671,11263754240295,624
11263754481032,11263754481799,767
11263754714968,11263754715563,595
11263754948172,11263754949079,907
11263755250224,11263755250895,671
11263755755737,11263755756594,857
11263756009771,11263756010420,649
11263756245758,11263756246403,645
11263756480743,11263756481364,621
11263756715121,11263756715738,617
11263756948717,11263756949374,657
11263757183287,11263757183883,596
11263757418082,11263757418684,602
11263757652553,11263757653191,638
11263757885747,11263757886383,636
11263758118984,11263758119575,591
11263758362437,11263758363060,623
11263758597088,11263758597729,641
11263758830217,11263758830868,651
11263759073577,11263759074214,637
11263759308356,11263759308967,611
11263759541253,11263759541879,626
11263759776050,11263759776671,621
11263760009339,11263760009923,584
11263760242165,11263760242920,755
11263760476344,11263760476955,611
11263760710401,11263760711293,892
11263760944447,11263760945062,615
11263761187791,11263761188453,662
11263761421409,11263761422038,629
11263761654782,11263761655403,621
11263761888809,11263761889422,613
11263762124064,11263762124713,649
11263762375371,11263762375968,597
11263762612318,11263762612987,669
11263762847656,11263762848276,620
11263763080390,11263763081022,632
11263763316288,11263763316897,609
11263763547884,11263763548515,631
11263763784161,11263763784804,643
11263764018179,11263764018803,624
11263764252188,11263764252799,611
11263764486362,11263764487004,642
11263764722786,11263764723424,638
11263764958013,11263764958608,595
11263765193765,11263765194354,589
11263765442585,11263765443209,624
11263765684109,11263765684932,823
11263765921059,11263765921718,659
11263766155929,11263766156828,899
11263766389358,11263766389968,610
11263766623609,11263766624252,643
11263766856668,11263766857340,672
11263767090942,11263767091563,621
11263767323266,11263767323903,637
11263767587428,11263767588077,649
11263767820689,11263767821322,633
11263768052976,11263768053602,626
11263768283684,11263768284305,621
11263768515502,11263768516133,631
11263768746506,11263768747141,635
11263768986834,11263768987485,651
11263769221702,11263769222319,617
11263769454647,11263769455288,641
11263769687098,11263769687698,600
11263769920179,11263769920817,638
11263770152491,11263770153108,617
11263770390261,11263770390868,607
11263770631486,11263770632100,614
11263770868630,11263770869262,632
11263771102188,11263771102812,624
11263771335827,11263771336618,791
11263771576086,11263771576701,615
11263771807625,11263771808537,912
11263772039619,11263772040226,607
11263772280488,11263772281107,619
11263772520925,11263772521565,640
11263772754781,11263772755420,639
11263772989427,11263772990055,628
11263773221847,11263773222471,624
11263773462306,11263773462965,659
11263773697087,11263773697728,641
11263773931635,11263773932279,644
11263774168034,11263774168699,665
11263774401941,11263774402609,668
11263774633191,11263774633823,632
11263774866001,11263774866624,623
11263775098985,11263775099621,636
11263775330750,11263775331409,659
11263775572502,11263775573160,658
11263775807608,11263775808259,651
11263776041082,11263776041718,636
11263776274852,11263776275459,607
11263776508968,11263776509579,611
11263776744333,11263776745131,798
11263776979459,11263776980081,622
11263777211065,11263777211983,918
11263777444142,11263777444751,609
11263777676660,11263777677295,635
11263778149231,11263778149924,693
11263778385186,11263778385826,640
11263778619351,11263778620024,673
11263778850792,11263778851438,646
11263779092468,11263779093140,672
11263779328254,11263779328873,619
11263779564647,11263779565286,639
11263779798147,11263779798762,615
11263780032380,11263780032991,611
11263780265210,11263780265821,611
11263780497409,11263780498038,629
11263780729904,11263780730556,652
11263780962919,11263780963562,643
11263781194602,11263781195199,597
11263781426513,11263781427130,617
11263781657247,11263781657871,624
11263781891056,11263781891691,635
11263782122943,11263782123593,650
11263782363174,11263782364099,925
11263782600011,11263782600642,631
11263782837251,11263782838166,915
11263783072562,11263783073187,625
11263783305547,11263783306172,625
11263783537599,11263783538213,614
11263783770118,11263783770769,651
11263784006758,11263784007387,629
11263784237638,11263784238247,609
11263784469309,11263784469958,649
11263784701106,11263784701754,648
11263784935323,11263784936012,689
11263785167669,11263785168318,649
11263785398107,11263785398773,666
11263785641872,11263785642516,644
11263785884821,11263785885502,681
11263786126902,11263786127553,651
11263786363093,11263786363706,613
11263786595540,11263786596215,675
11263786828670,11263786829275,605
11263787062386,11263787063011,625
11263787309628,11263787310219,591
11263787553898,11263787554512,614
11263787790382,11263787791203,821
11263788026285,11263788026909,624
11263788260546,11263788261520,974
11263788498996,11263788499603,607
11263788731885,11263788732552,667
11263788981046,11263788981686,640
11263789217208,11263789217893,685
11263789458822,11263789459465,643
11263789695080,11263789695693,613
11263789930392,11263789931018,626
11263790164877,11263790165526,649
11263790407427,11263790408061,634
11263790640196,11263790640839,643
11263790873248,11263790873886,638
11263791105806,11263791106445,639
11263791339161,11263791339812,651
11263791572779,11263791573445,666
11263791806371,11263791807041,670
11263792039421,11263792040106,685
11263792281542,11263792282239,697
11263792516679,11263792517326,647
11263792750571,11263792751226,655
11263792985194,11263792985861,667
11263793218154,11263793219078,924
11263793452479,11263793453130,651
11263793685794,11263793686751,957
11263793916842,11263793917454,612
11263794149589,11263794150243,654
11263794381865,11263794382494,629
11263794613329,11263794613975,646
11263794845903,11263794846561,658
11263795076695,11263795077354,659
11263795323763,11263795324420,657
11263795568251,11263795568902,651
11263795804631,11263795805261,630
11263796040598,11263796041229,631
11263796296431,11263796297055,624
11263796532078,11263796532723,645
11263796767271,11263796767918,647
11263797002722,11263797003361,639
11263797236036,11263797236665,629
11263797484895,11263797485561,666
11263797736860,11263797737525,665
11263797974608,11263797975248,640
11263798208327,11263798208958,631
11263798444243,11263798444865,622
11263798678299,11263798679178,879
11263798922127,11263798922782,655
11263799158522,11263799159493,971
11263799398021,11263799398673,652
11263799634980,11263799635601,621
11263799869404,11263799870067,663
11263800104212,11263800104869,657
11263800337404,11263800338049,645
11263800809210,11263800809876,666
11263801043205,11263801043868,663
11263801277855,11263801278514,659
11263801511220,11263801511913,693
11263801743361,11263801744030,669
11263801976599,11263801977245,646
11263802217105,11263802217971,866
11263802454023,11263802454659,636
11263802687320,11263802687966,646
11263802920703,11263802921380,677
11263803153425,11263803154092,667
11263803414569,11263803415212,643
11263803648066,11263803648691,625
11263803881500,11263803882158,658
11263804114996,11263804115628,632
11263804346708,11263804347522,814
11263804605945,11263804606596,651
11263804838838,11263804839733,895
11263805069489,11263805070142,653
11263805300682,11263805301319,637
11263805535744,11263805536390,646
11263805800561,11263805801203,642
11263806039678,11263806040356,678
11263806276948,11263806277614,666
11263806525248,11263806525883,635
11263806762557,11263806763180,623
11263806998801,11263806999456,655
11263807233168,11263807233755,587
11263807467106,11263807467726,620
11263807700989,11263807701595,606
11263807936667,11263807937316,649
11263808172079,11263808172702,623
11263808417444,11263808418095,651
11263808652023,11263808652659,636
11263808897060,11263808897692,632
11263809136747,11263809137415,668
11263809371968,11263809372625,657
11263809605030,11263809605647,617
11263809839229,11263809840084,855
11263810080135,11263810080812,677
11263810320757,11263810321711,954
11263810556595,11263810557191,596
11263810791817,11263810792442,625
11263811025888,11263811026498,610
11263811260600,11263811261201,601
11263811501277,11263811501877,600
11263811735006,11263811735639,633
11263811968396,11263811969015,619
11263812201343,11263812201918,575
11263812449939,11263812450596,657
11263812695155,11263812695795,640
11263812931441,11263812932070,629
11263813163808,11263813164444,636
11263813405944,11263813406575,631
11263813641299,11263813641961,662
11263813887131,11263813887788,657
11263814122395,11263814123046,651
11263814357914,11263814358562,648
11263814591011,11263814591625,614
11263814824070,11263814824700,630
11263815056457,11263815057097,640
11263815288427,11263815289276,849
11263815520989,11263815521633,644
11263815763735,11263815764700,965
11263816000439,11263816001061,622
11263816234585,11263816235198,613
11263816474736,11263816475383,647
11263816710711,11263816711375,664
11263816945249,11263816945922,673
11263817180072,11263817180750,678
11263817420714,11263817421365,651
11263817653312,11263817653943,631
11263817887086,11263817887724,638
11263818118047,11263818118691,644
11263818350799,11263818351449,650
11263818588237,11263818588874,637
11263818819691,11263818820313,622
11263819066531,11263819067179,648
11263819309746,11263819310388,642
11263819543830,11263819544513,683
11263819777867,11263819778516,649
11263820012802,11263820013429,627
11263820246277,11263820246916,639
11263820484493,11263820485151,658
11263820717667,11263820718471,804
11263820951569,11263820952239,670
11263821186445,11263821187388,943
11263821426713,11263821427386,673
11263821659901,11263821660560,659
11263821896592,11263821897287,695
11263822128620,11263822129267,647
11263822370683,11263822371362,679
11263822610957,11263822611585,628
11263822849419,11263822850051,632
11263823091323,11263823091919,596
11263823335801,11263823336440,639
11263823579778,11263823580386,608
11263823825561,11263823826188,627
11263824068287,11263824068946,659
11263824318124,11263824318749,625
11263824567920,11263824568556,636
11263824811324,11263824811919,595
11263825053742,11263825054361,619
11263825298090,11263825298696,606
11263825538422,11263825539034,612
11263825804839,11263825805468,629
11263826051198,11263826051872,674
11263826296944,11263826297872,928
11263826547322,11263826547993,671
11263826791231,11263826792222,991
11263827081302,11263827081946,644
11263827334727,11263827335383,656
11263827584320,11263827585125,805
11263827826252,11263827826847,595
11263828069082,11263828069706,624
11263828311004,11263828311600,596
11263828559796,11263828560425,629
11263828803135,11263828803780,645
11263829055577,11263829056213,636
11263829305228,11263829305849,621
11263829549157,11263829549830,673
11263829792355,11263829792995,640
11263830037289,11263830037908,619
11263830280394,11263830280986,592
11263830523231,11263830523864,633
11263830766085,11263830766705,620
11263831008344,11263831008989,645
11263831248960,11263831249581,621
11263831492243,11263831492845,602
11263831760227,11263831760779,552
11263832040176,11263832041048,872
11263832333959,11263832334546,587
11263832631435,11263832632375,940
11263832937819,11263832938435,616
11263833218542,11263833219199,657
11263833491194,11263833491773,579
11263833762670,11263833763284,614
11263834005854,11263834006457,603
11263834248026,11263834248644,618
11263834498386,11263834499023,637
11263834743288,11263834743962,674
11263834986186,11263834986806,620
11263835226068,11263835226717,649
11263835474149,11263835474784,635
11263835722863,11263835723461,598
11263835965942,11263835966570,628
11263836211474,11263836212105,631
11263836456414,11263836457018,604
11263836700244,11263836700903,659
11263836943354,11263836943976,622
11263837213275,11263837214093,818
11263837462201,11263837462870,669
11263837703571,11263837704215,644
11263837944007,11263837944624,617
11263838183071,11263838183929,858
11263838430535,11263838431158,623
11263838672204,11263838673122,918
11263838921657,11263838922289,632
11263839163515,11263839164178,663
11263839408522,11263839409147,625
11263839649468,11263839650107,639
11263839891711,11263839892307,596
11263840139170,11263840139765,595
11263840382173,11263840382768,595
11263840623880,11263840624489,609
11263840866780,11263840867378,598
11263841117660,11263841118329,669
11263841363646,11263841364314,668
11263841603439,11263841604043,604
11263841844354,11263841844998,644
11263842087738,11263842088401,663
11263842337433,11263842338143,710
11263842589814,11263842590570,756
11263842833388,11263842834037,649
11263843082034,11263843082685,651
11263843326328,11263843326990,662
11263843575457,11263843576080,623
11263843818126,11263843818970,844
11263844065500,11263844066149,649
11263844307196,11263844308042,846
11263844547977,11263844548552,575
11263844788339,11263844788951,612
11263845029281,11263845029945,664
11263845270324,11263845270984,660
11263845511522,11263845512169,647
11263845761876,11263845762551,675
11263846005920,11263846006619,699
11263846248099,11263846248742,643
11263846498411,11263846499032,621
11263846746246,11263846746868,622
11263846991987,11263846992616,629
11263847244552,11263847245181,629
11263847488628,11263847489253,625
11263847731691,11263847732309,618
11263847974388,11263847974973,585
11263848218284,11263848218885,601
11263848463995,11263848464590,595
11263848705706,11263848706294,588
11263848957284,11263848957891,607
11263849200364,11263849201007,643
11263849449010,11263849449774,764
11263849697372,11263849697997,625
11263850031786,11263850032789,1003
11263850278751,11263850279399,648
11263850522534,11263850523167,633
11263850766032,11263850766635,603
11263851007968,11263851008578,610
11263851253546,11263851254158,612
11263851497193,11263851497826,633
11263851740186,11263851740774,588
11263851980978,11263851981585,607
11263852230546,11263852231157,611
11263852474269,11263852474890,621
11263852717571,11263852718203,632
11263852958032,11263852958641,609
11263853199747,11263853200362,615
11263853446957,11263853447571,614
11263853688238,11263853688867,629
11263853929057,11263853929725,668
11263854173129,11263854173750,621
11263854413954,11263854414575,621
11263854653783,11263854654432,649
11263854895377,11263854895986,609
11263855136259,11263855137098,839
11263855385822,11263855386456,634
11263855637076,11263855637894,818
11263855881085,11263855881718,633
11263856121834,11263856122474,640
11263856365319,11263856365971,652
11263856607242,11263856607888,646
11263856852800,11263856853454,654
11263857094034,11263857094652,618
11263857333828,11263857334424,596
11263857575513,11263857576140,627
11263857817245,11263857817874,629
11263858060894,11263858061529,635
11263858301648,11263858302274,626
11263858543226,11263858543846,620
11263858785544,11263858786188,644
11263859158271,11263859158963,692
11263859407491,11263859408171,680
11263859653141,11263859653794,653
11263859898526,11263859899150,624
11263860139148,11263860139748,600
11263860383718,11263860384313,595
11263860624508,11263860625121,613
11263860867320,11263860868105,785
11263861109161,11263861109790,629
11263861351266,11263861352180,914
11263861592278,11263861592857,579
11263861833801,11263861834466,665
11263862073860,11263862074493,633
11263862323648,11263862324322,674
11263862568760,11263862569387,627
11263862812916,11263862813537,621
11263863055034,11263863055694,660
11263863295331,11263863295939,608
11263863539104,11263863539731,627
11263863780650,11263863781323,673
11263864023211,11263864023853,642
11263864265005,11263864265596,591
11263864512236,11263864512962,726
11263864821862,11263864822592,730
11263865075423,11263865076038,615
11263865300525,11263865301169,644
11263865528326,11263865528911,585
11263865815961,11263865816635,674
11263866059340,11263866059945,605
11263866287333,11263866287944,611
11263866512139,11263866512993,854
11263866743257,11263866743870,613
11263866974550,11263866975485,935
11263867256119,11263867256942,823
11263867632800,11263867633951,1151
11263868063108,11263868064088,980
11263868390081,11263868390833,752
11263868645479,11263868646135,656
11263868993146,11263868994070,924
11263869300891,11263869301612,721
11263869593147,11263869593854,707
11263869860832,11263869861416,584
11263870122424,11263870123108,684
11263870385874,11263870386597,723
11263870646819,11263870647453,634
11263870918959,11263870919606,647
11263871304741,11263871305751,1010
11263871622045,11263871622711,666
11263871934665,11263871935375,710
11263872217475,11263872218432,957
11263872502144,11263872502784,640
11263872803179,11263872804085,906
11263873084630,11263873085324,694
11263873367563,11263873368897,1334
11263873668750,11263873669375,625
11263873909277,11263873910296,1019
11263874148116,11263874148707,591
11263874381989,11263874382585,596
11263874614920,11263874615511,591
11263874849989,11263874850727,738
11263875132141,11263875132794,653
11263875372804,11263875373420,616
11263875622536,11263875623223,687
11263875889346,11263875889983,637
11263876192578,11263876193753,1175
11263876660823,11263876662280,1457
11263876971181,11263876971862,681
11263877229445,11263877230060,615
11263877480199,11263877480890,691
11263877719396,11263877719958,562
11263877952702,11263877953265,563
11263878189015,11263878189627,612
11263878421461,11263878422046,585
11263878651133,11263878651702,569
11263878905007,11263878905798,791
11263879183633,11263879184491,858
11263879527753,11263879529231,1478
11263879851988,11263879852689,701
11263880155510,11263880156707,1197
11263880450615,11263880451207,592
11263880731231,11263880731834,603
11263880974809,11263880975465,656
11263881216018,11263881216638,620
11263881446352,11263881447020,668
11263881688551,11263881689180,629
11263881922889,11263881923545,656
11263882154991,11263882155609,618
11263882397403,11263882398072,669
11263882634011,11263882634597,586
11263882876237,11263882876883,646
11263883144032,11263883144735,703
11263883406178,11263883406751,573
11263883649627,11263883650184,557
11263883895327,11263883895928,601
11263884129426,11263884130024,598
11263884373497,11263884374120,623
11263884623496,11263884624191,695
11263884868722,11263884869328,606
11263885100226,11263885100874,648
11263885336806,11263885338059,1253
11263885594177,11263885594877,700
11263885839802,11263885840740,938
11263886070468,11263886071073,605
11263886303396,11263886304050,654
11263886533422,11263886534095,673
11263886765263,11263886765898,635
11263886996991,11263886997615,624
11263887227358,11263887227974,616
11263887469797,11263887470465,668
11263887741037,11263887741990,953
11263888017767,11263888018485,718
11263888259845,11263888260578,733
11263888506541,11263888507187,646
11263888739563,11263888740249,686
11263888984561,11263888985231,670
11263889275552,11263889276191,639
11263889551422,11263889552035,613
11263889871324,11263889871966,642
11263890107843,11263890108511,668
11263890340417,11263890341053,636
11263890573872,11263890574468,596
11263890803774,11263890804387,613
11263891036758,11263891037675,917
11263891273845,11263891274472,627
11263891530684,11263891531642,958
11263891759727,11263891760384,657
11263892029468,11263892030159,691
11263892321044,11263892321758,714
11263892597215,11263892597855,640
11263892841796,11263892842417,621
11263893086885,11263893087522,637
11263893331684,11263893332319,635
11263893573102,11263893573727,625
11263893844453,11263893845073,620
11263894094462,11263894095099,637
11263894339266,11263894339885,619
11263894583421,11263894584069,648
11263894828176,11263894828819,643
11263895074825,11263895075468,643
11263895320534,11263895321180,646
11263895571491,11263895572154,663
11263895818434,11263895819079,645
11263896061072,11263896061708,636
11263896303342,11263896303981,639
11263896554677,11263896555348,671
11263896800282,11263896801167,885
11263897043232,11263897043883,651
11263897310251,11263897311188,937
11263897721750,11263897722362,612
11263897967625,11263897968269,644
11263898217562,11263898218191,629
11263898469444,11263898470082,638
11263898711139,11263898711811,672
11263899000408,11263899001067,659
11263899273235,11263899273901,666
11263899539534,11263899540189,655
11263899786825,11263899787510,685
11263900031168,11263900031854,686
11263900275219,11263900275892,673
11263900526319,11263900526982,663
11263900767937,11263900768576,639
11263901008846,11263901009479,633
11263901251591,11263901252202,611
11263901500329,11263901501256,927
11263901743925,11263901744589,664
11263901986886,11263901987536,650
11263902239849,11263902240542,693
11263902486650,11263902487305,655
11263902730358,11263902731201,843
11263902973505,11263902974142,637
11263903216179,11263903217178,999
11263903461538,11263903462160,622
11263903703646,11263903704283,637
11263903947402,11263903948033,631
11263904189944,11263904190584,640
11263904441103,11263904441772,669
11263904683205,11263904683819,614
11263904924934,11263904925561,627
11263905165027,11263905165684,657
11263905416652,11263905417306,654
11263905670385,11263905670992,607
11263905915633,11263905916267,634
11263906160179,11263906160788,609
11263906413158,11263906413805,647
11263906655528,11263906656166,638
11263906900989,11263906901622,633
11263907145429,11263907146032,603
11263907387402,11263907388004,602
11263907629978,11263907630614,636
11263907872046,11263907872662,616
11263908117567,11263908118222,655
11263908366871,11263908367695,824
11263908610168,11263908610773,605
11263908850372,11263908851757,1385
11263909102426,11263909103035,609
11263909348647,11263909349316,669
11263909595520,11263909596157,637
11263909839240,11263909839901,661
11263910083163,11263910083814,651
11263910331908,11263910332514,606
11263910609299,11263910609945,646
11263910853797,11263910854410,613
11263911095991,11263911096616,625
11263911336795,11263911337429,634
11263911584780,11263911585410,630
11263911827382,11263911828017,635
11263912069335,11263912069960,625
11263912319941,11263912320528,587
11263912567835,11263912568474,639
11263912812026,11263912812634,608
11263913056688,11263913057340,652
11263913299180,11263913299798,618
11263913547301,11263913547892,591
11263913790545,11263913791145,600
11263914032551,11263914033155,604
11263914271959,11263914272739,780
11263914518590,11263914519208,618
11263914763302,11263914764195,893
11263915005201,11263915005862,661
11263915246043,11263915246648,605
11263915487050,11263915487692,642
11263915739199,11263915739848,649
11263916005358,11263916006105,747
11263916349425,11263916350373,948
11263916623210,11263916623952,742
11263916843420,11263916844080,660
11263917062876,11263917063501,625
11263917280934,11263917281529,595
11263917497433,11263917498037,604
11263917790731,11263917791434,703
11263918040234,11263918040872,638
11263918278348,11263918278998,650
11263918506762,11263918507349,587
11263918734864,11263918735491,627
11263918978386,11263918979023,637
11263919212245,11263919212863,618
11263919453974,11263919454614,640
11263919681455,11263919682097,642
11263919912098,11263919912934,836
11263920141305,11263920141889,584
11263920372641,11263920373556,915
11263920598488,11263920599133,645
11263920823955,11263920824551,596
11263921050816,11263921051403,587
11263921275565,11263921276161,596
11263921501480,11263921502022,542
11263921730505,11263921731094,589
11263921955542,11263921956133,591
11263922183390,11263922183983,593
11263922445529,11263922446129,600
11263922683617,11263922684247,630
11263922915810,11263922916421,611
11263923142629,11263923143205,576
11263923385350,11263923385912,562
11263923613239,11263923613868,629
11263923841206,11263923841831,625
11263924068388,11263924068994,606
11263924297842,11263924298446,604
11263924528624,11263924529181,557
11263924767870,11263924768469,599
11263924992420,11263924993034,614
11263925218668,11263925219507,839
11263925446153,11263925446745,592
11263925687420,11263925688326,906
11263925921012,11263925921600,588
11263926149273,11263926149828,555
11263926376602,11263926377141,539
11263926603917,11263926604468,551
11263926835428,11263926836003,575
11263927062313,11263927062886,573
11263927289813,11263927290386,573
11263927514718,11263927515268,550
11263927742379,11263927742976,597
11263927971801,11263927972392,591
11263928202033,11263928202622,589
11263928426301,11263928426876,575
11263928653097,11263928653719,622
11263928885557,11263928886185,628
11263929116424,11263929117036,612
11263929350522,11263929351120,598
11263929578467,11263929579039,572
11263929808463,11263929809104,641
11263930037414,11263930038002,588
11263930266220,11263930266809,589
11263930496462,11263930497277,815
11263930724399,11263930724978,579
11263930949186,11263930950078,892
11263931177557,11263931178117,560
11263931403313,11263931403920,607
11263931632351,11263931632909,558
11263931860363,11263931860961,598
11263932088282,11263932088870,588
11263932325715,11263932326388,673
11263932556434,11263932557032,598
11263932786997,11263932787616,619
11263933015967,11263933016576,609
11263933244528,11263933245161,633
11263933470903,11263933471469,566
11263933699922,11263933700471,549
11263933929821,11263933930431,610
11263934161918,11263934162525,607
11263934388848,11263934389445,597
11263934617567,11263934618172,605
11263934845893,11263934846505,612
11263935075474,11263935076049,575
11263935302707,11263935303290,583
11263935529407,11263935530023,616
11263935768670,11263935769461,791
11263936000025,11263936000671,646
11263936229136,11263936230049,913
11263936458936,11263936459530,594
11263936688595,11263936689237,642
11263936914502,11263936915140,638
11263937145244,11263937145868,624
11263937372405,11263937373001,596
11263937598992,11263937599584,592
11263937823697,11263937824300,603
11263938050528,11263938051087,559
11263938278419,11263938278983,564
11263938506279,11263938506896,617
11263938733197,11263938733836,639
11263938968335,11263938968987,652
11263939199472,11263939200090,618
11263939434030,11263939434625,595
11263939666124,11263939666731,607
11263939895122,11263939895735,613
11263940125704,11263940126314,610
11263940361970,11263940362565,595
11263940590747,11263940591342,595
11263940817294,11263940817909,615
11263941046163,11263941046916,753
11263941273346,11263941273917,571
11263941503182,11263941504061,879
11263941733263,11263941733886,623
11263941960672,11263941961304,632
11263942191253,11263942191896,643
11263942427771,11263942428412,641
11263942660298,11263942660959,661
11263942888153,11263942888771,618
11263943118288,11263943118893,605
11263943346485,11263943347079,594
11263943578374,11263943578952,578
11263943808124,11263943808739,615
11263944037472,11263944038067,595
11263944264036,11263944264652,616
11263944491369,11263944491959,590
11263944717627,11263944718227,600
11263944947614,11263944948193,579
11263945175299,11263945175884,585
11263945400670,11263945401222,552
11263945640940,11263945641600,660
11263945871575,11263945872233,658
11263946103621,11263946104270,649
11263946330001,11263946330822,821
11263946560013,11263946560628,615
11263946788972,11263946789857,885
11263947017473,11263947018107,634
11263947246299,11263947246923,624
11263947476667,11263947477282,615
11263947703882,11263947704530,648
11263947931961,11263947932605,644
11263948161085,11263948161693,608
11263948388218,11263948388816,598
11263948615534,11263948616136,602
11263948842219,11263948842848,629
11263949077211,11263949077840,629
11263949311729,11263949312366,637
11263949541360,11263949541934,574
11263949768947,11263949769594,647
11263949998530,11263949999147,617
11263950233287,11263950233912,625
11263950464550,11263950465189,639
11263950693069,11263950693661,592
11263950919655,11263950920251,596
11263951147818,11263951148424,606
11263951381739,11263951382315,576
11263951610433,11263951611266,833
11263951837403,11263951837958,555
11263952065367,11263952066249,882
11263952304066,11263952304648,582
11263952541640,11263952542287,647
11263952773188,11263952773831,643
11263953002618,11263953003251,633
11263953227242,11263953227840,598
11263953455320,11263953455941,621
11263953684397,11263953684977,580
11263953913617,11263953914185,568
11263954141152,11263954141699,547
11263954370154,11263954370765,611
11263954598285,11263954598872,587
11263954826524,11263954827105,581
11263955054039,11263955054610,571
11263955281629,11263955282213,584
11263955509097,11263955509688,591
11263955746839,11263955747466,627
11263955981237,11263955981835,598
11263956210207,11263956210829,622
11263956440903,11263956441522,619
11263956668097,11263956668670,573
11263956897107,11263956898041,934
11263957132105,11263957132724,619
11263957362149,11263957363132,983
11263957590677,11263957591246,569
11263957819692,11263957820238,546
11263958048912,11263958049507,595
11263958279831,11263958280439,608
11263958507460,11263958508057,597
11263958736709,11263958737324,615
11263958974275,11263958974918,643
11263959209192,11263959209812,620
11263959440361,11263959440952,591
11263959667467,11263959668079,612
11263959899184,11263959899859,675
11263960127021,11263960127649,628
11263960358415,11263960359003,588
11263960586842,11263960587469,627
11263960816650,11263960817282,632
11263961043023,11263961043620,597
11263961270493,11263961271083,590
11263961501679,11263961502315,636
11263961729287,11263961729922,635
11263961955707,11263961956282,575
11263962182376,11263962183170,794
11263962421573,11263962422251,678
11263962653326,11263962654225,899
11263962883115,11263962883753,638
11263963113453,11263963114077,624
11263963344209,11263963344829,620
11263963571248,11263963571862,614
11263963801933,11263963802495,562
11263964028941,11263964029518,577
11263964256642,11263964257220,578
11263964488951,11263964489587,636
11263964715179,11263964715791,612
11263964946912,11263964947562,650
11263965174579,11263965175184,605
11263965407242,11263965407882,640
11263965643268,11263965643901,633
11263965877758,11263965878405,647
11263966108364,11263966109017,653
11263966337802,11263966338458,656
11263966566786,11263966567425,639
11263966797062,11263966797682,620
11263967027616,11263967028293,677
11263967256337,11263967256956,619
11263967485298,11263967486103,805
11263967712658,11263967713322,664
11263967939246,11263967940274,1028
11263968168674,11263968169311,637
11263968394995,11263968395661,666
11263968627431,11263968628084,653
11263968855404,11263968856051,647
11263969091263,11263969091918,655
11263969324518,11263969325134,616
11263969554177,11263969554820,643
11263969782002,11263969782601,599
11263970011800,11263970012434,634
11263970240950,11263970241592,642
11263970470824,11263970471491,667
11263970699762,11263970700366,604
11263970929276,11263970929928,652
11263971156974,11263971157613,639
11263971384788,11263971385417,629
11263971614359,11263971614998,639
11263971843656,11263971844291,635
11263972072326,11263972072900,574
11263972310506,11263972311141,635
11263972556206,11263972556833,627
11263972786519,11263972787294,775
11263973016357,11263973016975,618
11263973245592,11263973246470,878
11263973475357,11263973475932,575
11263973705113,11263973705695,582
11263973934503,11263973935101,598
11263974162436,11263974163049,613
11263974390855,11263974391466,611
11263974618057,11263974618684,627
11263974849279,11263974849888,609
11263975075996,11263975076597,601
11263975303744,11263975304358,614
11263975692639,11263975693372,733
11263975924807,11263975925458,651
11263976156034,11263976156669,635
11263976393873,11263976394499,626
11263976622266,11263976622932,666
11263976852152,11263976852779,627
11263977080606,11263977081231,625
11263977310061,11263977310669,608
11263977541019,11263977541634,615
11263977768292,11263977768886,594
11263977996115,11263977996730,615
11263978223008,11263978223756,748
11263978452247,11263978452877,630
11263978677631,11263978678521,890
11263978916940,11263978917532,592
11263979147243,11263979147873,630
11263979379323,11263979379981,658
11263979607888,11263979608502,614
11263979839563,11263979840199,636
11263980070811,11263980071501,690
11263980301066,11263980301690,624
11263980531417,11263980532041,624
11263980759898,11263980760546,648
11263980987177,11263980987813,636
11263981213572,11263981214172,600
11263981441436,11263981442091,655
11263981695617,11263981696371,754
11263981922138,11263981922775,637
11263982147255,11263982147914,659
11263982379093,11263982379727,634
11263982608668,11263982609316,648
11263982839185,11263982839773,588
11263983067720,11263983068337,617
11263983295620,11263983296262,642
11263983524374,11263983524996,622
11263983748824,11263983749678,854
11263983975737,11263983976362,625
11263984200547,11263984201452,905
11263984424255,11263984424858,603
11263984652052,11263984652691,639
11263984879184,11263984879787,603
11263985103912,11263985104551,639
11263985328200,11263985328825,625
11263985560662,11263985561281,619
11263985793452,11263985794090,638
11263986020901,11263986021519,618
11263986249365,11263986249964,599
11263986477871,11263986478493,622
11263986705925,11263986706540,615
11263986935943,11263986936537,594
11263987161619,11263987162222,603
11263987389371,11263987389954,583
11263987615423,11263987616014,591
11263987840183,11263987840771,588
11263988068226,11263988068816,590
11263988295261,11263988295842,581
11263988520797,11263988521393,596
11263988746773,11263988747359,586
11263988981317,11263988982126,809
11263989214539,11263989215145,606
11263989443227,11263989444150,923
11263989669482,11263989670088,606
11263989897277,11263989897904,627
11263990124612,11263990125244,632
11263990352184,11263990352801,617
11263990577510,11263990578154,644
11263990803429,11263990804267,838
11263991028950,11263991029583,633
11263991257395,11263991257970,575
11263991484242,11263991484846,604
11263991714028,11263991714643,615
11263991940585,11263991941161,576
11263992167673,11263992168251,578
11263992406397,11263992407003,606
11263992638322,11263992638936,614
11263992867923,11263992868517,594
11263993095050,11263993095693,643
11263993323712,11263993324331,619
11263993553717,11263993554294,577
11263993780171,11263993780727,556
11263994005379,11263994005942,563
11263994231224,11263994232244,1020
11263994456967,11263994457551,584
11263994685101,11263994685959,858
11263994911666,11263994912221,555
11263995138910,11263995139501,591
11263995365070,11263995365651,581
11263995598683,11263995599309,626
11263995830405,11263995831044,639
11263996058773,11263996059374,601
11263996286700,11263996287285,585
11263996512547,11263996513151,604
11263996739861,11263996740465,604
11263996968220,11263996968794,574
11263997196608,11263997197200,592
11263997421277,11263997421830,553
11263997648874,11263997649468,594
11263997877146,11263997877776,630
11263998103088,11263998103700,612
11263998330865,11263998331448,583
11263998557121,11263998557723,602
11263998782224,11263998782831,607
11263999019344,11263999019946,602
11263999249630,11263999250230,600
11263999477461,11263999478274,813
11263999706540,11263999707145,605
11263999933026,11263999933900,874
11264000165101,11264000165712,611
11264000392132,11264000392776,644
11264000620866,11264000621441,575
11264000846680,11264000847278,598
11264001080807,11264001081460,653
11264001311137,11264001311730,593
11264001538572,11264001539219,647
11264001763641,11264001764264,623
11264001990208,11264001990804,596
11264002228445,11264002229081,636
11264002458028,11264002458631,603
11264002687160,11264002687806,646
11264002914326,11264002914921,595
11264003144493,11264003145131,638
11264003371876,11264003372474,598
11264003598232,11264003598845,613
11264003828167,11264003828769,602
11264004059598,11264004060205,607
11264004289484,11264004290085,601
11264004519362,11264004519956,594
11264004745157,11264004745999,842
11264004974668,11264004975280,612
11264005201811,11264005202791,980
11264005428606,11264005429184,578
11264005667048,11264005667689,641
11264005896403,11264005897046,643
11264006126314,11264006126939,625
11264006356376,11264006356966,590
11264006584884,11264006585511,627
11264006814508,11264006815085,577
11264007042738,11264007043357,619
11264007270945,11264007271531,586
11264007498554,11264007499155,601
11264007727034,11264007727630,596
11264007957727,11264007958298,571
11264008185878,11264008186456,578
11264008413487,11264008414048,561
11264008641535,11264008642525,990
11264008870410,11264008870986,576
11264009109513,11264009110185,672
11264009338259,11264009338876,617
11264009568861,11264009569505,644
11264009798401,11264009798996,595
11264010030747,11264010031351,604
11264010265176,11264010265776,600
11264010493428,11264010494004,576
11264010722350,11264010722903,553
11264010949568,11264010950136,568
11264011177752,11264011178321,569
11264011412294,11264011412848,554
11264011642072,11264011642632,560
11264011866914,11264011867479,565
11264012093127,11264012093897,770
11264012330033,11264012330651,618
11264012560685,11264012561302,617
11264012789016,11264012789648,632
11264013017781,11264013018343,562
11264013245135,11264013245754,619
11264013476619,11264013477212,593
11264013702297,11264013702929,632
11264013931661,11264013932249,588
11264014158897,11264014159526,629
11264014386214,11264014386812,598
11264014617206,11264014617849,643
11264014845880,11264014846494,614
11264015073110,11264015073736,626
11264015297542,11264015298148,606
11264015526936,11264015527548,612
11264015764646,11264015765273,627
11264015993569,11264015994378,809
11264016218090,11264016218711,621
11264016445517,11264016446130,613
11264016675825,11264016676435,610
11264016903985,11264016904587,602
11264017129221,11264017129809,588
11264017357022,11264017357636,614
11264017583544,11264017584116,572
11264017816287,11264017816863,576
11264018042594,11264018043163,569
11264018268133,11264018268748,615
11264018497046,11264018497627,581
11264018721201,11264018721768,567
11264018980491,11264018981126,635
11264019217429,11264019218063,634
11264019450961,11264019451922,961
11264019681466,11264019682086,620
11264019914176,11264019914828,652
11264020146466,11264020147090,624
11264020375926,11264020376517,591
11264020602577,11264020603172,595
11264020832733,11264020833366,633
11264021062293,11264021062907,614
11264021293727,11264021294318,591
11264021522658,11264021523247,589
11264021751265,11264021751875,610
11264021982204,11264021982796,592
11264022221513,11264022222118,605
11264022455764,11264022456394,630
11264022686150,11264022686762,612
11264022916771,11264022917605,834
11264023145560,11264023146175,615
11264023378844,11264023379439,595
11264023606980,11264023607590,610
11264023835488,11264023836088,600
11264024064140,11264024064749,609
11264024291326,11264024291917,591
11264024521140,11264024521756,616
11264024747992,11264024748610,618
11264024974898,11264024975504,606
11264025202074,11264025202659,585
11264025430263,11264025430920,657
11264025669328,11264025669992,664
11264025902525,11264025903162,637
11264026134279,11264026134950,671
11264026364731,11264026371762,7031
11264026607910,11264026608545,635
11264026839037,11264026839848,811
11264027065568,11264027066114,546
11264027292487,11264027293101,614
11264027525428,11264027526038,610
11264027751844,11264027752414,570
11264027982261,11264027982852,591
11264028208563,11264028209140,577
11264028436646,11264028437262,616
11264028663303,11264028663909,606
11264028901251,11264028901925,674
11264029130172,11264029130792,620
11264029360686,11264029361296,610
11264029588919,11264029589508,589
11264029818555,11264029819142,587
11264030046786,11264030047351,565
11264030274836,11264030275736,900
11264030503612,11264030504173,561
11264030731743,11264030732339,596
11264030959567,11264030960201,634
11264031188770,11264031189344,574
11264031416568,11264031417189,621
11264031642861,11264031643462,601
11264031869496,11264031870093,597
11264032095346,11264032095938,592
11264032334608,11264032335263,655
11264032564659,11264032565286,627
11264032795103,11264032795738,635
11264033024572,11264033025165,593
11264033253685,11264033254290,605
11264033483370,11264033483989,619
11264033711817,11264033712687,870
11264033939515,11264033940136,621
11264034166705,11264034167319,614
11264034396412,11264034397039,627
11264034623317,11264034623930,613
11264034853113,11264034853719,606
11264035079373,11264035079985,612
11264035306538,11264035307136,598
11264035535289,11264035535918,629
11264035774980,11264035775584,604
11264036001545,11264036002219,674
11264036233048,11264036233637,589
11264036461368,11264036461993,625
11264036693209,11264036693806,597
11264036921091,11264036921720,629
11264037148370,11264037148988,618
11264037377824,11264037378428,604
11264037609555,11264037610507,952
11264037840281,11264037840923,642
11264038066295,11264038066933,638
11264038293808,11264038294429,621
11264038520586,11264038521216,630
11264038746777,11264038747381,604
11264038984104,11264038984746,642
11264039216502,11264039217140,638
11264039443468,11264039444036,568
11264039673064,11264039673696,632
11264039901768,11264039902380,612
11264040133953,11264040134611,658
11264040362031,11264040362668,637
11264040589669,11264040590275,606
11264040817595,11264040818206,611
11264041047711,11264041048494,783
11264041276006,11264041276650,644
11264041502439,11264041503054,615
11264041730502,11264041731119,617
11264041957619,11264041958269,650
11264042186756,11264042187381,625
11264042449560,11264042450228,668
11264042699989,11264042700658,669
11264042944972,11264042945604,632
11264043191685,11264043192298,613
11264043450153,11264043450778,625
11264043697310,11264043697982,672
11264043940896,11264043941517,621
11264044186876,11264044187499,623
11264044439097,11264044439750,653
11264044686123,11264044687047,924
11264044966444,11264044967314,870
11264045248301,11264045248964,663
11264045499205,11264045499812,607
11264045761800,11264045762445,645
11264046009419,11264046010112,693
11264046252241,11264046252886,645
11264046534397,11264046535274,877
11264046799351,11264046799990,639
11264047051610,11264047052233,623
11264047301694,11264047302372,678
11264047547616,11264047548265,649
11264047791530,11264047792178,648
11264048203821,11264048204448,627
11264048460081,11264048460731,650
11264048704135,11264048704746,611
11264048957694,11264048958338,644
11264049202672,11264049203563,891
11264049455999,11264049456617,618
11264049724918,11264049725589,671
11264049976134,11264049976738,604
11264050218849,11264050219488,639
11264050467920,11264050468530,610
11264050712334,11264050712955,621
11264050953565,11264050954185,620
11264051196572,11264051197203,631
11264051438753,11264051439398,645
11264051680963,11264051681597,634
11264051924308,11264051924929,621
11264052166935,11264052167539,604
11264052413684,11264052414324,640
11264052655118,11264052655945,827
11264052896261,11264052896905,644
11264053143585,11264053144232,647
11264053392730,11264053393333,603
11264053635304,11264053635873,569
11264053877298,11264053877910,612
11264054123037,11264054123656,619
11264054367159,11264054367768,609
11264054608762,11264054609372,610
11264054853069,11264054853716,647
11264055095592,11264055096224,632
11264055341522,11264055342115,593
11264055594500,11264055595138,638
11264055840211,11264055840824,613
11264056084473,11264056085076,603
11264056335247,11264056335858,611
11264056580974,11264056581593,619
11264056826354,11264056827310,956
11264057072312,11264057072928,616
11264057325794,11264057326397,603
11264057570990,11264057571609,619
11264057818254,11264057818854,600
11264058060655,11264058061292,637
11264058303992,11264058304631,639
11264058550018,11264058550664,646
11264058794184,11264058794779,595
11264059045517,11264059046155,638
11264059290659,11264059291324,665
11264059537316,11264059537960,644
11264059787985,11264059788632,647
11264060035739,11264060036369,630
11264060278590,11264060279240,650
11264060522238,11264060523147,909
11264060766753,11264060767380,627
11264061007720,11264061008333,613
11264061252974,11264061253594,620
11264061502328,11264061502915,587
11264061745997,11264061746627,630
11264061988247,11264061988901,654
11264062244621,11264062245258,637
11264062499475,11264062500085,610
11264062743152,11264062743769,617
11264062986218,11264062986878,660
11264063231871,11264063232493,622
11264063480131,11264063480765,634
11264063724214,11264063724853,639
11264063966472,11264063967092,620
11264064210017,11264064210856,839
11264064459107,11264064459746,639
11264064699013,11264064699678,665
11264064943134,11264064943722,588
11264065184019,11264065184641,622
11264065426452,11264065427104,652
11264065675380,11264065676043,663
11264065922219,11264065922884,665
11264066169430,11264066170093,663
11264066415263,11264066415922,659
11264066662984,11264066663593,609
11264066909770,11264066910412,642
11264067156470,11264067157150,680
11264067405839,11264067406480,641
11264067657300,11264067657936,636
11264067903183,11264067903806,623
11264068149075,11264068149677,602
11264068395266,11264068396224,958
11264068640190,11264068640783,593
11264068899278,11264068899891,613
11264069184126,11264069184881,755
11264069445035,11264069445775,740
11264069699528,11264069700193,665
11264069955289,11264069955927,638
11264070204871,11264070205585,714
11264070461795,11264070462457,662
11264070711250,11264070711919,669
11264070965157,11264070965802,645
11264071217470,11264071218117,647
11264071474994,11264071475663,669
11264071726784,11264071727436,652
11264072024341,11264072025056,715
11264072311724,11264072312921,1197
11264072613590,11264072614803,1213
11264072906863,11264072907732,869
11264073179809,11264073180471,662
11264073594139,11264073594895,756
11264074035801,11264074037238,1437
11264074475206,11264074476372,1166
11264074834033,11264074835286,1253
11264075174514,11264075175272,758
11264075502069,11264075502707,638
11264075818844,11264075819613,769
11264076109645,11264076110332,687
11264076397227,11264076397978,751
11264076662882,11264076663508,626
11264076919849,11264076920496,647
11264077169472,11264077170377,905
11264077427855,11264077428487,632
11264077698797,11264077699470,673
11264077951609,11264077952243,634
11264078205492,11264078206155,663
11264078460608,11264078461270,662
11264078707291,11264078707976,685
11264078982814,11264078983514,700
11264079247233,11264079247904,671
11264079509606,11264079510239,633
11264079757971,11264079758634,663
11264080006220,11264080006866,646
11264080258608,11264080259254,646
11264080512140,11264080512817,677
11264080765267,11264080765922,655
11264081012064,11264081012741,677
11264081261605,11264081262264,659
11264081527235,11264081528441,1206
11264081808331,11264081809080,749
11264082088556,11264082089259,703
11264082378914,11264082379702,788
11264082723823,11264082724760,937
11264083035546,11264083036175,629
11264083406024,11264083407798,1774
11264083771708,11264083772467,759
11264084034287,11264084034961,674
11264084281706,11264084282340,634
11264084538511,11264084539128,617
11264084788485,11264084789118,633
11264085043847,11264085044482,635
11264085300781,11264085301405,624
11264085646294,11264085647300,1006
11264085964793,11264085966274,1481
11264086293049,11264086293849,800
11264086626281,11264086626951,670
11264086919211,11264086919838,627
11264087193064,11264087193839,775
11264087482538,11264087483194,656
11264087797817,11264087798514,697
11264088063378,11264088064034,656
11264088325432,11264088326058,626
11264088585170,11264088585796,626
11264088852258,11264088852871,613
11264089120304,11264089120974,670
11264089380682,11264089381341,659
11264089635181,11264089635780,599
11264089885734,11264089886360,626
11264090135550,11264090136534,984
11264090385624,11264090386276,652
11264090642017,11264090642696,679
11264090891619,11264090892241,622
11264091140916,11264091141603,687
11264091389935,11264091390593,658
11264091648765,11264091649435,670
11264091896497,11264091897173,676
11264092143261,11264092143944,683
11264092406070,11264092406757,687
11264092658752,11264092659399,647
11264092907900,11264092908524,624
11264093154966,11264093155608,642
11264093454060,11264093454698,638
11264093740446,11264093741054,608
11264094014659,11264094015267,608
11264094263652,11264094264321,669
11264094511984,11264094512935,951
11264094761503,11264094762070,567
11264095012263,11264095012957,694
11264095282118,11264095282787,669
11264095526389,11264095527051,662
11264095785808,11264095786478,670
11264096030373,11264096031038,665
11264096274984,11264096275631,647
11264096519933,11264096520573,640
11264096763311,11264096763973,662
11264097006755,11264097007424,669
11264097249286,11264097249940,654
11264097522512,11264097523170,658
11264097772461,11264097773153,692
11264098014508,11264098015165,657
11264098259428,11264098260296,868
11264098509187,11264098509842,655
11264098755487,11264098756175,688
11264099041709,11264099042337,628
11264099310074,11264099310738,664
11264099553389,11264099554024,635
11264099821999,11264099822671,672
11264100073030,11264100073663,633
11264100317563,11264100318225,662
11264100561406,11264100562053,647
11264100804219,11264100804879,660
11264101045649,11264101046275,626
11264101297665,11264101298318,653
11264101541977,11264101542603,626
11264101783062,11264101783720,658
11264102026720,11264102027508,788
11264102320636,11264102321252,616
11264102615517,11264102616169,652
11264102882438,11264102883061,623
11264103126008,11264103126628,620
11264103395425,11264103396033,608
11264103643808,11264103644416,608
11264103885364,11264103885993,629
11264104129329,11264104129946,617
11264104383746,11264104384412,666
11264104626610,11264104627236,626
11264104873014,11264104873639,625
11264105114949,11264105115596,647
11264105358851,11264105359495,644
11264105607351,11264105607973,622
11264105853297,11264105853957,660
11264106099687,11264106100357,670
11264106343575,11264106344564,989
11264106587711,11264106588367,656
11264106833128,11264106833796,668
11264107077664,11264107078328,664
11264107323880,11264107324550,670
11264107566944,11264107567609,665
11264107810706,11264107811327,621
11264108055682,11264108056340,658
11264108301385,11264108302040,655
11264108551530,11264108552175,645
11264108793314,11264108793986,672
11264109044993,11264109045653,660
11264109306046,11264109306662,616
11264109551695,11264109552311,616
11264109796645,11264109797297,652
11264110041508,11264110042653,1145
11264110284662,11264110285280,618
11264110558168,11264110558819,651
11264110812778,11264110813418,640
11264111057293,11264111057951,658
11264111326260,11264111326938,678
11264111570391,11264111571025,634
11264111815130,11264111815769,639
11264112060205,11264112060859,654
11264112311725,11264112312409,684
11264112557111,11264112557798,687
11264112802694,11264112803349,655
11264113045429,11264113046083,654
11264113295562,11264113296233,671
11264113546025,11264113546718,693
11264113792488,11264113793349,861
11264114035326,11264114035922,596
11264114278463,11264114279102,639
11264114523573,11264114524263,690
11264114771621,11264114772259,638
11264115013930,11264115014588,658
11264115256116,11264115267413,11297
11264115510331,11264115510978,647
11264115765567,11264115766232,665
11264116011477,11264116012147,670
11264116255998,11264116256661,663
11264116519648,11264116520264,616
11264116765207,11264116765853,646
11264117012216,11264117012853,637
11264117256361,11264117257025,664
11264117506444,11264117507088,644
11264117748734,11264117749404,670
11264117994047,11264117994914,867
11264118237563,11264118238162,599
11264118488185,11264118488828,643
11264118732011,11264118732679,668
11264118985630,11264118986341,711
11264119235180,11264119235865,685
11264119487359,11264119487982,623
11264119731791,11264119732442,651
11264119975973,11264119976582,609
11264120224752,11264120225356,604
11264120488727,11264120489350,623
11264120732572,11264120733198,626
11264120974990,11264120975574,584
11264121219428,11264121220041,613
11264121466802,11264121467423,621
11264121711125,11264121712100,975
11264121954703,11264121955261,558
11264122197282,11264122197932,650
11264122451042,11264122451685,643
11264122704219,11264122704881,662
11264122950377,11264122951008,631
11264123194429,11264123195053,624
11264123445222,11264123445871,649
11264123686868,11264123687478,610
11264123933689,11264123934272,583
11264124176119,11264124176741,622
11264124426476,11264124427076,600
11264124669888,11264124670486,598
11264124912311,11264124912892,581
11264125157064,11264125157652,588
11264125398645,11264125399380,735
11264125652278,11264125652918,640
11264125897131,11264125897728,597
11264126140804,11264126141447,643
11264126414551,11264126415167,616
11264126665776,11264126666395,619
11264126908787,11264126909420,633
11264127152807,11264127153467,660
11264127396300,11264127396941,641
11264127638680,11264127639298,618
11264127878315,11264127878949,634
11264128296059,11264128296680,621
11264128539069,11264128539689,620
11264128783983,11264128784610,627
11264129033250,11264129033901,651
11264129275959,11264129276618,659
11264129519436,11264129520397,961
11264129765173,11264129765834,661
11264130006512,11264130007110,598
11264130246823,11264130247474,651
11264130495689,11264130496359,670
11264130736646,11264130737339,693
11264130979273,11264130979866,593
11264131223216,11264131223853,637
11264131471625,11264131472276,651
11264131712364,11264131712981,617
11264131954148,11264131954801,653
11264132197950,11264132198609,659
11264132446018,11264132446644,626
11264132690361,11264132691013,652
11264132931662,11264132932318,656
11264133177171,11264133178122,951
11264133426702,11264133427361,659
11264133667805,11264133668443,638
11264133908660,11264133909309,649
11264134149527,11264134150222,695
11264134398004,11264134398689,685
11264134638210,11264134638815,605
11264134879424,11264134880109,685
11264135123107,11264135123753,646
11264135363437,11264135364096,659
11264135617892,11264135618583,691
11264135862931,11264135863621,690
11264136106255,11264136106942,687
11264136349521,11264136350206,685
11264136592404,11264136593102,698
11264136838280,11264136838931,651
11264137082343,11264137082968,625
11264137329927,11264137330880,953
11264137571345,11264137571988,643
11264137813438,11264137814082,644
11264138056987,11264138057648,661
11264138309635,11264138310280,645
11264138552308,11264138552964,656
11264138795496,11264138796159,663
11264139044029,11264139044872,843
11264139292000,11264139292613,613
11264139545986,11264139546623,637
11264139790783,11264139791453,670
11264140036467,11264140037146,679
11264140280509,11264140281170,661
11264140532265,11264140532897,632
11264140774614,11264140775249,635
11264141018376,11264141019062,686
11264141261166,11264141261852,686
11264141513494,11264141514125,631
11264141756129,11264141756782,653
11264141998927,11264141999582,655
11264142258875,11264142259562,687
11264142505427,11264142506096,669
11264142752423,11264142753091,668
11264142995317,11264142995973,656
11264143239163,11264143239824,661
11264143488916,11264143489602,686
11264143731129,11264143731861,732
11264143976026,11264143976724,698
11264144218252,11264144218960,708
11264144459893,11264144460559,666
11264144700614,11264144701285,671
11264144941758,11264144942751,993
11264145186815,11264145187472,657
11264145430015,11264145430660,645
11264145679215,11264145679904,689
11264145924583,11264145925244,661
11264146170269,11264146170890,621
11264146422645,11264146423306,661
11264146667995,11264146668588,593
11264146912022,11264146912691,669
11264147154174,11264147154829,655
11264147397125,11264147397779,654
11264147638861,11264147639478,617
11264147879549,11264147880158,609
11264148119273,11264148119933,660
11264148361829,11264148362444,615
11264148604926,11264148605573,647
11264148848714,11264148849399,685
11264149099615,11264149100273,658
11264149343981,11264149344676,695
11264149588973,11264149589666,693
11264149834902,11264149835557,655
11264150076834,11264150077460,626
11264150319969,11264150320605,636
11264150564119,11264150564767,648
11264150807090,11264150807989,899
11264151050030,11264151050645,615
11264151298956,11264151299593,637
11264151541370,11264151542002,632
11264151785842,11264151786467,625
11264152028276,11264152028900,624
11264152281344,11264152281987,643
11264152529036,11264152529683,647
11264152773314,11264152773988,674
11264153019145,11264153019790,645
11264153263563,11264153264214,651
11264153510310,11264153510958,648
11264153754579,11264153755230,651
11264154000046,11264154000914,868
11264154243021,11264154243694,673
11264154488318,11264154488974,656
11264154731775,11264154732426,651
11264154973456,11264154974246,790
11264155219022,11264155219694,672
11264155462259,11264155462954,695
11264155715643,11264155716287,644
11264155962253,11264155962890,637
11264156208096,11264156208675,579
11264156454231,11264156454909,678
11264156697318,11264156698167,849
11264156943365,11264156944034,669
11264157186015,11264157186653,638
11264157428049,11264157428710,661
11264157671349,11264157672267,918
11264157916691,11264157917406,715
11264158160200,11264158160846,646
11264158401235,11264158401907,672
11264158642591,11264158643244,653
11264158892119,11264158892780,661
11264159136504,11264159137159,655
11264159383286,11264159383911,625
11264159626882,11264159627526,644
11264159868049,11264159868700,651
11264160111882,11264160112527,645
11264160353438,11264160354064,626
11264160600113,11264160600802,689
11264160842398,11264160843033,635
11264161084338,11264161085005,667
11264161326068,11264161326732,664
11264161573341,11264161574014,673
11264161814218,11264161814852,634
11264162055389,11264162055987,598
11264162305729,11264162306382,653
11264162551349,11264162552169,820
11264162798935,11264162799583,648
11264163038771,11264163039431,660
11264163280823,11264163281500,677
11264163522500,11264163523129,629
11264163766310,11264163766980,670
11264164012682,11264164013389,707
11264164256431,11264164257152,721
11264164498544,11264164499194,650
11264164740657,11264164741285,628
11264164982835,11264164983443,608
11264165240139,11264165240746,607
11264165485072,11264165485709,637
11264165732172,11264165732837,665
11264165974537,11264165975183,646
11264166219678,11264166220296,618
11264166469224,11264166469834,610
11264166711484,11264166712094,610
11264166953794,11264166954464,670
11264167197826,11264167198466,640
11264167450842,11264167451488,646
11264167692209,11264167692828,619
11264167934818,11264167935431,613
11264168178375,11264168179011,636
11264168420999,11264168421885,886
11264168665673,11264168666308,635
11264168919241,11264168919916,675
11264169165732,11264169166465,733
11264169410726,11264169411362,636
11264169655813,11264169656441,628
11264169901808,11264169902478,670
11264170146677,11264170147290,613
11264170396690,11264170397364,674
11264170639280,11264170639945,665
11264170882861,11264170883486,625
11264171127962,11264171128612,650
11264171369501,11264171370150,649
11264171618234,11264171618923,689
11264171861881,11264171862524,643
11264172104449,11264172105109,660
11264172383805,11264172384448,643
11264172629694,11264172630351,657
11264172874678,11264172875319,641
11264173120002,11264173120663,661
11264173364823,11264173365475,652
11264173636078,11264173636745,667
11264173879056,11264173879696,640
11264174120348,11264174120978,630
11264174362882,11264174363693,811
11264174608036,11264174608658,622
11264174851665,11264174852335,670
11264175093566,11264175094198,632
11264175336777,11264175337438,661
11264175589388,11264175590034,646
11264175837919,11264175838540,621
11264176080558,11264176081167,609
11264176326642,11264176327287,645
11264176577689,11264176578335,646
11264176819819,11264176820473,654
11264177068307,11264177068928,621
11264177309822,11264177310445,623
11264177552466,11264177553175,709
11264177793292,11264177793933,641
11264178036170,11264178036838,668
11264178280606,11264178281281,675
11264178522902,11264178523557,655
11264178764642,11264178765320,678
11264179015259,11264179015913,654
11264179258962,11264179259641,679
11264179509776,11264179510397,621
11264179754583,11264179755231,648
11264179997987,11264179998616,629
11264180241810,11264180242611,801
11264180482955,11264180483591,636
11264180729216,11264180729900,684
11264180984839,11264180985510,671
11264181229408,11264181230050,642
11264181477829,11264181478436,607
11264181723203,11264181723846,643
11264181965622,11264181966288,666
11264182212207,11264182213127,920
11264182457123,11264182457795,672
11264182701875,11264182702538,663
11264182949721,11264182950420,699
11264183191964,11264183192615,651
11264183440469,11264183441122,653
11264183683022,11264183683686,664
11264183926166,11264183926829,663
11264184170061,11264184170731,670
11264184420861,11264184421522,661
11264184662937,11264184663615,678
11264184905531,11264184906225,694
11264185146090,11264185146782,692
11264185389952,11264185390638,686
11264185641011,11264185641682,671
11264185886590,11264185887275,685
11264186128699,11264186129380,681
11264186372099,11264186372778,679
11264186619971,11264186620644,673
11264186871426,11264186872108,682
11264187117108,11264187117791,683
11264187360796,11264187361445,649
11264187606942,11264187607658,716
11264187848561,11264187849208,647
11264188090865,11264188091537,672
11264188335442,11264188336272,830
11264188581391,11264188582067,676
11264188824831,11264188825508,677
11264189074162,11264189074836,674
11264189328305,11264189328953,648
11264189572577,11264189573276,699
11264189816342,11264189817027,685
11264190065103,11264190065956,853
11264190312466,11264190313147,681
11264190556467,11264190557095,628
11264190802577,11264190803233,656
11264191045799,11264191046429,630
11264191294125,11264191294761,636
11264191536727,11264191537347,620
11264191782177,11264191782831,654
11264192027893,11264192028518,625
11264192281671,11264192282325,654
11264192535726,11264192536367,641
11264192780299,11264192780959,660
11264193024320,11264193024947,627
11264193270169,11264193271233,1064
11264193517148,11264193517718,570
11264193761799,11264193762445,646
11264194007099,11264194007728,629
11264194250094,11264194250689,595
11264194492915,11264194493558,643
11264194734883,11264194735543,660
11264194981673,11264194982314,641
11264195222365,11264195222962,597
11264195466041,11264195466819,778
11264195712933,11264195713798,865
11264195971737,11264195972404,667
11264196215654,11264196216316,662
11264196460134,11264196460762,628
11264196706095,11264196706714,619
11264196951234,11264196951948,714
11264197197637,11264197198299,662
11264197440423,11264197441058,635
11264197685430,11264197686083,653
11264197927408,11264197928065,657
11264198171714,11264198172615,901
11264198423332,11264198423978,646
11264198665710,11264198666354,644
11264198916186,11264198916837,651
11264199162170,11264199162843,673
11264199413669,11264199414288,619
11264199661657,11264199662324,667
11264199906498,11264199907138,640
11264200150376,11264200151004,628
11264200401190,11264200402148,958
11264200645935,11264200646584,649
11264200890960,11264200891593,633
11264201160467,11264201161090,623
11264201409897,11264201410550,653
11264201650434,11264201651089,655
11264201891801,11264201892483,682
11264202132148,11264202132759,611
11264202380361,11264202381248,887
11264202621974,11264202622615,641
11264202867097,11264202867785,688
11264203110204,11264203110868,664
11264203352628,11264203353280,652
11264203595001,11264203595662,661
11264203835923,11264203836579,656
11264204080775,11264204081393,618
11264204321110,11264204321759,649
11264204568762,11264204569606,844
11264204991124,11264204991788,664
11264205238624,11264205239235,611
11264205477368,11264205478009,641
11264205727802,11264205728438,636
11264205971349,11264205971974,625
11264206215246,11264206215928,682
11264206460129,11264206460767,638
11264206705815,11264206706483,668
11264206948567,11264206949436,869
11264207191344,11264207192005,661
11264207440796,11264207441455,659
11264207683181,11264207683830,649
11264207925234,11264207925939,705
11264208167583,11264208168237,654
11264208408153,11264208408811,658
11264208648511,11264208649182,671
11264208899773,11264208900380,607
11264209142565,11264209143239,674
11264209387355,11264209388016,661
11264209631867,11264209632526,659
11264209879245,11264209879900,655
11264210122737,11264210123399,662
11264210372291,11264210372897,606
11264210616688,11264210617355,667
11264210858613,11264210859439,826
11264211099997,11264211100589,592
11264211344101,11264211344718,617
11264211586100,11264211586709,609
11264211827923,11264211828572,649
11264212069416,11264212070036,620
11264212317847,11264212318536,689
11264212566067,11264212566710,643
11264212807257,11264212807914,657
11264213049983,11264213050869,886
11264213302499,11264213303171,672
11264213548358,11264213549023,665
11264213792651,11264213793304,653
11264214035327,11264214035949,622
11264214277928,11264214278522,594
11264214519565,11264214520171,606
11264214762173,11264214762776,603
11264215003605,11264215004288,683
11264215252711,11264215253390,679
11264215493955,11264215494612,657
11264215739558,11264215740167,609
11264215984004,11264215984671,667
11264216226199,11264216226832,633
11264216466796,11264216467430,634
11264216708321,11264216708966,645
11264216949285,11264216950035,750
11264217192809,11264217193400,591
11264217433443,11264217434098,655
11264217673429,11264217674056,627
11264217915716,11264217916336,620
11264218156941,11264218157545,604
11264218399502,11264218400151,649
11264218640474,11264218641105,631
11264218891249,11264218891903,654
11264219135126,11264219135990,864
11264219379224,11264219379841,617
11264219631326,11264219631969,643
11264219884219,11264219884899,680
11264220125928,11264220126571,643
11264220374541,11264220375179,638
11264220621656,11264220622304,648
11264220864117,11264220864769,652
11264221106008,11264221106639,631
11264221354910,11264221355560,650
11264221597509,11264221598166,657
11264221840951,11264221841616,665
11264222083376,11264222084038,662
11264222332089,11264222332731,642
11264222580139,11264222580812,673
11264222824531,11264222825165,634
11264223070219,11264223071198,979
11264223313498,11264223314151,653
11264223557008,11264223557645,637
11264223800071,11264223800693,622
11264224042821,11264224043470,649
11264224294700,11264224295343,643
11264224536311,11264224536949,638
11264224778607,11264224779196,589
11264225021440,11264225022057,617
11264225266081,11264225266953,872
11264225510995,11264225511608,613
11264225764315,11264225764950,635
11264226010941,11264226011598,657
11264226255812,11264226256464,652
11264226502888,11264226503540,652
11264226748514,11264226749122,608
11264226992755,11264226993349,594
11264227236705,11264227237312,607
11264227479385,11264227480046,661
11264227724494,11264227725125,631
11264227967844,11264227968479,635
11264228217983,11264228218572,589
11264228458146,11264228458790,644
11264228700619,11264228701232,613
11264228953416,11264228954059,643
11264229198954,11264229199870,916
11264229444642,11264229445256,614
11264229687025,11264229687661,636
11264229933683,11264229934337,654
11264230179779,11264230180416,637
11264230421756,11264230422390,634
11264230664413,11264230665060,647
11264230906475,11264230907138,663
11264231148445,11264231149080,635
11264231392752,11264231393723,971
11264231637437,11264231638088,651
11264231878784,11264231879442,658
11264232120320,11264232120983,663
11264232387343,11264232388033,690
11264232638054,11264232638715,661
11264232883049,11264232883717,668
11264233128124,11264233128738,614
11264233371489,11264233372095,606
11264233617551,11264233618221,670
11264233860143,11264233860781,638
11264234103421,11264234104074,653
11264234347350,11264234348014,664
11264234588840,11264234589465,625
11264234832964,11264234833551,587
11264235073140,11264235073734,594
11264235321826,11264235322734,908
11264235572177,11264235572862,685
11264235814820,11264235815480,660
11264236061656,11264236062331,675
11264236305473,11264236306117,644
11264236550055,11264236550694,639
11264236794051,11264236794716,665
11264237037040,11264237037709,669
11264237289073,11264237289687,614
11264237531038,11264237532026,988
11264237777383,11264237778043,660
11264238021315,11264238021984,669
11264238263006,11264238263657,651
11264238506323,11264238506965,642
11264238748766,11264238749400,634
11264238999989,11264239000685,696
11264239244954,11264239245644,690
11264239489628,11264239490260,632
11264239735836,11264239736518,682
11264239981420,11264239982064,644
11264240224546,11264240225165,619
11264240466964,11264240467629,665
11264240711758,11264240712426,668
11264240954803,11264240955474,671
11264241197327,11264241197965,638
11264241438943,11264241439902,959
11264241682694,11264241683311,617
11264241926390,11264241927022,632
11264242168756,11264242169384,628
11264242415909,11264242416555,646
11264242666848,11264242667511,663
11264242909658,11264242910278,620
11264243155646,11264243156606,960
11264243406986,11264243407665,679
11264243653809,11264243654488,679
11264243899522,11264243900204,682
11264244151486,11264244152201,715
11264244414517,11264244415136,619
11264244659598,11264244660185,587
11264244903242,11264244903901,659
11264245144961,11264245145597,636
11264245399704,11264245400325,621
11264245654925,11264245655567,642
11264245898760,11264245899407,647
11264246142557,11264246143191,634
11264246386214,11264246386820,606
11264246631587,11264246632203,616
11264246883505,11264246884089,584
11264247126718,11264247127374,656
11264247369121,11264247369730,609
11264247613277,11264247613922,645
11264247857126,11264247857780,654
11264248101483,11264248102114,631
11264248345244,11264248345859,615
11264248588208,11264248588851,643
11264248828942,11264248829604,662
11264249079252,11264249079877,625
11264249322808,11264249323439,631
11264249565363,11264249565987,624
11264249807986,11264249808607,621
11264250055241,11264250055862,621
11264250308031,11264250308654,623
11264250549550,11264250550208,658
11264250790994,11264250791612,618
11264251042196,11264251042843,647
11264251287876,11264251288495,619
11264251537903,11264251538571,668
11264251780547,11264251781147,600
11264252021655,11264252022334,679
11264252297197,11264252298125,928
11264252585932,11264252586680,748
11264252843414,11264252844115,701
11264253091547,11264253092165,618
11264253432675,11264253433799,1124
11264253728630,11264253729324,694
11264254000353,11264254001072,719
11264254253219,11264254254178,959
11264254501279,11264254501946,667
11264254748027,11264254748659,632
11264254993295,11264254993954,659
11264255331647,11264255332321,674
11264255603705,11264255604336,631
11264255855489,11264255856179,690
11264256103649,11264256104496,847
11264256350445,11264256351040,595
11264256599135,11264256599804,669
11264256846181,11264256846833,652
11264257090631,11264257091274,643
11264257336903,11264257337574,671
11264257581282,11264257581933,651
11264257828152,11264257828797,645
11264258072557,11264258073233,676
11264258315745,11264258316404,659
11264258564076,11264258564733,657
11264258811449,11264258812113,664
11264259063600,11264259064272,672
11264259308478,11264259309106,628
11264259553631,11264259554241,610
11264259799494,11264259800143,649
11264260047797,11264260048445,648
11264260292040,11264260292707,667
11264260538433,11264260539087,654
11264260783935,11264260784632,697
11264261029811,11264261030498,687
11264261277050,11264261277760,710
11264261522757,11264261523419,662
11264261767865,11264261768535,670
11264262011564,11264262012234,670
11264262266878,11264262267562,684
11264262517079,11264262517733,654
11264262771492,11264262772162,670
11264263016629,11264263017285,656
11264263261595,11264263262247,652
11264263507476,11264263508156,680
11264263755909,11264263756591,682
11264264000795,11264264001441,646
11264264246910,11264264247582,672
11264264490873,11264264491572,699
11264264736515,11264264737202,687
11264264984929,11264264985599,670
11264265231063,11264265232252,1189
11264265478497,11264265479213,716
11264265728158,11264265728843,685
11264265974883,11264265975530,647
11264266226003,11264266226696,693
11264266472385,11264266473054,669
11264266717249,11264266717957,708
11264266962776,11264266963735,959
11264267239215,11264267239881,666
11264267501058,11264267501773,715
11264267746013,11264267746705,692
11264267989812,11264267990472,660
11264268233772,11264268234417,645
11264268479347,11264268480020,673
11264268724721,11264268725606,885
11264268981852,11264268982527,675
11264269227891,11264269228583,692
11264269477290,11264269477958,668
11264269722370,11264269723024,654
11264269965600,11264269966277,677
11264270208938,11264270209599,661
11264270449374,11264270450050,676
11264270692370,11264270693048,678
11264270937945,11264270938592,647
11264271181988,11264271182613,625
11264271421847,11264271422518,671
11264271665862,11264271666498,636
11264271907100,11264271907710,610
11264272149038,11264272149779,741
11264272407351,11264272407983,632
11264272652557,11264272653220,663
11264272897153,11264272897786,633
11264273138049,11264273138685,636
11264273390535,11264273391137,602
11264273660320,11264273660918,598
11264273882991,11264273883544,553
11264274102034,11264274102612,578
11264274325777,11264274326335,558
11264274563119,11264274563748,629
11264274786291,11264274786890,599
11264275035812,11264275036390,578
11264275260571,11264275261140,569
11264275483254,11264275483843,589
11264275787722,11264275788344,622
11264276097951,11264276098511,560
11264276400283,11264276400889,606
11264276704315,11264276704921,606
11264277007506,11264277008091,585
11264277306418,11264277307010,592
11264277614479,11264277615044,565
11264277888296,11264277888948,652
11264278130573,11264278131229,656
11264278372684,11264278373378,694
11264278616746,11264278617403,657
11264278859778,11264278860440,662
11264279141495,11264279142112,617
11264279413672,11264279414355,683
11264279656853,11264279657508,655
11264279899891,11264279900512,621
11264280142391,11264280143030,639
11264280390912,11264280391565,653
11264280634580,11264280635239,659
11264280875299,11264280875920,621
11264281116637,11264281117304,667
11264281364758,11264281365391,633
11264281608740,11264281609403,663
11264281847675,11264281848325,650
11264282088936,11264282089582,646
11264282337334,11264282338020,686
11264282801532,11264282802584,1052
11264283081395,11264283082071,676
11264283321324,11264283321977,653
11264283564141,11264283564773,632
11264283802637,11264283803290,653
11264284044804,11264284045475,671
11264284287436,11264284288106,670
11264284530390,11264284531081,691
11264284771265,11264284771939,674
11264285013192,11264285013827,635
11264285253492,11264285254135,643
11264285502219,11264285502870,651
11264285749352,11264285750004,652
11264285992319,11264285992985,666
11264286235812,11264286236455,643
11264286483568,11264286484205,637
11264286725774,11264286726440,666
11264286967860,11264286968518,658
11264287208913,11264287209555,642
11264287455252,11264287455935,683
11264287699974,11264287700662,688
11264287943083,11264287943724,641
11264288187115,11264288187771,656
11264288440597,11264288441233,636
11264288700959,11264288701594,635
11264288956740,11264288957427,687
11264289201274,11264289202250,976
11264289443826,11264289444531,705
11264289684761,11264289685434,673
11264289941570,11264289942249,679
11264290193875,11264290194565,690
11264290441181,11264290441836,655
11264290696472,11264290697116,644
11264290939339,11264290939989,650
11264291178374,11264291179008,634
11264291422755,11264291423409,654
11264291665496,11264291666162,666
11264291908443,11264291909082,639
11264292154398,11264292155002,604
11264292413704,11264292414345,641
11264292665150,11264292665828,678
11264292908765,11264292909408,643
11264293150864,11264293151511,647
11264293392839,11264293393482,643
11264293637181,11264293637826,645
11264293879553,11264293880236,683
11264294122150,11264294122824,674
11264294362999,11264294363628,629
11264294604943,11264294605604,661
11264294846814,11264294847437,623
11264295089686,11264295090341,655
11264295331075,11264295331741,666
11264295584364,11264295585252,888
11264295841952,11264295842634,682
11264296092722,11264296093357,635
11264296345667,11264296346321,654
11264296589170,11264296589815,645
11264296834249,11264296834865,616
11264297074163,11264297074797,634
11264297318837,11264297319493,656
11264297568079,11264297568740,661
11264297811367,11264297812026,659
11264298052796,11264298053444,648
11264298301315,11264298301981,666
11264298544447,11264298545106,659
11264298788215,11264298788852,637
11264299037390,11264299038236,846
11264299283289,11264299283928,639
11264299526441,11264299527087,646
11264299775153,11264299775773,620
11264300020375,11264300021065,690
11264300275872,11264300276498,626
11264300518309,11264300518933,624
11264300759224,11264300759860,636
11264301005088,11264301005744,656
11264301247414,11264301248042,628
11264301497480,11264301498147,667
11264301738720,11264301739371,651
11264301984096,11264301984983,887
11264302233930,11264302234576,646
11264302491304,11264302491963,659
11264302735410,11264302736120,710
11264302980867,11264302981544,677
11264303227214,11264303227862,648
11264303496254,11264303496892,638
11264303743028,11264303743737,709
11264303985961,11264303986597,636
11264304226764,11264304227435,671
11264304498246,11264304498879,633
11264304741191,11264304741849,658
11264304983988,11264304984636,648
11264305226968,11264305227608,640
11264305467383,11264305468025,642
11264305717707,11264305718366,659
11264305960873,11264305961530,657
11264306204278,11264306204913,635
11264306452291,11264306452910,619
11264306696498,11264306697128,630
11264306938190,11264306938776,586
11264307179019,11264307179691,672
11264307423669,11264307424272,603
11264307665464,11264307666096,632
11264307910464,11264307911097,633
11264308152116,11264308152720,604
11264308401406,11264308402357,951
11264308644077,11264308644750,673
11264308892932,11264308893542,610
11264309140452,11264309141147,695
11264309394171,11264309394841,670
11264309638662,11264309639291,629
11264309883284,11264309883957,673
11264310127429,11264310128074,645
11264310380740,11264310381384,644
11264310623222,11264310623850,628
11264310867906,11264310868512,606
11264311111405,11264311112035,630
11264311354646,11264311355299,653
11264311599211,11264311599859,648
11264311841157,11264311841782,625
11264312084487,11264312085098,611
11264312369723,11264312370299,576
11264312598926,11264312599505,579
11264312824214,11264312824817,603
11264313049355,11264313049932,577
11264313274073,11264313274648,575
11264313505185,11264313505764,579
11264313732380,11264313732954,574
11264313956297,11264313956877,580
11264314177619,11264314178188,569
11264314406036,11264314406617,581
11264314627347,11264314628222,875
11264314852950,11264314853507,557
11264315075620,11264315076175,555
11264315296964,11264315297550,586
11264315520485,11264315521059,574
11264315830877,11264315831465,588
11264316057605,11264316058178,573
11264316282516,11264316283084,568
11264316507495,11264316508076,581
11264316730263,11264316730891,628
11264316953357,11264316953931,574
11264317177691,11264317178264,573
11264317402456,11264317403054,598
11264317623084,11264317623675,591
11264317844026,11264317844626,600
11264318065401,11264318065978,577
11264318288740,11264318289305,565
11264318510112,11264318510679,567
11264318731661,11264318732200,539
11264319035961,11264319036517,556
11264319259999,11264319260575,576
11264319484357,11264319484917,560
11264319707895,11264319708511,616
11264319930876,11264319931441,565
11264320153088,11264320153646,558
11264320374620,11264320375200,580
11264320597913,11264320598466,553
11264320818743,11264320819291,548
11264321040170,11264321040731,561
11264321263431,11264321263978,547
11264321486444,11264321487016,572
11264321707923,11264321708484,561
11264321929835,11264321930387,552
11264322150551,11264322151135,584
11264322458929,11264322459506,577
11264322691163,11264322691726,563
11264322910730,11264322911527,797
11264323133206,11264323133795,589
11264323354319,11264323354894,575
11264323576081,11264323576611,530
11264323799486,11264323800041,555
11264324025073,11264324025642,569
11264324300710,11264324301322,612
11264324570708,11264324571288,580
11264324848468,11264324849106,638
11264325094103,11264325094724,621
11264325337761,11264325338416,655
11264325587841,11264325588483,642
11264325916747,11264325917719,972
11264326163609,11264326164234,625
11264326408000,11264326408633,633
11264326651744,11264326652346,602
11264326896042,11264326896672,630
11264327140975,11264327141588,613
11264327388493,11264327389134,641
11264327631837,11264327632470,633
11264327876369,11264327876982,613
11264328120816,11264328121445,629
11264328362991,11264328363593,602
11264328607940,11264328608567,627
11264328851134,11264328852146,1012
11264329148218,11264329148814,596
11264329452780,11264329453402,622
11264329756905,11264329757513,608
11264330062800,11264330063378,578
11264330372648,11264330373270,622
11264330674364,11264330674953,589
11264330975943,11264330976524,581
11264331260254,11264331260887,633
11264331511225,11264331511874,649
11264331754536,11264331755228,692
11264331996832,11264331997470,638
11264332251813,11264332252472,659
11264332592463,11264332593043,580
11264332873133,11264332873752,619
11264333119930,11264333120575,645
11264333373139,11264333373777,638
11264333616223,11264333616845,622
11264333862374,11264333862988,614
11264334106875,11264334107509,634
11264334358468,11264334359088,620
11264334599494,11264334600151,657
11264334841721,11264334842366,645
11264335087175,11264335087785,610
11264335328511,11264335329146,635
11264335581566,11264335582179,613
11264335826316,11264335826972,656
11264336070634,11264336071248,614
11264336319453,11264336320080,627
11264336564528,11264336565333,805
11264336810935,11264336811550,615
11264337056748,11264337057424,676
11264337301068,11264337301705,637
11264337547030,11264337547673,643
11264337791304,11264337791915,611
11264338033767,11264338034368,601
11264338275056,11264338275690,634
11264338521282,11264338521918,636
11264338766058,11264338766679,621
11264339019999,11264339020654,655
11264339263434,11264339264097,663
11264339507926,11264339508929,1003
11264339752547,11264339753214,667
11264339998950,11264339999593,643
11264340243317,11264340243990,673
11264340485906,11264340486559,653
11264340730466,11264340731117,651
11264340972270,11264340972925,655
11264341217988,11264341218667,679
11264341461493,11264341462111,618
11264341704513,11264341705151,638
11264341949499,11264341950146,647
11264342192731,11264342193343,612
11264342445362,11264342446325,963
11264342717410,11264342718050,640
11264342964775,11264342965411,636
11264343210674,11264343211309,635
11264343453410,11264343454089,679
11264343694740,11264343695359,619
11264343936307,11264343936952,645
11264344178157,11264344178787,630
11264344428796,11264344429430,634
11264344669400,11264344670046,646
11264344910517,11264344911193,676
11264345150973,11264345151654,681
11264345395415,11264345396072,657
11264345644887,11264345645565,678
11264345888981,11264345889639,658
11264346131408,11264346132038,630
11264346374871,11264346375514,643
11264346624135,11264346624744,609
11264346871219,11264346871870,651
11264347114949,11264347115588,639
11264347356749,11264347357388,639
11264347599537,11264347600439,902
11264347844039,11264347844670,631
11264348086903,11264348087564,661
11264348327605,11264348328261,656
11264348570349,11264348571024,675
11264348812683,11264348813325,642
11264349062710,11264349063383,673
11264349310167,11264349310818,651
11264349559782,11264349560434,652
11264349802982,11264349803619,637
11264350045966,11264350046568,602
11264350290314,11264350290949,635
11264350532891,11264350533833,942
11264350775995,11264350776671,676
11264351018465,11264351019144,679
11264351260877,11264351261508,631
11264351502344,11264351502981,637
11264351744554,11264351745164,610
11264351984877,11264351985506,629
11264352234111,11264352234734,623
11264352484682,11264352485323,641
11264352729658,11264352730285,627
11264352973580,11264352974228,648
11264353216355,11264353216999,644
11264353466076,11264353467067,991
11264353711422,11264353712083,661
11264353952983,11264353953655,672
11264354195109,11264354195746,637
11264354442593,11264354443215,622
11264354682314,11264354682972,658
11264354926782,11264354927401,619
11264355170002,11264355170652,650
11264355418980,11264355419592,612
11264355667418,11264355668051,633
11264355912785,11264355913450,665
11264356156086,11264356156762,676
11264356406375,11264356407028,653
11264356655834,11264356656514,680
11264356900470,11264356901133,663
11264357143213,11264357143834,621
11264357386457,11264357387110,653
11264357626622,11264357627263,641
11264357867980,11264357868617,637
11264358109108,11264358109765,657
11264358347994,11264358348626,632
11264358592099,11264358592761,662
11264358832949,11264358833563,614
11264359083252,11264359083903,651
11264359324668,11264359325322,654
11264359749023,11264359749664,641
11264359990344,11264359990989,645
11264360233074,11264360233735,661
11264360473184,11264360473817,633
11264360716859,11264360717525,666
11264360960358,11264360961003,645
11264361200159,11264361200809,650
11264361442784,11264361443432,648
11264361685748,11264361686364,616
11264361928483,11264361929104,621
11264362172518,11264362173143,625
11264362421898,11264362422521,623
11264362679962,11264362680697,735
11264362962738,11264362963427,689
11264363212453,11264363213359,906
11264363456396,11264363457022,626
11264363685085,11264363685733,648
11264363907075,11264363907670,595
11264364131336,11264364131934,598
11264364349935,11264364350496,561
11264364572838,11264364573354,516
11264364792005,11264364792601,596
11264365010631,11264365011181,550
11264365228583,11264365229137,554
11264365448994,11264365449519,525
11264365676657,11264365677254,597
11264365899971,11264365900561,590
11264366117144,11264366117716,572
11264366335581,11264366336088,507
11264366551338,11264366551926,588
11264366770738,11264366771283,545
11264366988547,11264366989101,554
11264367205206,11264367205770,564
11264367423135,11264367423715,580
11264367643238,11264367643785,547
11264367861805,11264367862319,514
11264368078666,11264368079216,550
11264368293976,11264368294536,560
11264368508406,11264368508967,561
11264368728498,11264368729042,544
11264368952707,11264368953245,538
11264369172203,11264369172973,770
11264369389703,11264369390247,544
11264369607589,11264369608186,597
11264369825446,11264369826007,561
11264370042897,11264370043460,563
11264370260153,11264370260728,575
11264370476544,11264370477105,561
11264370691749,11264370692402,653
11264370911116,11264370911647,531
11264371130211,11264371130732,521
11264371348537,11264371349036,499
11264371563469,11264371564006,537
11264371781488,11264371782016,528
11264371999269,11264371999858,589
11264372217597,11264372218201,604
11264372439491,11264372440114,623
11264372655970,11264372656562,592
11264372883498,11264372884069,571
11264373105831,11264373106349,518
11264373324711,11264373325274,563
11264373545692,11264373546239,547
11264373766221,11264373766768,547
11264373986564,11264373987111,547
11264374204346,11264374204896,550
11264374422644,11264374423175,531
11264374640534,11264374641115,581
11264374859262,11264374859820,558
11264375081457,11264375082326,869
11264375301770,11264375302372,602
11264375521835,11264375522426,591
11264375747355,11264375747897,542
11264375965561,11264375966149,588
11264376188324,11264376188878,554
11264376404658,11264376405207,549
11264376621277,11264376621823,546
11264376839183,11264376839721,538
11264377056006,11264377056560,554
11264377275171,11264377275724,553
11264377492340,11264377492867,527
11264377710455,11264377710979,524
11264377926876,11264377927399,523
11264378143379,11264378143934,555
11264378362304,11264378362910,606
11264378580958,11264378581451,493
11264378797793,11264378798306,513
11264379023618,11264379024194,576
11264379245858,11264379246429,571
11264379464124,11264379464649,525
11264379680977,11264379681546,569
11264379897793,11264379898357,564
11264380117478,11264380118043,565
11264380336878,11264380337427,549
11264380553463,11264380554003,540
11264380770436,11264380770983,547
11264380988665,11264380989395,730
11264381205636,11264381206151,515
11264381424814,11264381425348,534
11264381642566,11264381643078,512
11264381869692,11264381870260,568
11264382086739,11264382087301,562
11264382311642,11264382312187,545
11264382530597,11264382531149,552
11264382748300,11264382748837,537
11264382963976,11264382964511,535
11264383180249,11264383180803,554
11264383400291,11264383400863,572
11264383617382,11264383617921,539
11264383840808,11264383841371,563
11264384059505,11264384060075,570
11264384279572,11264384280118,546
11264384500614,11264384501163,549
11264384718996,11264384719588,592
11264384936916,11264384937484,568
11264385157428,11264385158007,579
11264385374900,11264385375477,577
11264385599405,11264385599942,537
11264385818731,11264385819270,539
11264386037196,11264386037739,543
11264386255789,11264386256314,525
11264386478603,11264386479117,514
11264386703238,11264386703791,553
11264386920801,11264386921572,771
11264387138988,11264387139521,533
11264387355896,11264387356437,541
11264387575478,11264387576019,541
11264387794689,11264387795234,545
11264388013394,11264388013912,518
11264388232833,11264388233373,540
11264388449524,11264388450085,561
11264388667611,11264388668158,547
11264388890920,11264388891466,546
11264389111402,11264389111990,588
11264389327371,11264389327947,576
11264389543578,11264389544143,565
11264389761725,11264389762272,547
11264389980974,11264389981565,591
11264390198708,11264390199231,523
11264390414178,11264390414762,584
11264390630349,11264390630897,548
11264390850597,11264390851135,538
11264391067235,11264391067766,531
11264391285139,11264391285687,548
11264391503532,11264391504093,561
11264391721242,11264391721772,530
11264391941473,11264391942012,539
11264392158180,11264392158708,528
11264392381452,11264392381961,509
11264392602429,11264392602950,521
11264392821430,11264392822232,802
11264393043722,11264393044250,528
11264393262642,11264393263187,545
11264393489037,11264393489598,561
11264393706737,11264393707483,746
11264393923728,11264393924263,535
11264394146340,11264394146877,537
11264394369948,11264394370482,534
11264394585707,11264394586232,525
11264394806463,11264394807050,587
11264395026369,11264395026942,573
11264395242665,11264395243232,567
11264395459298,11264395459875,577
11264395684023,11264395684582,559
11264395927671,11264395928331,660
11264396152584,11264396153115,531
11264396371748,11264396372268,520
11264396590295,11264396590884,589
11264396807681,11264396808236,555
11264397024747,11264397025274,527
11264397246306,11264397246855,549
11264397463033,11264397463559,526
11264397679776,11264397680310,534
11264397894202,11264397894705,503
11264398111967,11264398112472,505
11264398331256,11264398331784,528
11264398547003,11264398547514,511
11264398763677,11264398764459,782
11264398993673,11264398994228,555
11264399216014,11264399216569,555
11264399435030,11264399435597,567
11264399650828,11264399651402,574
11264399868724,11264399869273,549
11264400085108,11264400085643,535
11264400300471,11264400300967,496
11264400521173,11264400521707,534
11264400738165,11264400738688,523
11264400959959,11264400960506,547
11264401178261,11264401178803,542
11264401396007,11264401396506,499
11264401617489,11264401618070,581
11264401836744,11264401837321,577
11264402053193,11264402053728,535
11264402276624,11264402277181,557
11264402496169,11264402496695,526
11264402713135,11264402713697,562
11264402931173,11264402931703,530
11264403149540,11264403150076,536
11264403367020,11264403367563,543
11264403585818,11264403586335,517
11264403804884,11264403805405,521
11264404021695,11264404022245,550
11264404239744,11264404240253,509
11264404456813,11264404457345,532
11264404678995,11264404680067,1072
11264404896573,11264404897135,562
11264405113772,11264405114327,555
11264405332085,11264405332623,538
11264405554063,11264405554550,487
11264405777137,11264405777658,521
11264405995361,11264405995874,513
11264406220855,11264406221467,612
11264406441924,11264406442496,572
11264406663483,11264406664016,533
11264406879328,11264406879847,519
11264407098452,11264407099011,559
11264407315123,11264407315677,554
11264407533491,11264407534086,595
11264407748700,11264407749290,590
11264407969742,11264407970313,571
11264408187454,11264408188057,603
11264408405227,11264408405807,580
11264408625951,11264408626506,555
11264408846809,11264408847339,530
11264409070877,11264409071456,579
11264409289455,11264409290008,553
11264409507642,11264409508260,618
11264409725230,11264409725774,544
11264409945585,11264409946162,577
11264410163473,11264410164054,581
11264410381925,11264410382497,572
11264410599425,11264410600261,836
11264410818159,11264410818710,551
11264411036439,11264411037005,566
11264411255541,11264411256096,555
11264411474210,11264411474796,586
11264411692255,11264411692879,624
11264411910341,11264411910879,538
11264412133179,11264412133690,511
11264412356987,11264412357569,582
11264412574632,11264412575190,558
11264412793471,11264412794035,564
11264413013119,11264413013686,567
11264413231000,11264413231560,560
11264413445778,11264413446328,550
11264413692240,11264413692790,550
11264413913659,11264413914204,545
11264414132818,11264414133344,526
11264414349391,11264414349950,559
11264414566145,11264414566650,505
11264414782430,11264414782977,547
11264415001750,11264415002290,540
11264415218855,11264415219405,550
11264415437742,11264415438304,562
11264415658742,11264415659327,585
11264415876793,11264415877332,539
11264416096513,11264416097048,535
11264416312076,11264416312641,565
11264416529630,11264416530201,571
11264416746971,11264416747535,564
11264416965728,11264416966356,628
11264417184663,11264417185186,523
11264417402857,11264417403456,599
11264417618116,11264417618656,540
11264417835955,11264417836537,582
11264418052988,11264418053585,597
11264418269714,11264418270328,614
11264418486276,11264418486893,617
11264418702541,11264418703078,537
11264418926852,11264418927452,600
11264419145773,11264419146404,631
11264419362755,11264419363320,565
11264419580068,11264419580959,891
11264419797287,11264419797846,559
11264420010591,11264420011141,550
11264420230466,11264420231002,536
11264420448192,11264420448765,573
11264420666391,11264420667005,614
11264420883133,11264420883725,592
11264421100628,11264421101241,613
11264421321049,11264421321576,527
11264421537841,11264421538378,537
11264421756255,11264421756780,525
11264421972930,11264421973459,529
11264422192756,11264422193335,579
11264422416889,11264422417461,572
11264422634070,11264422634652,582
11264422851859,11264422852432,573
11264423068926,11264423069498,572
11264423285547,11264423286094,547
11264423504773,11264423505316,543
11264423721779,11264423722355,576
11264423940341,11264423940867,526
11264424155030,11264424155570,540
11264424373920,11264424374480,560
11264424590904,11264424591461,557
11264424806589,11264424807168,579
11264425023767,11264425024280,513
11264425241037,11264425241583,546
11264425460487,11264425461041,554
11264425682317,11264425682918,601
11264425900720,11264425901267,547
11264426118712,11264426119266,554
11264426336538,11264426337102,564
11264426553682,11264426554230,548
11264426771412,11264426771965,553
11264426989175,11264426989740,565
11264427208081,11264427208669,588
11264427424887,11264427425435,548
11264427646377,11264427646937,560
11264427865519,11264427866104,585
11264428081983,11264428082558,575
11264428300284,11264428300870,586
11264428598650,11264428599248,598
11264428830121,11264428830668,547
11264429053854,11264429054458,604
11264429273167,11264429273737,570
11264429490796,11264429491392,596
11264429709221,11264429709828,607
11264429928122,11264429928670,548
11264430147438,11264430148003,565
11264430377602,11264430378155,553
11264430597208,11264430597790,582
11264430816371,11264430816930,559
11264431033202,11264431033714,512
11264431250315,11264431250855,540
11264431472595,11264431473145,550
11264431691504,11264431692038,534
11264431909505,11264431910024,519
11264432129113,11264432129627,514
11264432352351,11264432352967,616
11264432572802,11264432573381,579
11264432789297,11264432789855,558
11264433010044,11264433010592,548
11264433224936,11264433225524,588
11264433442250,11264433442824,574
11264433660798,11264433661396,598
11264433877721,11264433878297,576
11264434095705,11264434096295,590
11264434311782,11264434312330,548
11264434529811,11264434530362,551
11264434744502,11264434745018,516
11264434961822,11264434962351,529
11264435180145,11264435180684,539
11264435396451,11264435396979,528
11264435617051,11264435617631,580
11264435836496,11264435837003,507
11264436055845,11264436056419,574
11264436274083,11264436274626,543
11264436489807,11264436490330,523
11264436707073,11264436707641,568
11264436924976,11264436925542,566
11264437143924,11264437144461,537
11264437360694,11264437361220,526
11264437578030,11264437578577,547
11264437796668,11264437797203,535
11264438011330,11264438011863,533
11264438233476,11264438234027,551
11264438450772,11264438451332,560
11264438671069,11264438671598,529
11264438889246,11264438889811,565
11264439109029,11264439109567,538
11264439328401,11264439328956,555
11264439545857,11264439546401,544
11264439764247,11264439764743,496
11264439981511,11264439982009,498
11264440199706,11264440200253,547
11264440423095,11264440423633,538
11264440643483,11264440644015,532
11264440865196,11264440865693,497
11264441087308,11264441087838,530
11264441304115,11264441304625,510
11264441524067,11264441524601,534
11264441740350,11264441740886,536
11264441960754,11264441961325,571
11264442175992,11264442176553,561
11264442404553,11264442405139,586
11264442629670,11264442630205,535
11264442849582,11264442850138,556
11264443067053,11264443067588,535
11264443284016,11264443284524,508
11264443503327,11264443503832,505
11264443725033,11264443725545,512
11264443946145,11264443946684,539
11264444165777,11264444166299,522
11264444388470,11264444389056,586
11264444606264,11264444606737,473
11264444827851,11264444828368,517
11264445045923,11264445046447,524
11264445269713,11264445270234,521
11264445494835,11264445495393,558
11264445734416,11264445734974,558
11264445955544,11264445956098,554
11264446174069,11264446174643,574
11264446396412,11264446396969,557
11264446611971,11264446612496,525
11264446831854,11264446832371,517
11264447048493,11264447049081,588
11264447264559,11264447265152,593
11264447481204,11264447481803,599
11264447700931,11264447701523,592
11264447914781,11264447915372,591
11264448132469,11264448133051,582
11264448348419,11264448349021,602
11264448565790,11264448566359,569
11264448781579,11264448782165,586
11264449005733,11264449006335,602
11264449226650,11264449227255,605
11264449451962,11264449452554,592
11264449672217,11264449672783,566
11264449891083,11264449891701,618
11264450110816,11264450111393,577
11264450335882,11264450336495,613
11264450551494,11264450552063,569
11264450767280,11264450767866,586
11264450988193,11264450988812,619
11264451203473,11264451204128,655
11264451422051,11264451422632,581
11264451638138,11264451638718,580
11264451855441,11264451856003,562
11264452075310,11264452075895,585
11264452295444,11264452296039,595
11264452514991,11264452515539,548
11264452731011,11264452731575,564
11264452947348,11264452947916,568
11264453166117,11264453166702,585
11264453382889,11264453383464,575
11264453598496,11264453599064,568
11264453815090,11264453815676,586
11264454030605,11264454031268,663
11264454249672,11264454250243,571
11264454464749,11264454465370,621
11264454688115,11264454688709,594
11264454906211,11264454906779,568
11264455125110,11264455125671,561
11264455341526,11264455342107,581
11264455561606,11264455562205,599
11264455780646,11264455781198,552
11264455997527,11264455998072,545
11264456216313,11264456216869,556
11264456432797,11264456433396,599
11264456648633,11264456649216,583
11264456865125,11264456865698,573
11264457080751,11264457081344,593
11264457298439,11264457298981,542
11264457515671,11264457516253,582
11264457730475,11264457731043,568
11264457947876,11264457948439,563
11264458165141,11264458165737,596
11264458382802,11264458383342,540
11264458599109,11264458599626,517
11264458813561,11264458814078,517
11264459037622,11264459038166,544
11264459256403,11264459256954,551
11264459474962,11264459475540,578
11264459692692,11264459693279,587
11264459909448,11264459910055,607
11264460124326,11264460124907,581
11264460342567,11264460343162,595
11264460685215,11264460685828,613
11264460913076,11264460913717,641
11264461131163,11264461131788,625
11264461348182,11264461348768,586
11264461568325,11264461568902,577
11264461786656,11264461787202,546
11264462003992,11264462004541,549
11264462227068,11264462227673,605
11264462446208,11264462446792,584
11264462664550,11264462665125,575
11264462880164,11264462880722,558
11264463098384,11264463098941,557
11264463314274,11264463314813,539
11264463531437,11264463531974,537
11264463747895,11264463748422,527
11264463965241,11264463965848,607
11264464181537,11264464182099,562
11264464399392,11264464399927,535
11264464614033,11264464614598,565
11264464833286,11264464833804,518
11264465048979,11264465049582,603
11264465265470,11264465266060,590
11264465481876,11264465482452,576
11264465707736,11264465708290,554
11264465928451,11264465928990,539
11264466145304,11264466145867,563
11264466364960,11264466365542,582
11264466587568,11264466588096,528
11264466807332,11264466807906,574
11264467026624,11264467027182,558
11264467319352,11264467319998,646
11264467567537,11264467568096,559
11264467820877,11264467821588,711
11264468057821,11264468058393,572
11264468290809,11264468291405,596
11264468520221,11264468520830,609
11264468754771,11264468755305,534
11264469004322,11264469004902,580
11264469247163,11264469247763,600
11264469492843,11264469493388,545
11264469724262,11264469724801,539
11264469973341,11264469973846,505
11264470228942,11264470229572,630
11264470559377,11264470560012,635
11264470847784,11264470848425,641
11264471218953,11264471220002,1049
11264471580438,11264471581491,1053
11264471941172,11264471942344,1172
11264472319617,11264472320594,977
11264472641886,11264472642480,594
11264472935147,11264472935889,742
11264473232143,11264473233027,884
11264473541692,11264473542560,868
11264473861107,11264473862036,929
11264474146620,11264474147363,743
11264474421396,11264474422011,615
11264474661578,11264474662161,583
11264474893486,11264474894071,585
11264475118652,11264475119228,576
11264475363277,11264475363855,578
11264475675852,11264475676525,673
11264475926981,11264475927577,596
11264476188818,11264476189502,684
11264476433350,11264476433998,648
11264476668306,11264476668910,604
11264476899483,11264476900075,592
11264477133405,11264477134006,601
11264477369361,11264477369980,619
11264477604121,11264477604697,576
11264477837618,11264477838249,631
11264478067051,11264478067668,617
11264478300388,11264478301030,642
11264478542634,11264478543253,619
11264478778772,11264478779377,605
11264479020596,11264479021205,609
11264479265959,11264479289924,23965
11264479556588,11264479557227,639
11264479881625,11264479882269,644
11264480131077,11264480131661,584
11264480367042,11264480367630,588
11264480600416,11264480601034,618
11264480831745,11264480832300,555
11264481065763,11264481066368,605
11264481296614,11264481297234,620
11264481562582,11264481563164,582
11264481799746,11264481800488,742
11264482035620,11264482036193,573
11264482272673,11264482273262,589
11264482601919,11264482602521,602
11264482831305,11264482831889,584
11264483062574,11264483063164,590
11264483288766,11264483289361,595
11264483515871,11264483516436,565
11264483740359,11264483740999,640
11264483967833,11264483968405,572
11264484196483,11264484197062,579
11264484427965,11264484428555,590
11264484655220,11264484655741,521
11264484882940,11264484883525,585
11264485115539,11264485116119,580
11264485365898,11264485366464,566
11264485617171,11264485617786,615
11264485864982,11264485865522,540
11264486127726,11264486128390,664
11264486405996,11264486406841,845
11264486679668,11264486680432,764
11264486973308,11264486973874,566
11264487245057,11264487245642,585
11264487510326,11264487511033,707
11264487832195,11264487832874,679
11264488114648,11264488115206,558
11264488389886,11264488390452,566
11264488657053,11264488657720,667
11264488939394,11264488940027,633
11264489218304,11264489218902,598
11264489480641,11264489481255,614
11264489727067,11264489727700,633
11264489978972,11264489979576,604
11264490231807,11264490232432,625
11264490488586,11264490489253,667
11264490729327,11264490729944,617
11264490966519,11264490967097,578
11264491197684,11264491198250,566
11264491448400,11264491449029,629
11264491691896,11264491692538,642
11264491944053,11264491944639,586
11264492183265,11264492183797,532
11264492434505,11264492435104,599
11264492668622,11264492669253,631
11264492905882,11264492906494,612
11264493141424,11264493142025,601
11264493376149,11264493376793,644
11264493606902,11264493607479,577
11264493838609,11264493839220,611
11264494070579,11264494071200,621
11264494302980,11264494303583,603
11264494535362,11264494535907,545
11264494767118,11264494767691,573
11264494998696,11264494999263,567
11264495228469,11264495229068,599
11264495492990,11264495493600,610
11264495757414,11264495758048,634
11264496020258,11264496020941,683
11264496276207,11264496276838,631
11264496525104,11264496525744,640
11264496772713,11264496773353,640
11264497021550,11264497022177,627
11264497268598,11264497269232,634
11264497520136,11264497520774,638
11264497767130,11264497767733,603
11264498065753,11264498066395,642
11264498374342,11264498375004,662
11264498650583,11264498651233,650
11264498926783,11264498927485,702
11264499188846,11264499189489,643
11264499437972,11264499438637,665
11264499684343,11264499684979,636
11264499938262,11264499938889,627
11264500189424,11264500190104,680
11264500458471,11264500459112,641
11264500700817,11264500701460,643
11264500946247,11264500946850,603
11264501189029,11264501189679,650
11264501436332,11264501436967,635
11264501678691,11264501679322,631
11264501922666,11264501923294,628
11264502168644,11264502169287,643
11264502579794,11264502580419,625
11264502824489,11264502825110,621
11264503066507,11264503067136,629
11264503310513,11264503311120,607
11264503550579,11264503551229,650
11264503796161,11264503796734,573
11264504038585,11264504039214,629
11264504281272,11264504281901,629
11264504529053,11264504529683,630
11264504770880,11264504771518,638
11264505015826,11264505016491,665
11264505257213,11264505257820,607
11264505506348,11264505506977,629
11264505802575,11264505803184,609
11264506090098,11264506090749,651
11264506332004,11264506332599,595
11264506551650,11264506552208,558
11264506769046,11264506769616,570
11264506988249,11264506988832,583
11264507203864,11264507204412,548
11264507426326,11264507426878,552
11264507643048,11264507643624,576
11264507862030,11264507862618,588
11264508078383,11264508078952,569
11264508298537,11264508299059,522
11264508516290,11264508516826,536
11264508733312,11264508733871,559
11264508972067,11264508972623,556
11264509196521,11264509197088,567
11264509419890,11264509420471,581
11264509638338,11264509638945,607
11264509858246,11264509858806,560
11264510074824,11264510075362,538
11264510306648,11264510307235,587
11264510524210,11264510524791,581
11264510743547,11264510744143,596
11264510960488,11264510961044,556
11264511178214,11264511178823,609
11264511413739,11264511414360,621
11264511646579,11264511647144,565
11264511906487,11264511907125,638
11264512151834,11264512152484,650
11264512410057,11264512410718,661
11264512655353,11264512656013,660
11264512899913,11264512900556,643
11264513144636,11264513145241,605
11264513409572,11264513410185,613
11264513652056,11264513652684,628
11264513899161,11264513899817,656
11264514141671,11264514142259,588
11264514384215,11264514384841,626
11264514637127,11264514637782,655
11264514879613,11264514880255,642
11264515123575,11264515124235,660
11264515366934,11264515367573,639
11264515622784,11264515623431,647
11264515869999,11264515870654,655
11264516113380,11264516114017,637
11264516359733,11264516360359,626
11264516604595,11264516605211,616
11264516846635,11264516847250,615
11264517088882,11264517089486,604
11264517331974,11264517332599,625
11264517583613,11264517584260,647
11264517826783,11264517827387,604
11264518070098,11264518070748,650
11264518314001,11264518314608,607
11264518606558,11264518607423,865
11264518904993,11264518905677,684
11264519171472,11264519172176,704
11264519430479,11264519431158,679
11264519682067,11264519682768,701
11264519926495,11264519927124,629
11264520172448,11264520173085,637
11264520418286,11264520418926,640
11264520660887,11264520661505,618
11264520905614,11264520906241,627
11264521151234,11264521151911,677
11264521398487,11264521399094,607
11264521641787,11264521642406,619
11264521885045,11264521885730,685
11264522129382,11264522130011,629
11264522386580,11264522387238,658
11264522638931,11264522639558,627
11264522885451,11264522886075,624
11264523130747,11264523131404,657
11264523375816,11264523376471,655
11264523622977,11264523623605,628
11264523868267,11264523868915,648
11264524111596,11264524112272,676
11264524354117,11264524354757,640
11264524598008,11264524598608,600
11264524843588,11264524844252,664
11264525087900,11264525088500,600
11264525336821,11264525337420,599
11264525590245,11264525590874,629
11264525838688,11264525839302,614
11264526092895,11264526093473,578
11264526338109,11264526338741,632
11264526589170,11264526589817,647
11264526832709,11264526833340,631
11264527076745,11264527077400,655
11264527321293,11264527321906,613
11264527564371,11264527564975,604
11264527809137,11264527809760,623
11264528053843,11264528054458,615
11264528299233,11264528299870,637
11264528544260,11264528544871,611
11264528788469,11264528789044,575
11264529039536,11264529040167,631
11264529285286,11264529285869,583
11264529533163,11264529533775,612
11264529778792,11264529779379,587
11264530024021,11264530024641,620
11264530270262,11264530270897,635
11264530514119,11264530514731,612
11264530758163,11264530758777,614
11264531002126,11264531002723,597
11264531245131,11264531245736,605
11264531488773,11264531489375,602
11264531733071,11264531733673,602
11264531976387,11264531976990,603
11264532228711,11264532229350,639
11264532482526,11264532483184,658
11264532727145,11264532727747,602
11264532971440,11264532972077,637
11264533217078,11264533217706,628
11264533459743,11264533460356,613
11264533703190,11264533703792,602
11264533945634,11264533946259,625
11264534187654,11264534188273,619
11264534440260,11264534440880,620
11264534682056,11264534682677,621
11264534926579,11264534927190,611
11264535171097,11264535171704,607
11264535415960,11264535416570,610
11264535667398,11264535667993,595
11264535914356,11264535914990,634
11264536170737,11264536171380,643
11264536416643,11264536417262,619
11264536663526,11264536664125,599
11264536908204,11264536908827,623
11264537151364,11264537151980,616
11264537399962,11264537400564,602
11264537641240,11264537641838,598
11264537886439,11264537887097,658
11264538128186,11264538128800,614
11264538375946,11264538376560,614
11264538618436,11264538619050,614
11264538859689,11264538860287,598
11264539113890,11264539114527,637
11264539357253,11264539357878,625
11264539601121,11264539601863,742
11264539846989,11264539847621,632
11264540091773,11264540092428,655
11264540338170,11264540338850,680
11264540588870,11264540589467,597
11264540831482,11264540832084,602
11264541074161,11264541074785,624
11264541326414,11264541327008,594
11264541568323,11264541568953,630
11264541811113,11264541811723,610
11264542053521,11264542054136,615
11264542307723,11264542308370,647
11264542555263,11264542555915,652
11264542800910,11264542801563,653
11264543042458,11264543043101,643
11264543286843,11264543287480,637
11264543530616,11264543531259,643
11264543776237,11264543776874,637
11264544018972,11264544019590,618
11264544262488,11264544263099,611
11264544504894,11264544505542,648
11264544749421,11264544750046,625
11264544992760,11264544993376,616
11264545237239,11264545237832,593
11264545487141,11264545487749,608
11264545734806,11264545735447,641
11264545980580,11264545981173,593
11264546226266,11264546226842,576
11264546476382,11264546477029,647
11264546718739,11264546719378,639
11264546962650,11264546963290,640
11264547209679,11264547210261,582
11264547456065,11264547456679,614
11264547712360,11264547713021,661
11264547944738,11264547945324,586
11264548177810,11264548178461,651
11264548399990,11264548400580,590
11264548620193,11264548620775,582
11264548841143,11264548841713,570
11264549100537,11264549101132,595
11264549335207,11264549335834,627
11264549568656,11264549569248,592
11264549798957,11264549799527,570
11264550020310,11264550020917,607
11264550240721,11264550241336,615
11264550462797,11264550463425,628
11264550684419,11264550685036,617
11264550905234,11264550905810,576
11264551125426,11264551126062,636
11264551345992,11264551346622,630
11264551566858,11264551567445,587
11264551789787,11264551790382,595
11264552011121,11264552011706,585
11264552235319,11264552235899,580
11264552455436,11264552456042,606
11264552673218,11264552673827,609
11264552895669,11264552896293,624
11264553112696,11264553113324,628
11264553332379,11264553332966,587
11264553550024,11264553550604,580
11264553771519,11264553772095,576
11264553990506,11264553991142,636
11264554234162,11264554234750,588
11264554452115,11264554452671,556
11264554672780,11264554673364,584
11264554889243,11264554890299,1056
11264555105770,11264555106339,569
11264555323230,11264555323814,584
11264555539238,11264555539833,595
11264555764263,11264555764843,580
11264555979858,11264555980690,832
11264556197548,11264556198120,572
11264556414105,11264556414673,568
11264556634565,11264556635127,562
11264556851096,11264556851651,555
11264557070068,11264557070940,872
11264557285732,11264557286346,614
11264557499885,11264557500456,571
11264557716259,11264557716843,584
11264557936204,11264557936779,575
11264558152188,11264558152998,810
11264558373248,11264558373846,598
11264558590115,11264558590681,566
11264558804421,11264558805019,598
11264559028390,11264559028973,583
11264559243600,11264559244324,724
11264559462030,11264559462644,614
11264559677826,11264559678397,571
11264559896425,11264559897016,591
11264560112109,11264560112698,589
11264560328346,11264560329107,761
11264560544327,11264560544904,577
11264560760075,11264560760657,582
11264560975713,11264560976336,623
11264561191168,11264561191774,606
11264561407262,11264561408068,806
11264561621460,11264561622031,571
11264561849005,11264561849626,621
11264562068626,11264562069239,613
11264562290130,11264562290719,589
11264562505768,11264562506604,836
11264562723054,11264562723642,588
11264562940203,11264562940810,607
11264563159601,11264563160221,620
11264563374899,11264563375501,602
11264563591126,11264563592018,892
11264563808768,11264563809384,616
11264564027697,11264564028286,589
11264564246069,11264564246664,595
11264564460509,11264564461059,550
11264564679074,11264564679922,848
11264564894300,11264564894906,606
11264565112731,11264565113292,561
11264565330844,11264565331422,578
11264565554339,11264565554961,622
11264565771378,11264565772329,951
11264565988594,11264565989166,572
11264566205988,11264566206577,589
11264566424095,11264566424690,595
11264566638237,11264566638770,533
11264566854619,11264566855191,572
11264567071985,11264567072572,587
11264567288624,11264567289215,591
11264567506429,11264567507050,621
11264567722405,11264567722960,555
11264567939209,11264567939775,566
11264568154803,11264568155384,581
11264568373750,11264568374324,574
11264568587869,11264568588480,611
11264568803884,11264568804431,547
11264569023426,11264569023992,566
11264569245188,11264569245768,580
11264569463322,11264569463913,591
11264569680966,11264569681585,619
11264569896078,11264569896647,569
11264570112917,11264570113582,665
11264570330339,11264570330938,599
11264570552854,11264570553440,586
11264570767286,11264570768126,840
11264570983707,11264570984265,558
11264571217944,11264571218535,591
11264571436256,11264571436875,619
11264571652640,11264571653247,607
11264571868567,11264571869498,931
11264572085290,11264572085867,577
11264572305044,11264572305653,609
11264572524890,11264572525431,541
11264572741002,11264572741595,593
11264572957901,11264572958508,607
11264573174037,11264573174626,589
11264573388075,11264573388613,538
11264573609703,11264573610288,585
11264573825613,11264573826172,559
11264574040927,11264574041500,573
11264574256294,11264574256843,549
11264574471122,11264574471699,577
11264574687572,11264574688083,511
11264574906390,11264574906936,546
11264575121679,11264575122233,554
11264575337818,11264575338370,552
11264575635394,11264575635964,570
11264575857256,11264575857763,507
11264576076094,11264576076641,547
11264576293585,11264576294138,553
11264576513399,11264576514004,605
11264576732489,11264576733073,584
11264576954164,11264576954941,777
11264577174987,11264577175539,552
11264577398766,11264577399376,610
11264577615335,11264577615913,578
11264577834930,11264577835495,565
11264578051479,11264578052336,857
11264578278382,11264578278911,529
11264578495774,11264578496375,601
11264578716093,11264578716662,569
11264578937135,11264578937772,637
11264579156107,11264579156687,580
11264579379635,11264579380259,624
11264579595730,11264579596329,599
11264579814085,11264579814622,537
11264580031579,11264580032150,571
11264580250477,11264580251032,555
11264580465241,11264580465772,531
11264580680742,11264580681308,566
11264580896039,11264580896597,558
11264581113321,11264581113875,554
11264581328089,11264581328658,569
11264581551443,11264581552025,582
11264581768435,11264581769028,593
11264581986510,11264581987079,569
11264582205368,11264582205927,559
11264582429973,11264582430534,561
11264582649291,11264582649852,561
11264582865528,11264582866069,541
11264583083567,11264583084359,792
11264583300030,11264583300570,540
11264583518005,11264583518614,609
11264583735056,11264583735626,570
11264583950550,11264583951126,576
11264584169448,11264584170235,787
11264584393184,11264584393823,639
11264584606048,11264584606627,579
11264584824431,11264584825037,606
11264585043650,11264585044217,567
11264585268486,11264585269093,607
11264585483210,11264585483789,579
11264585709020,11264585709596,576
11264585929751,11264585930334,583
11264586157492,11264586158074,582
11264586377208,11264586377765,557
11264586594829,11264586595428,599
11264586813704,11264586814319,615
11264587031959,11264587032561,602
11264587249595,11264587250209,614
11264587468079,11264587468660,581
11264587685034,11264587685596,562
11264587902237,11264587902807,570
11264588121126,11264588121665,539
11264588339580,11264588340125,545
11264588558486,11264588559068,582
11264588774716,11264588775282,566
11264588998667,11264588999250,583
11264589219872,11264589220760,888
11264589437729,11264589438299,570
11264589655274,11264589655805,531
11264589873048,11264589873613,565
11264590089217,11264590089770,553
11264590304168,11264590304976,808
11264590523868,11264590524388,520
11264590740810,11264590741349,539
11264590958189,11264590958746,557
11264591182584,11264591183139,555
11264591408473,11264591409055,582
11264591628679,11264591629248,569
11264591846787,11264591847341,554
11264592063026,11264592063611,585
11264592284615,11264592285178,563
11264592508971,11264592509533,562
11264592727652,11264592728225,573
11264592943876,11264592944433,557
11264593161082,11264593161602,520
11264593378456,11264593378999,543
11264593594937,11264593595486,549
11264593814410,11264593814974,564
11264594030609,11264594031169,560
11264594247944,11264594248518,574
11264594464644,11264594465217,573
11264594681363,11264594681922,559
11264594899214,11264594899745,531
11264595116471,11264595116981,510
11264595334249,11264595334998,749
11264595555845,11264595556417,572
11264595777756,11264595778304,548
11264595996590,11264595997136,546
11264596231053,11264596231646,593
11264596453666,11264596454577,911
11264596675348,11264596675971,623
11264596896050,11264596896640,590
11264597114112,11264597114721,609
11264597333336,11264597333953,617
11264597549747,11264597550324,577
11264597768340,11264597768929,589
11264597989132,11264597989751,619
11264598207695,11264598208292,597
11264598432714,11264598433276,562
11264598651165,11264598651742,577
11264598867003,11264598867542,539
11264599091888,11264599092456,568
11264599317145,11264599317759,614
11264599533847,11264599534457,610
11264599750940,11264599751522,582
11264599968544,11264599969107,563
11264600187322,11264600187902,580
11264600410753,11264600411305,552
11264600627937,11264600628550,613
11264600844472,11264600845100,628
11264601064144,11264601064714,570
11264601281300,11264601281863,563
11264601497745,11264601498762,1017
11264601714764,11264601715359,595
11264601930476,11264601931055,579
11264602153930,11264602154508,578
11264602376772,11264602377385,613
11264602601660,11264602602540,880
11264602820899,11264602821455,556
11264603038728,11264603039293,565
11264603259256,11264603265990,6734
11264603484996,11264603485588,592
11264603701214,11264603701786,572
11264603917036,11264603917642,606
11264604134739,11264604135289,550
11264604354647,11264604355248,601
11264604570281,11264604570838,557
11264604788749,11264604789309,560
11264605004885,11264605005467,582
11264605219537,11264605220086,549
11264605439245,11264605439774,529
11264605660914,11264605661456,542
11264605877751,11264605878295,544
11264606093147,11264606093693,546
11264606311931,11264606312483,552
11264606529070,11264606529628,558
11264606745092,11264606745624,532
11264606958823,11264606959379,556
11264607176353,11264607176920,567
11264607394759,11264607395314,555
11264607611592,11264607612375,783
11264607827316,11264607827860,544
11264608044396,11264608044952,556
11264608266983,11264608267579,596
11264608486461,11264608487001,540
11264608702027,11264608702808,781
11264608926218,11264608926805,587
11264609143091,11264609143676,585
11264609360844,11264609361411,567
11264609580871,11264609581400,529
11264609797534,11264609798099,565
11264610016094,11264610016593,499
11264610238666,11264610239233,567
11264610458661,11264610459275,614
11264610678449,11264610679024,575
11264610895295,11264610895860,565
11264611111216,11264611111797,581
11264611328289,11264611328875,586
11264611545559,11264611546130,571
11264611764917,11264611765488,571
11264611982137,11264611982724,587
11264612202344,11264612202954,610
11264612426214,11264612426785,571
11264612645992,11264612646513,521
11264612863515,11264612864028,513
11264613082208,11264613082783,575
11264613301160,11264613301730,570
11264613516239,11264613516756,517
11264613735045,11264613735751,706
11264613950344,11264613950895,551
11264614166566,11264614167180,614
11264614385033,11264614385609,576
11264614602912,11264614603494,582
11264614822414,11264614823182,768
11264615040405,11264615040995,590
11264615257887,11264615258482,595
11264615477303,11264615477844,541
11264615702469,11264615703050,581
11264615922726,11264615923315,589
11264616142635,11264616143190,555
11264616358574,11264616359145,571
11264616576697,11264616577250,553
11264616793111,11264616793632,521
11264617012575,11264617013181,606
11264617261666,11264617262258,592
11264617478028,11264617478590,562
11264617695370,11264617695924,554
11264617911740,11264617912332,592
11264618126612,11264618127151,539
11264618348782,11264618349316,534
11264618564352,11264618564933,581
11264618780332,11264618780883,551
11264619000643,11264619001239,596
11264619216203,11264619216750,547
11264619432079,11264619432585,506
11264619648455,11264619649007,552
11264619866915,11264619867429,514
11264620081586,11264620082114,528
11264620298052,11264620298578,526
11264620512981,11264620513545,564
11264620726923,11264620727437,514
11264620942392,11264620942945,553
11264621157170,11264621157687,517
11264621372221,11264621372857,636
11264621586018,11264621586580,562
11264621799539,11264621800092,553
11264622016329,11264622016891,562
11264622236345,11264622236906,561
11264622451471,11264622452326,855
11264622667580,11264622668120,540
11264622881924,11264622882507,583
11264623098848,11264623099403,555
11264623313693,11264623314293,600
11264623529558,11264623530105,547
11264623744005,11264623744607,602
11264623963008,11264623963602,594
11264624177918,11264624178487,569
11264624394290,11264624394866,576
11264624609178,11264624609766,588
11264624822375,11264624822934,559
11264625040605,11264625041170,565
11264625256174,11264625256720,546
11264625472960,11264625473519,559
11264625693394,11264625693971,577
11264625913044,11264625913612,568
11264626133263,11264626133888,625
11264626355798,11264626356408,610
11264626573657,11264626574250,593
11264626792945,11264626793524,579
11264627011971,11264627012598,627
11264627232774,11264627233363,589
11264627453316,11264627454137,821
11264627671867,11264627672459,592
11264627890825,11264627891398,573
11264628106753,11264628107359,606
11264628326318,11264628326902,584
11264628544202,11264628545094,892
11264628763787,11264628764369,582
11264628985198,11264628985783,585
11264629210519,11264629211088,569
11264629428278,11264629428810,532
11264629647557,11264629648138,581
11264629864453,11264629865046,593
11264630083399,11264630083980,581
11264630307612,11264630308167,555
11264630524918,11264630525468,550
11264630745070,11264630745668,598
11264630963131,11264630963724,593
11264631181443,11264631181979,536
11264631400548,11264631401056,508
11264631619959,11264631620510,551
11264631839516,11264631840066,550
11264632057476,11264632058050,574
11264632282026,11264632282591,565
11264632510723,11264632511370,647
11264632728141,11264632728708,567
11264632944650,11264632945223,573
11264633160609,11264633161189,580
11264633377974,11264633378531,557
11264633595856,11264633596659,803
11264633811409,11264633811998,589
11264634028046,11264634028611,565
11264634243791,11264634244406,615
11264634477483,11264634478037,554
11264634694307,11264634695117,810
11264634913822,11264634914368,546
11264635130198,11264635130760,562
11264635345655,11264635346231,576
11264635565470,11264635566043,573
11264635783125,11264635783703,578
11264636000441,11264636001040,599
11264636216973,11264636217516,543
11264636431733,11264636432296,563
11264636649146,11264636649694,548
11264636866762,11264636867313,551
11264637081034,11264637081608,574
11264637299248,11264637299859,611
11264637517892,11264637518462,570
11264637735463,11264637736057,594
11264637950197,11264637950791,594
11264638169409,11264638170017,608
11264638387150,11264638387775,625
11264638606315,11264638606863,548
11264638827370,11264638827965,595
11264639053811,11264639054357,546
11264639274834,11264639275431,597
11264639493089,11264639493667,578
11264639710596,11264639711420,824
11264639932207,11264639932777,570
11264640154196,11264640154742,546
11264640371883,11264640372458,575
11264640589571,11264640590139,568
11264640811459,11264640812325,866
11264641030636,11264641031179,543
11264641248373,11264641248940,567
11264641468247,11264641468815,568
11264641686660,11264641687235,575
11264641910739,11264641911322,583
11264642128811,11264642129379,568
11264642354149,11264642354742,593
11264642574126,11264642574691,565
11264642792823,11264642793414,591
11264643013583,11264643014173,590
11264643233746,11264643234336,590
11264643459319,11264643459914,595
11264643673910,11264643674455,545
11264643889549,11264643890135,586
11264644194780,11264644195360,580
11264644421172,11264644421757,585
11264644635089,11264644635670,581
11264644853770,11264644854362,592
11264645068258,11264645068809,551
11264645286109,11264645286682,573
11264645502514,11264645503144,630
11264645722562,11264645723121,559
11264645942745,11264645943639,894
11264646161377,11264646161984,607
11264646377680,11264646378264,584
11264646593117,11264646593650,533
11264646809131,11264646809708,577
11264647023441,11264647024032,591
11264647242148,11264647242741,593
11264647457575,11264647458145,570
11264647674824,11264647675378,554
11264647890192,11264647890728,536
11264648105615,11264648106166,551
11264648321728,11264648322288,560
11264648538720,11264648539285,565
11264648754207,11264648754780,573
11264648976375,11264648976941,566
11264649195654,11264649196189,535
11264649417143,11264649417711,568
11264649637044,11264649637596,552
11264649855115,11264649856030,915
11264650075671,11264650076220,549
11264650300119,11264650300660,541
11264650518999,11264650519550,551
11264650735249,11264650735808,559
11264650951418,11264650951977,559
11264651165949,11264651166500,551
11264651388472,11264651388995,523
11264651606421,11264651606943,522
11264651820786,11264651821314,528
11264652036494,11264652037013,519
11264652256178,11264652256697,519
11264652472701,11264652473288,587
11264652690771,11264652691517,746
11264652907654,11264652908212,558
11264653123482,11264653124026,544
11264653340034,11264653340616,582
11264653555792,11264653556361,569
11264653772190,11264653772743,553
11264653988307,11264653988870,563
11264654206773,11264654207321,548
11264654430321,11264654430873,552
11264654655661,11264654656252,591
11264654876880,11264654877442,562
11264655098680,11264655099246,566
11264655315387,11264655315971,584
11264655532001,11264655532760,759
11264655756949,11264655757512,563
11264655974699,11264655975268,569
11264656190620,11264656191152,532
11264656407873,11264656408413,540
11264656628055,11264656628607,552
11264656850116,11264656850643,527
11264657069623,11264657070209,586
11264657289862,11264657290404,542
11264657516328,11264657516893,565
11264657731850,11264657732420,570
11264657949442,11264657950009,567
11264658166300,11264658166863,563
11264658389427,11264658390007,580
11264658605615,11264658606184,569
11264658830000,11264658830580,580
11264659070659,11264659071252,593
11264659290618,11264659291217,599
11264659510510,11264659511080,570
11264659730041,11264659730637,596
11264659950388,11264659950961,573
11264660167114,11264660167721,607
11264660384899,11264660385473,574
11264660603890,11264660604445,555
11264660822955,11264660823503,548
11264661041865,11264661042376,511
11264661258844,11264661259325,481
11264661482373,11264661482917,544
11264661699851,11264661700372,521
11264661916455,11264661917022,567
11264662134102,11264662134649,547
11264662358901,11264662359904,1003
11264662583178,11264662583756,578
11264662800133,11264662800693,560
11264663016973,11264663017588,615
11264663236824,11264663237432,608
11264663452556,11264663453122,566
11264663669892,11264663670475,583
11264663888263,11264663888849,586
11264664105428,11264664105992,564
11264664323826,11264664324376,550
11264664546446,11264664547021,575
11264664763594,11264664764186,592
11264664980708,11264664981253,545
11264665199897,11264665200639,742
11264665421922,11264665422499,577
11264665644534,11264665645113,579
11264665862789,11264665863371,582
11264666077959,11264666078524,565
11264666295484,11264666296072,588
11264666515145,11264666515689,544
11264666731515,11264666732099,584
11264666948050,11264666948601,551
11264667166627,11264667167211,584
11264667384586,11264667385185,599
11264667600818,11264667601427,609
11264667821683,11264667822306,623
11264668040627,11264668041471,844
11264668255196,11264668255764,568
11264668480007,11264668480587,580
11264668697271,11264668697844,573
11264668918591,11264668919199,608
11264669135782,11264669136330,548
11264669359568,11264669360177,609
11264669579276,11264669579838,562
11264669802157,11264669802746,589
11264670128620,11264670129287,667
11264670378074,11264670378669,595
11264670606433,11264670607014,581
11264670827553,11264670828121,568
11264671047100,11264671047683,583
11264671312507,11264671313183,676
11264671552107,11264671552760,653
11264671779710,11264671780301,591
11264672001867,11264672002427,560
11264672236755,11264672237562,807
11264672565954,11264672566585,631
11264672814075,11264672814733,658
11264673044949,11264673045581,632
11264673270062,11264673270693,631
11264673521296,11264673521899,603
11264673750831,11264673751439,608
11264673982653,11264673983247,594
11264674218308,11264674218874,566
11264674472122,11264674472698,576
11264674894982,11264674895866,884
11264675412164,11264675413714,1550
11264675886653,11264675887707,1054
11264676227704,11264676228988,1284
11264676563489,11264676564380,891
11264676923897,11264676924876,979
11264677283265,11264677284597,1332
11264677616814,11264677617763,949
11264677926904,11264677927766,862
11264678216095,11264678216891,796
11264678503026,11264678503714,688
11264678757743,11264678758436,693
11264679039758,11264679040438,680
11264679318968,11264679319656,688
11264679586905,11264679587590,685
11264679842976,11264679843671,695
11264680097360,11264680098504,1144
11264680355097,11264680355767,670
11264680672282,11264680673037,755
11264680967651,11264680968366,715
11264681239393,11264681240075,682
11264681509717,11264681510376,659
11264681850824,11264681851706,882
11264682245239,11264682245914,675
11264682750264,11264682752197,1933
11264683250659,11264683252246,1587
11264683639116,11264683640468,1352
11264683891568,11264683892199,631
11264684117055,11264684117667,612
11264684338543,11264684339134,591
11264684569166,11264684569782,616
11264684791106,11264684791702,596
11264685012897,11264685013490,593
11264685233869,11264685234488,619
11264685453173,11264685453993,820
11264685692658,11264685693268,610
11264685919571,11264685920203,632
11264686143197,11264686143854,657
11264686363770,11264686364352,582
11264686586541,11264686587130,589
11264686825876,11264686826505,629
11264687049602,11264687050200,598
11264687270668,11264687271293,625
11264687538207,11264687539084,877
11264687875933,11264687876725,792
11264688121699,11264688122316,617
11264688356177,11264688356865,688
11264688588982,11264688589628,646
11264688820318,11264688820977,659
11264689075900,11264689076579,679
11264689314056,11264689314712,656
11264689554253,11264689554926,673
11264689786504,11264689787164,660
11264690024781,11264690025439,658
11264690291951,11264690292744,793
11264690568426,11264690569435,1009
11264690839275,11264690839977,702
11264691116015,11264691116790,775
11264691398974,11264691399649,675
11264691663916,11264691664579,663
11264691914049,11264691914658,609
11264692170044,11264692170675,631
11264692453578,11264692454255,677
11264692708890,11264692709883,993
11264692953268,11264692953944,676
11264693191097,11264693191789,692
11264693443431,11264693444066,635
11264693695311,11264693696226,915
11264693981741,11264693982493,752
11264694216648,11264694217274,626
11264694452459,11264694453076,617
11264694682160,11264694682771,611
11264694903885,11264694904490,605
11264695127816,11264695128524,708
11264695355740,11264695356385,645
11264695600342,11264695600988,646
11264695826376,11264695826990,614
11264696049573,11264696050184,611
11264696284919,11264696285579,660
11264696528270,11264696528869,599
11264696750332,11264696750953,621
11264696969479,11264696970087,608
11264697190029,11264697190700,671
11264697407801,11264697408400,599
11264697631425,11264697632264,839
11264697921272,11264697921935,663
11264698155278,11264698155981,703
11264698380576,11264698381261,685
11264698609538,11264698610142,604
11264698833695,11264698834390,695
11264699084920,11264699085597,677
11264699418720,11264699419389,669
11264699751956,11264699753413,1457
11264700006137,11264700006747,610
11264700242457,11264700243105,648
11264700476216,11264700476843,627
11264700708551,11264700709103,552
11264700940804,11264700941396,592
11264701171141,11264701171723,582
11264701406763,11264701407368,605
11264701673316,11264701673922,606
11264701903058,11264701903649,591
11264702130692,11264702131349,657
11264702388226,11264702388859,633
11264702630709,11264702631344,635
11264702858695,11264702859308,613
11264703088474,11264703089125,651
11264703324783,11264703325413,630
11264703557091,11264703557673,582
11264703783358,11264703783949,591
11264704011532,11264704012163,631
11264704238603,11264704239212,609
11264704466767,11264704467377,610
11264704695972,11264704696818,846
11264704923569,11264704924166,597
11264705150372,11264705151033,661
11264705377474,11264705378093,619
11264705615501,11264705616155,654
11264705871679,11264705872330,651
11264706107707,11264706108325,618
11264706336993,11264706346585,9592
11264706580391,11264706581421,1030
11264706809567,11264706810120,553
11264707039295,11264707039908,613
11264707265803,11264707266444,641
11264707500056,11264707500686,630
11264707728447,11264707729046,599
11264707958245,11264707958891,646
11264708186087,11264708186674,587
11264708415709,11264708416308,599
11264708642129,11264708642710,581
11264708868467,11264708869094,627
11264709133830,11264709134450,620
11264709382439,11264709383077,638
11264709610838,11264709611462,624
11264709837059,11264709837678,619
11264710066045,11264710066664,619
11264710295525,11264710296143,618
11264710521616,11264710522204,588
11264710747210,11264710747808,598
11264710975549,11264710976238,689
11264711202722,11264711203374,652
11264711433494,11264711434461,967
11264711660108,11264711660760,652
11264711887738,11264711888365,627
11264712115147,11264712115765,618
11264712350014,11264712350647,633
11264712581872,11264712582516,644
11264712810280,11264712810935,655
11264713037873,11264713038476,603
11264713264575,11264713265353,778
11264713523153,11264713523772,619
11264713859270,11264713860017,747
11264714280402,11264714281217,815
11264714521151,11264714521834,683
11264714741500,11264714742086,586
11264714959683,11264714960294,611
11264715180774,11264715181415,641
11264715396523,11264715397126,603
11264715622388,11264715622967,579
11264715841927,11264715842526,599
11264716101672,11264716102322,650
11264716334734,11264716335337,603
11264716628468,11264716629154,686
11264716867729,11264716868365,636
11264717088279,11264717088876,597
11264717315324,11264717315975,651
11264717547913,11264717548458,545
11264717769266,11264717769912,646
11264717986606,11264717987172,566
11264718205034,11264718205597,563
11264718437670,11264718438564,894
11264718655766,11264718656360,594
11264718873000,11264718897762,24762
11264719164477,11264719165185,708
11264719395858,11264719396492,634
11264719625054,11264719625714,660
11264719846094,11264719846673,579
11264720066427,11264720067016,589
11264720295684,11264720296360,676
11264720511963,11264720512537,574
11264720734344,11264720734934,590
11264720952676,11264720953237,561
11264721173509,11264721174092,583
11264721388679,11264721389215,536
11264721607903,11264721608478,575
11264721824991,11264721825556,565
11264722044555,11264722045164,609
11264722274441,11264722275073,632
11264722498557,11264722499137,580
11264722722194,11264722722754,560
11264722936678,11264722937274,596
11264723158146,11264723158679,533
11264723377802,11264723378330,528
11264723595127,11264723595676,549
11264723811742,11264723812293,551
11264724030619,11264724031180,561
11264724249418,11264724250012,594
11264724469245,11264724469860,615
11264724685012,11264724685576,564
11264724902451,11264724903206,755
11264725119793,11264725120367,574
11264725337839,11264725338402,563
11264725559649,11264725560228,579
11264725777570,11264725778129,559
11264725995286,11264725995850,564
11264726211535,11264726212094,559
11264726430946,11264726431492,546
11264726647474,11264726648414,940
11264726868147,11264726868666,519
11264727097108,11264727097689,581
11264727315397,11264727315948,551
11264727533535,11264727534162,627
11264727751545,11264727752129,584
11264727967872,11264727968428,556
11264728185959,11264728186535,576
11264728404098,11264728404642,544
11264728618715,11264728619298,583
11264728836998,11264728837538,540
11264729059471,11264729060027,556
11264729278577,11264729279108,531
11264729502688,11264729503259,571
11264729724005,11264729724562,557
11264729943190,11264729943719,529
11264730165130,11264730165659,529
11264730381783,11264730382276,493
11264730605849,11264730606397,548
11264730825241,11264730825807,566
11264731043580,11264731044138,558
11264731262300,11264731263512,1212
11264731482021,11264731482617,596
11264731703219,11264731703834,615
11264731923948,11264731924573,625
11264732144801,11264732145370,569
11264732369213,11264732369798,585
11264732593189,11264732593837,648
11264732812430,11264732813019,589
11264733032442,11264733033273,831
11264733259564,11264733260160,596
11264733475855,11264733476423,568
11264733690429,11264733691018,589
11264733907701,11264733908272,571
11264734125010,11264734125587,577
11264734349636,11264734350231,595
11264734567426,11264734568041,615
11264734784659,11264734785248,589
11264735001293,11264735001864,571
11264735216084,11264735216693,609
11264735438452,11264735439003,551
11264735678613,11264735679180,567
11264735898316,11264735898981,665
11264736112979,11264736113575,596
11264736329931,11264736330492,561
11264736551900,11264736552466,566
11264736768863,11264736769455,592
11264736984529,11264736985098,569
11264737200865,11264737201425,560
11264737424419,11264737424989,570
11264737641505,11264737642090,585
11264737858865,11264737859440,575
11264738078902,11264738079509,607
11264738297203,11264738297754,551
11264738525430,11264738526054,624
11264738743832,11264738744426,594
11264738968096,11264738968638,542
11264739188300,11264739188878,578
11264739409748,11264739410391,643
11264739627024,11264739627581,557
11264739844449,11264739845004,555
11264740063946,11264740064525,579
11264740279172,11264740279741,569
11264740501074,11264740501661,587
11264740718911,11264740719500,589
11264740933888,11264740934476,588
11264741153175,11264741153825,650
11264741371846,11264741372385,539
11264741604449,11264741605007,558
11264741821376,11264741821943,567
11264742038483,11264742039073,590
11264742262268,11264742262858,590
11264742480766,11264742481356,590
11264742696907,11264742697499,592
11264742915939,11264742916496,557
11264743133299,11264743133913,614
11264743353530,11264743354085,555
11264743584858,11264743585685,827
11264743803303,11264743803873,570
11264744021657,11264744022235,578
11264744236967,11264744237528,561
11264744454488,11264744455032,544
11264744670452,11264744671002,550
11264744889615,11264744890161,546
11264745105096,11264745105649,553
11264745325986,11264745326846,860
11264745547660,11264745548241,581
11264745768825,11264745769398,573
11264745987220,11264745987785,565
11264746205373,11264746205913,540
11264746433321,11264746433922,601
11264746652380,11264746652993,613
11264746870976,11264746871582,606
11264747092057,11264747092841,784
11264747312594,11264747313152,558
11264747537233,11264747537813,580
11264747754301,11264747754855,554
11264747969070,11264747969626,556
11264748186234,11264748186805,571
11264748402815,11264748403389,574
11264748620427,11264748620997,570
11264748835767,11264748836313,546
11264749059950,11264749060494,544
11264749277236,11264749277822,586
11264749502673,11264749503225,552
11264749724495,11264749725032,537
11264749941716,11264749942304,588
11264750160715,11264750161251,536
11264750378422,11264750378980,558
11264750596606,11264750597132,526
11264750816703,11264750817255,552
11264751034429,11264751034987,558
11264751252940,11264751253471,531
11264751480900,11264751481511,611
11264751703985,11264751704587,602
11264751922273,11264751922843,570
11264752139635,11264752140206,571
11264752364205,11264752364803,598
11264752585306,11264752585871,565
11264752829543,11264752830222,679
11264753119742,11264753120346,604
11264753351117,11264753351665,548
11264753579921,11264753580519,598
11264753816634,11264753817230,596
11264754087150,11264754087690,540
11264754329793,11264754330362,569
11264754553795,11264754554396,601
11264754772601,11264754773118,517
11264754992632,11264754993178,546
11264755213875,11264755214467,592
11264755435401,11264755436010,609
11264755709939,11264755710633,694
11264755961191,11264755961835,644
11264756202000,11264756202547,547
11264756461527,11264756462130,603
11264756690982,11264756691611,629
11264756920944,11264756921814,870
11264757149828,11264757150436,608
11264757379458,11264757380084,626
11264757611054,11264757611630,576
11264757841901,11264757842479,578
11264758068678,11264758069241,563
11264758296604,11264758297194,590
11264758524152,11264758524715,563
11264758751713,11264758752600,887
11264758996531,11264758997140,609
11264759228023,11264759228665,642
11264759456754,11264759457345,591
11264759686048,11264759686639,591
11264759914965,11264759915571,606
11264760144969,11264760145540,571
11264760393044,11264760393655,611
11264760619605,11264760620220,615
11264760846867,11264760847436,569
11264761073587,11264761074179,592
11264761309738,11264761310309,571
11264761535451,11264761536041,590
11264761760428,11264761761020,592
11264761988427,11264761989020,593
11264762222762,11264762223418,656
11264762452531,11264762453156,625
11264762679107,11264762679728,621
11264762905249,11264762905839,590
11264763137165,11264763137824,659
11264763373980,11264763374611,631
11264763600717,11264763601469,752
11264763825045,11264763825646,601
11264764053759,11264764054359,600
11264764280963,11264764281577,614
11264764507198,11264764507799,601
11264764732090,11264764732689,599
11264764957468,11264764958059,591
11264765185624,11264765186208,584
11264765412258,11264765413190,932
11264765654689,11264765655364,675
11264765882581,11264765883357,776
11264766110764,11264766111378,614
11264766339352,11264766339967,615
11264766564017,11264766564614,597
11264766789547,11264766790143,596
11264767015809,11264767016378,569
11264767242939,11264767243856,917
11264767477548,11264767478144,596
11264767703555,11264767704129,574
11264767932605,11264767933175,570
11264768159688,11264768160282,594
11264768393807,11264768394375,568
11264768623197,11264768623720,523
11264768849288,11264768849827,539
11264769086437,11264769087086,649
11264769312627,11264769313247,620
11264769549773,11264769550380,607
11264769776527,11264769777106,579
11264770002404,11264770002973,569
11264770229801,11264770230440,639
11264770461665,11264770462273,608
11264770688896,11264770689452,556
11264770915142,11264770915715,573
11264771140440,11264771141023,583
11264771373242,11264771373818,576
11264771603309,11264771603919,610
11264771829755,11264771830342,587
11264772056536,11264772057124,588
11264772293219,11264772293834,615
11264772528690,11264772529281,591
11264772754212,11264772754782,570
11264772983425,11264772984048,623
11264773211458,11264773212037,579
11264773437188,11264773437796,608
11264773665034,11264773665625,591
11264773892419,11264773892986,567
11264774118910,11264774119776,866
11264774345400,11264774345994,594
11264774574731,11264774575375,644
11264774800747,11264774801350,603
11264775029853,11264775030424,571
11264775255409,11264775255995,586
11264775480899,11264775481480,581
11264775718886,11264775719507,621
11264775976784,11264775977379,595
11264776208433,11264776209028,595
11264776437354,11264776437911,557
11264776664439,11264776665020,581
11264776891528,11264776892068,540
11264777118016,11264777118585,569
11264777354961,11264777355532,571
11264777579003,11264777579563,560
11264777806157,11264777806720,563
11264778033432,11264778034001,569
11264778258599,11264778259179,580
11264778494289,11264778494877,588
11264778718802,11264778719384,582
11264778956826,11264778957438,612
11264779184202,11264779184797,595
11264779410428,11264779411006,578
11264779636873,11264779637444,571
11264779863681,11264779864201,520
11264780092062,11264780092661,599
11264780325352,11264780325945,593
11264780552453,11264780553011,558
11264780784164,11264780784665,501
11264781009980,11264781010564,584
11264781242598,11264781243129,531
11264781470499,11264781471031,532
11264781699025,11264781699566,541
11264781927320,11264781927869,549
11264782152870,11264782153453,583
11264782385390,11264782386010,620
11264782613430,11264782614020,590
11264782843300,11264782843937,637
11264783069137,11264783069704,567
11264783296693,11264783297323,630
11264783522387,11264783523015,628
11264783751587,11264783752213,626
11264783980033,11264783980654,621
11264784207716,11264784208676,960
11264784435059,11264784435714,655
11264784660753,11264784661329,576
11264784887414,11264784888023,609
11264785114630,11264785115255,625
11264785346307,11264785346915,608
11264785578157,11264785578787,630
11264785810771,11264785811384,613
11264786043924,11264786044544,620
11264786282013,11264786282657,644
11264786510634,11264786511249,615
11264786737120,11264786737705,585
11264786964197,11264786964812,615
11264787190810,11264787191369,559
11264787422304,11264787422852,548
11264787649205,11264787649753,548
11264787875692,11264787876256,564
11264788100403,11264788101016,613
11264788331166,11264788331785,619
11264788557862,11264788558439,577
11264788795474,11264788796025,551
11264789122997,11264789123585,588
11264789354124,11264789354714,590
11264789584708,11264789585313,605
11264789816618,11264789817247,629
11264790043924,11264790044957,1033
11264790274584,11264790275142,558
11264790501925,11264790502488,563
11264790730595,11264790731158,563
11264790963533,11264790964062,529
11264791214208,11264791214839,631
11264791455088,11264791455684,596
11264791681743,11264791682348,605
11264791912242,11264791912826,584
11264792140516,11264792141112,596
11264792387135,11264792387741,606
11264792639714,11264792640785,1071
11264792880588,11264792881278,690
11264793116476,11264793117071,595
11264793351952,11264793352568,616
11264793580653,11264793581300,647
11264793809289,11264793809890,601
11264794040856,11264794041442,586
11264794268070,11264794268681,611
11264794496028,11264794496618,590
11264794723874,11264794724463,589
11264794950000,11264794950633,633
11264795177791,11264795178673,882
11264795414451,11264795415047,596
11264795649888,11264795650500,612
11264795881306,11264795881970,664
11264796110504,11264796111158,654
11264796370678,11264796371339,661
11264796600932,11264796601575,643
11264796833057,11264796833668,611
11264797059720,11264797060313,593
11264797288972,11264797289610,638
11264797531393,11264797531983,590
11264797763374,11264797763966,592
11264797992707,11264797993262,555
11264798218966,11264798219534,568
11264798446867,11264798447711,844
11264798674245,11264798674822,577
11264798911982,11264798912608,626
11264799145700,11264799146308,608
11264799376389,11264799376998,609
11264799604409,11264799604983,574
11264799836437,11264799837018,581
11264800065593,11264800066196,603
11264800294624,11264800295207,583
11264800524234,11264800524834,600
11264800753724,11264800754296,572
11264800982055,11264800982686,631
11264801207608,11264801208190,582
11264801435749,11264801436315,566
11264801664228,11264801664771,543
11264801895344,11264801895919,575
11264802121230,11264802121832,602
11264802356500,11264802357137,637
11264802586183,11264802586789,606
11264802817658,11264802818309,651
11264803048712,11264803049333,621
11264803277340,11264803277933,593
11264803507184,11264803507779,595
11264803734448,11264803735050,602
11264803960272,11264803960868,596
11264804187690,11264804188417,727
11264804416326,11264804416923,597
11264804641325,11264804641930,605
11264804867909,11264804868518,609
11264805091412,11264805092040,628
11264805322146,11264805322764,618
11264805555209,11264805555863,654
11264805787199,11264805787848,649
11264806016253,11264806016917,664
11264806245687,11264806246313,626
11264806475675,11264806476299,624
11264806703820,11264806704795,975
11264806933212,11264806933819,607
11264807163195,11264807163798,603
11264807390156,11264807390770,614
11264807618508,11264807619137,629
11264807844622,11264807845259,637
11264808068883,11264808069498,615
11264808299791,11264808300403,612
11264808528525,11264808529148,623
11264808755456,11264808756104,648
11264808991311,11264808991959,648
11264809225290,11264809225959,669
11264809467260,11264809467909,649
11264809695967,11264809696586,619
11264809922804,11264809923431,627
11264810149160,11264810149745,585
11264810374933,11264810375547,614
11264810601990,11264810602697,707
11264810829826,11264810830433,607
11264811054646,11264811055259,613
11264811281398,11264811282006,608
11264811506139,11264811506714,575
11264811732087,11264811732652,565
11264811961020,11264811961629,609
11264812190673,11264812191524,851
11264812432408,11264812433059,651
11264812662091,11264812662708,617
11264812892655,11264812893305,650
11264813120953,11264813121600,647
11264813347951,11264813348521,570
11264813574388,11264813574999,611
11264813802472,11264813803142,670
11264814030845,11264814031480,635
11264814257852,11264814258466,614
11264814494423,11264814495515,1092
11264814723894,11264814724521,627
11264814950581,11264814951200,619
11264815180255,11264815180869,614
11264815413455,11264815414062,607
11264815651214,11264815651901,687
11264815879390,11264815880047,657
11264816109636,11264816110245,609
11264816339805,11264816340383,578
11264816573768,11264816574385,617
11264816800065,11264816800655,590
11264817026362,11264817027001,639
11264817254068,11264817254667,599
11264817484169,11264817484799,630
11264817709809,11264817710430,621
11264817936526,11264817937117,591
11264818165461,11264818166035,574
11264818391012,11264818391594,582
11264818620747,11264818621314,567
11264818845947,11264818846530,583
11264819083112,11264819084010,898
11264819312944,11264819313525,581
11264819543779,11264819544339,560
11264819771443,11264819772021,578
11264820000201,11264820000740,539
11264820226797,11264820227386,589
11264820458451,11264820459061,610
11264820690983,11264820691577,594
11264820917284,11264820917909,625
11264821144113,11264821144730,617
11264821372961,11264821373621,660
11264821600337,11264821600942,605
11264821828454,11264821829056,602
11264822056079,11264822056658,579
11264822291260,11264822291911,651
11264822522750,11264822523337,587
11264822749469,11264822750085,616
11264822976345,11264822976964,619
11264823205816,11264823206437,621
11264823432957,11264823433566,609
11264823659318,11264823659941,623
11264823887894,11264823888507,613
11264824116103,11264824116697,594
11264824344089,11264824344920,831
11264824570184,11264824570775,591
11264824796662,11264824797249,587
11264825029077,11264825029671,594
11264825254314,11264825254924,610
11264825480808,11264825481395,587
11264825717259,11264825717852,593
11264825945593,11264825946185,592
11264826173615,11264826174201,586
11264826399464,11264826400032,568
11264826629905,11264826630477,572
11264826878791,11264826879422,631
11264827108724,11264827109329,605
11264827337060,11264827337664,604
11264827563985,11264827564571,586
11264827789457,11264827790067,610
11264828014527,11264828015116,589
11264828241484,11264828242096,612
11264828483287,11264828483898,611
11264828708183,11264828708824,641
11264828945150,11264828946009,859
11264829174031,11264829174633,602
11264829402234,11264829402801,567
11264829628387,11264829628968,581
11264829853253,11264829853865,612
11264830080035,11264830080651,616
11264830305951,11264830306517,566
11264830531619,11264830532210,591
11264830756852,11264830757511,659
11264830983627,11264830984221,594
11264831208379,11264831208991,612
11264831436954,11264831437576,622
11264831665123,11264831665757,634
11264831891692,11264831892274,582
11264832118035,11264832118654,619
11264832364306,11264832364914,608
11264832594538,11264832595184,646
11264832819613,11264832820218,605
11264833045112,11264833045673,561
11264833269755,11264833270332,577
11264833495888,11264833496549,661
11264833724870,11264833725479,609
11264833950592,11264833951165,573
11264834177417,11264834178003,586
11264834411492,11264834412112,620
11264834638434,11264834639089,655
11264834865043,11264834865692,649
11264835091802,11264835092447,645
11264835323680,11264835324267,587
11264835558239,11264835558860,621
11264835788187,11264835788820,633
11264836016515,11264836017103,588
11264836242633,11264836243502,869
11264836468367,11264836468972,605
11264836694879,11264836695424,545
11264836922103,11264836922666,563
11264837150495,11264837151078,583
11264837377904,11264837378536,632
11264837604917,11264837605500,583
11264837833530,11264837834130,600
11264838059194,11264838059855,661
11264838288244,11264838288857,613
11264838513689,11264838514295,606
11264838739285,11264838739871,586
11264838974678,11264838975335,657
11264839201806,11264839202435,629
11264839439691,11264839440282,591
11264839665969,11264839666524,555
11264839900490,11264839901116,626
11264840127860,11264840128474,614
11264840356745,11264840357378,633
11264840581970,11264840582550,580
11264840807973,11264840808564,591
11264841034987,11264841035582,595
11264841260995,11264841261556,561
11264841496259,11264841496876,617
11264841721395,11264841722018,623
11264841948025,11264841948625,600
11264842173183,11264842173792,609
11264842415768,11264842416385,617
11264842647202,11264842647843,641
11264842875211,11264842875816,605
11264843100791,11264843101470,679
11264843330717,11264843331310,593
11264843565767,11264843566764,997
11264843805441,11264843806059,618
11264844074526,11264844075391,865
11264844314579,11264844315206,627
11264844537211,11264844537826,615
11264844760974,11264844761545,571
11264844981327,11264844981911,584
11264845197127,11264845197729,602
11264845417133,11264845417766,633
11264845650369,11264845650988,619
11264845876062,11264845876635,573
11264846097895,11264846098517,622
11264846318717,11264846319273,556
11264846545471,11264846546066,595
11264846763560,11264846764158,598
11264846982084,11264846982660,576
11264847201051,11264847201590,539
11264847419783,11264847420321,538
11264847637587,11264847638150,563
11264847859393,11264847859962,569
11264848080047,11264848080621,574
11264848298233,11264848298834,601
11264848512909,11264848513468,559
11264848729768,11264848730386,618
11264848958510,11264848959100,590
11264849181879,11264849182504,625
11264849405697,11264849406321,624
11264849623208,11264849623846,638
11264849839045,11264849839626,581
11264850057132,11264850057717,585
11264850275771,11264850276346,575
11264850493791,11264850494355,564
11264850711521,11264850712377,856
11264850931893,11264850932455,562
11264851209487,11264851210167,680
11264851448801,11264851449429,628
11264851668664,11264851669256,592
11264851885499,11264851886090,591
11264852103136,11264852103736,600
11264852335047,11264852335662,615
11264852555811,11264852556420,609
11264852773654,11264852774275,621
11264852990950,11264852991529,579
11264853206908,11264853207557,649
11264853426825,11264853427427,602
11264853642350,11264853642946,596
11264853860124,11264853860734,610
11264854076146,11264854076756,610
11264854290852,11264854291457,605
11264854509129,11264854509695,566
11264854734783,11264854735356,573
11264854950998,11264854951567,569
11264855164653,11264855165190,537
11264855381604,11264855382148,544
11264855631784,11264855632456,672
11264855880099,11264855880709,610
11264856098746,11264856099327,581
11264856318741,11264856319299,558
11264856535490,11264856536025,535
11264856753752,11264856754333,581
11264856970043,11264856970646,603
11264857186143,11264857186715,572
11264857403248,11264857403829,581
11264857617831,11264857618408,577
11264857837595,11264857838182,587
11264858053708,11264858054276,568
11264858270252,11264858270823,571
11264858485137,11264858485689,552
11264858705891,11264858706436,545
11264858933168,11264858933771,603
11264859153827,11264859154378,551
11264859372418,11264859372980,562
11264859589603,11264859590126,523
11264859806686,11264859807250,564
11264860024341,11264860024909,568
11264860242360,11264860242936,576
11264860552050,11264860552602,552
11264860774799,11264860775370,571
11264860992272,11264860992857,585
11264861209247,11264861209785,538
11264861425755,11264861426362,607
11264861644370,11264861644984,614
11264861859730,11264861860346,616
11264862079160,11264862079742,582
11264862341066,11264862341677,611
11264862566973,11264862567584,611
11264862783772,11264862784410,638
11264863000072,11264863000669,597
11264863219191,11264863219731,540
11264863438213,11264863438822,609
11264863661308,11264863661888,580
11264863878464,11264863879326,862
11264864096512,11264864097112,600
11264864317764,11264864318337,573
11264864545084,11264864545852,768
11264864760903,11264864761457,554
11264864978132,11264864978720,588
11264865196742,11264865197445,703
11264865419205,11264865419736,531
11264865644655,11264865645234,579
11264865873524,11264865874097,573
11264866094872,11264866095463,591
11264866329639,11264866330163,524
11264866547996,11264866548577,581
11264866762450,11264866763039,589
11264866993963,11264866994552,589
11264867233306,11264867233913,607
11264867466197,11264867466765,568
11264867692051,11264867692681,630
11264867920922,11264867921501,579
11264868148621,11264868149202,581
11264868378454,11264868379075,621
11264868607747,11264868608402,655
11264868834604,11264868835236,632
11264869069612,11264869070234,622
11264869299018,11264869299634,616
11264869546231,11264869546813,582
11264869772978,11264869773528,550
11264870001810,11264870002445,635
11264870226459,11264870227045,586
11264870453934,11264870454558,624
11264870684345,11264870684967,622
11264870914065,11264870914672,607
11264871139110,11264871139711,601
11264871366139,11264871366713,574
11264871592713,11264871593352,639
11264871822927,11264871823532,605
11264872049666,11264872050297,631
11264872289327,11264872289972,645
11264872519114,11264872519735,621
11264872744766,11264872745356,590
11264872974089,11264872974703,614
11264873199874,11264873200472,598
11264873428471,11264873429086,615
11264873652908,11264873653549,641
11264873880879,11264873881461,582
11264874108562,11264874109187,625
11264874335798,11264874336421,623
11264874560584,11264874561182,598
11264874786933,11264874787496,563
11264875013235,11264875013798,563
11264875244938,11264875245514,576
11264875470159,11264875470775,616
11264875709871,11264875710494,623
11264875941556,11264875942153,597
11264876172034,11264876172640,606
11264876401706,11264876402323,617
11264876627445,11264876628010,565
11264876855059,11264876855711,652
11264877080812,11264877081405,593
11264877314265,11264877314841,576
11264877542418,11264877543002,584
11264877769416,11264877770009,593
11264877993334,11264877993914,580
11264878219953,11264878220527,574
11264878446461,11264878447082,621
11264878674353,11264878674934,581
11264878910726,11264878911334,608
11264879138618,11264879139204,586
11264879366506,11264879367078,572
11264879595566,11264879596150,584
11264879822508,11264879823150,642
11264880049432,11264880050027,595
11264880276811,11264880277424,613
11264880502341,11264880502933,592
11264880732958,11264880733582,624
11264880960093,11264880960682,589
11264881186694,11264881187309,615
11264881412139,11264881412726,587
11264881642939,11264881643507,568
11264881870125,11264881870712,587
11264882095260,11264882095877,617
11264882330659,11264882331278,619
11264882558626,11264882559254,628
11264882788573,11264882789198,625
11264883015501,11264883016113,612
11264883243243,11264883243825,582
11264883469807,11264883470374,567
11264883697095,11264883697704,609
11264883923982,11264883924606,624
11264884151850,11264884152473,623
11264884376910,11264884377520,610
11264884604752,11264884605312,560
11264884829373,11264884829956,583
11264885060083,11264885060637,554
11264885286478,11264885287077,599
11264885515243,11264885515838,595
11264885752318,11264885752974,656
11264885980733,11264885981394,661
11264886210698,11264886211265,567
11264886438514,11264886439129,615
11264886667090,11264886667697,607
11264886893344,11264886893946,602
11264887121595,11264887122232,637
11264887349217,11264887349834,617
11264887576672,11264887577263,591
11264887802870,11264887803429,559
11264888031258,11264888031840,582
11264888258395,11264888258970,575
11264888486733,11264888487397,664
11264888719717,11264888720326,609
11264888954255,11264888954908,653
11264889182317,11264889182942,625
11264889412269,11264889412855,586
11264889639426,11264889639986,560
11264889875922,11264889876505,583
11264890104792,11264890105351,559
11264890331196,11264890331760,564
11264890562084,11264890562709,625
11264890786115,11264890786786,671
11264891014759,11264891015388,629
11264891241336,11264891241922,586
11264891475080,11264891475677,597
11264891702892,11264891703494,602
11264891928818,11264891929422,604
11264892155566,11264892156200,634
11264892393624,11264892394243,619
11264892622422,11264892623010,588
11264892850788,11264892851328,540
11264893079232,11264893079779,547
11264893306218,11264893306784,566
11264893535294,11264893535811,517
11264893767345,11264893767896,551
11264893995767,11264893996309,542
11264894220046,11264894220667,621
11264894446696,11264894447292,596
11264894673064,11264894673649,585
11264894902301,11264894902878,577
11264895127714,11264895128275,561
11264895353714,11264895354313,599
11264895589945,11264895590540,595
11264895820131,11264895820708,577
11264896077836,11264896078485,649
11264896311516,11264896312105,589
11264896539963,11264896540582,619
11264896765612,11264896766230,618
11264896995512,11264896996131,619
11264897221033,11264897221649,616
11264897448868,11264897449475,607
11264897673333,11264897673914,581
11264897898786,11264897899341,555
11264898126963,11264898127572,609
11264898351102,11264898351720,618
11264898575587,11264898576193,606
11264898818626,11264898819205,579
11264899057478,11264899058100,622
11264899286716,11264899287311,595
11264899512878,11264899513478,600
11264899737306,11264899737884,578
11264899962708,11264899963264,556
11264900189579,11264900190184,605
11264900417505,11264900418121,616
11264900643936,11264900644514,578
11264900868814,11264900869472,658
11264901095349,11264901095975,626
11264901322029,11264901322628,599
11264901547717,11264901548309,592
11264901772973,11264901773558,585
11264901996616,11264901997227,611
11264902228904,11264902229539,635
11264902461394,11264902462001,607
11264902689998,11264902690578,580
11264902916283,11264902916917,634
11264903143371,11264903143963,592
11264903371031,11264903371578,547
11264903596773,11264903597352,579
11264903823343,11264903823928,585
11264904050150,11264904050751,601
11264904275605,11264904276203,598
11264904500012,11264904500580,568
11264904727047,11264904727624,577
11264904954543,11264904955118,575
11264905179341,11264905179911,570
11264905402873,11264905403425,552
11264905636602,11264905637167,565
11264905866329,11264905866956,627
11264906092890,11264906093463,573
11264906320169,11264906320729,560
11264906545287,11264906545822,535
11264906775973,11264906776576,603
11264907000408,11264907001026,618
11264907226006,11264907226586,580
11264907451569,11264907452152,583
11264907678426,11264907679018,592
11264907905180,11264907905801,621
11264908130969,11264908131515,546
11264908356542,11264908357123,581
11264908582761,11264908583370,609
11264908809764,11264908810321,557
11264909044131,11264909044779,648
11264909273684,11264909274321,637
11264909504698,11264909505279,581
11264909732300,11264909732899,599
11264909960391,11264909960980,589
11264910189675,11264910190239,564
11264910417143,11264910417728,585
11264910642186,11264910642746,560
11264910867963,11264910868561,598
11264911095071,11264911095652,581
11264911322960,11264911323519,559
11264911551925,11264911552551,626
11264911779147,11264911779698,551
11264912004527,11264912005116,589
11264912238459,11264912239117,658
11264912469078,11264912469694,616
11264912698840,11264912699428,588
11264912925665,11264912926285,620
11264913152823,11264913153448,625
11264913382190,11264913382807,617
11264913610414,11264913610998,584
11264913836147,11264913836709,562
11264914061089,11264914061660,571
11264914286311,11264914286900,589
11264914513887,11264914514477,590
11264914740314,11264914740952,638
11264914966469,11264914967049,580
11264915199558,11264915200195,637
11264915435293,11264915435899,606
11264915670703,11264915671325,622
11264915898574,11264915899167,593
11264916127230,11264916127825,595
11264916353188,11264916353794,606
11264916586780,11264916587356,576
11264916816013,11264916816608,595
11264917042499,11264917043130,631
11264917274312,11264917274915,603
11264917501152,11264917501770,618
11264917729219,11264917729811,592
11264917955200,11264917955786,586
11264918180270,11264918180846,576
11264918411913,11264918412497,584
11264918638678,11264918639325,647
11264918864707,11264918865280,573
11264919100089,11264919100690,601
11264919334502,11264919335116,614
11264919562003,11264919562613,610
11264919789868,11264919790507,639
11264920020263,11264920020910,647
11264920246942,11264920247607,665
11264920479485,11264920480114,629
11264920704417,11264920705050,633
11264920953741,11264920954384,643
11264921188879,11264921189518,639
11264921416641,11264921417243,602
11264921641667,11264921642326,659
11264921868061,11264921868663,602
11264922095815,11264922096445,630
11264922337855,11264922338477,622
11264922567698,11264922568266,568
11264922795782,11264922796364,582
11264923029241,11264923029844,603
11264923257919,11264923258545,626
11264923497869,11264923498472,603
11264923727214,11264923727854,640
11264923953812,11264923954490,678
11264924179116,11264924179763,647
11264924408237,11264924408858,621
11264924635057,11264924635703,646
11264924861769,11264924862385,616
11264925088343,11264925089006,663
11264925315402,11264925316033,631
11264925553325,11264925553980,655
11264925782629,11264925783247,618
11264926009841,11264926010467,626
11264926237983,11264926238595,612
11264926464830,11264926465443,613
11264926692620,11264926693233,613
11264926917160,11264926917756,596
11264927144105,11264927144734,629
11264927370587,11264927371248,661
11264927597103,11264927597724,621
11264927824486,11264927825104,618
11264928052376,11264928052971,595
11264928279915,11264928280501,586
11264928506482,11264928507107,625
11264928731105,11264928731735,630
11264928971019,11264928971914,895
11264929200834,11264929201476,642
11264929428577,11264929429206,629
11264929655181,11264929656037,856
11264929881136,11264929881730,594
11264930111855,11264930112504,649
11264930335588,11264930336514,926
11264930569298,11264930569851,553
11264930795342,11264930795929,587
11264931020884,11264931021515,631
11264931250346,11264931250937,591
11264931485272,11264931485873,601
11264931711932,11264931712502,570
11264932006069,11264932006653,584
11264932253333,11264932253963,630
11264932484999,11264932485643,644
11264932713089,11264932713759,670
11264932936955,11264932937565,610
11264933163136,11264933163767,631
11264933390972,11264933391575,603
11264933617684,11264933618328,644
11264933841576,11264933842131,555
11264934068098,11264934068722,624
11264934292466,11264934293051,585
11264934524940,11264934525536,596
11264934752090,11264934752624,534
11264934979340,11264934979962,622
11264935204169,11264935204834,665
11264935430856,11264935431463,607
11264935670093,11264935670703,610
11264935908567,11264935909136,569
11264936138770,11264936139381,611
11264936364812,11264936365444,632
11264936592970,11264936593569,599
11264936819843,11264936820450,607
11264937046077,11264937046716,639
11264937270091,11264937270700,609
11264937505078,11264937505670,592
11264937731907,11264937732550,643
11264937958025,11264937958609,584
11264938184273,11264938184889,616
11264938416718,11264938417310,592
11264938643250,11264938643867,617
11264938871578,11264938872155,577
11264939111804,11264939112429,625
11264939341285,11264939341880,595
11264939571018,11264939571611,593
11264939796242,11264939796886,644
11264940025632,11264940026228,596
11264940252588,11264940253200,612
11264940486508,11264940487133,625
11264940712447,11264940713099,652
11264940940200,11264940940822,622
11264941170049,11264941170700,651
11264941396745,11264941397380,635
11264941623261,11264941623869,608
11264941849738,11264941850389,651
11264942078956,11264942079599,643
11264942314707,11264942315346,639
11264942545304,11264942545951,647
11264942771826,11264942772455,629
11264942998999,11264942999608,609
11264943227792,11264943228349,557
11264943454633,11264943455253,620
11264943681530,11264943682201,671
11264943911247,11264943911830,583
11264944136489,11264944137078,589
11264944365603,11264944366457,854
11264944593325,11264944593922,597
11264944820934,11264944821550,616
11264945047397,11264945048384,987
11264945277685,11264945278298,613
11264945506412,11264945507053,641
11264945740598,11264945741522,924
11264945974697,11264945975310,613
11264946203657,11264946204243,586
11264946431710,11264946432329,619
11264946661681,11264946662291,610
11264946889608,11264946890184,576
11264947117031,11264947117647,616
11264947344696,11264947345287,591
11264947570916,11264947571537,621
11264947799969,11264947800573,604
11264948026805,11264948027449,644
11264948255413,11264948255976,563
11264948479831,11264948480380,549
11264948706026,11264948706580,554
11264948946059,11264948946679,620
11264949174495,11264949175119,624
11264949402962,11264949403500,538
11264949629570,11264949630147,577
11264949859852,11264949860431,579
11264950086467,11264950087053,586
11264950313787,11264950314396,609
11264950541810,11264950542404,594
11264950770398,11264950770996,598
11264950997279,11264950997871,592
11264951223628,11264951224237,609
11264951451030,11264951451629,599
11264951677199,11264951677798,599
11264951904151,11264951904794,643
11264952131926,11264952132522,596
11264952366369,11264952366978,609
11264952593088,11264952593647,559
11264952820578,11264952821180,602
11264953046374,11264953046967,593
11264953277325,11264953277925,600
11264953503477,11264953504086,609
11264953731743,11264953732350,607
11264953957834,11264953958437,603
11264954185920,11264954186512,592
11264954413647,11264954414236,589
11264954639798,11264954640381,583
11264954867391,11264954868002,611
11264955091663,11264955092252,589
11264955318946,11264955319532,586
11264955555631,11264955556216,585
11264955786102,11264955786723,621
11264956013291,11264956013905,614
11264956242176,11264956242783,607
11264956470729,11264956471312,583
11264956698439,11264956699082,643
11264956924517,11264956925119,602
11264957153609,11264957154214,605
11264957391253,11264957391833,580
11264957622500,11264957623150,650
11264957849307,11264957849945,638
11264958075222,11264958075839,617
11264958303789,11264958304413,624
11264958536315,11264958536926,611
11264958764815,11264958765394,579
11264958999779,11264959000415,636
11264959229688,11264959230328,640
11264959456420,11264959457064,644
11264959684338,11264959685257,919
11264959915190,11264959915819,629
11264960144998,11264960145617,619
11264960372218,11264960373123,905
11264960601022,11264960601641,619
11264960829346,11264960829965,619
11264961059275,11264961060221,946
11264961286052,11264961286634,582
11264961512372,11264961512955,583
11264961741149,11264961741743,594
11264961971270,11264961971873,603
11264962196853,11264962197444,591
11264962435382,11264962435992,610
11264962664755,11264962665372,617
11264962891012,11264962891597,585
11264963121139,11264963121739,600
11264963350663,11264963351305,642
11264963579250,11264963579819,569
11264963805077,11264963805688,611
11264964032445,11264964033080,635
11264964269210,11264964269841,631
11264964516597,11264964517233,636
11264964741677,11264964742319,642
11264964968284,11264964968921,637
11264965193752,11264965194390,638
11264965426151,11264965426750,599
11264965662800,11264965663410,610
11264965895288,11264965895953,665
11264966123006,11264966123645,639
11264966346950,11264966347585,635
11264966575040,11264966575654,614
11264966800798,11264966801452,654
11264967025535,11264967026190,655
11264967250262,11264967250854,592
11264967478253,11264967478849,596
11264967704639,11264967705243,604
11264967930291,11264967930883,592
11264968156283,11264968156901,618
11264968380777,11264968381390,613
11264968609286,11264968609895,609
11264968835949,11264968836512,563
11264969069074,11264969069670,596
11264969303524,11264969304097,573
11264969529428,11264969530039,611
11264969755909,11264969756499,590
11264969983413,11264969983982,569
11264970208003,11264970208603,600
11264970440478,11264970441085,607
11264970665539,11264970666156,617
11264970892746,11264970893365,619
11264971119368,11264971119957,589
11264971344627,11264971345226,599
11264971572306,11264971572895,589
11264971797573,11264971798201,628
11264972025572,11264972026139,567
11264972258750,11264972259334,584
11264972484358,11264972484958,600
11264972708759,11264972709370,611
11264972937825,11264972938462,637
11264973161099,11264973161689,590
11264973387845,11264973388477,632
11264973615295,11264973615902,607
11264973840136,11264973840735,599
11264974067652,11264974068310,658
11264974299254,11264974299907,653
11264974525368,11264974525990,622
11264974749294,11264974749897,603
11264974976296,11264974976895,599
11264975202278,11264975202887,609
11264975435737,11264975436356,619
11264975670762,11264975671391,629
11264975897652,11264975898253,601
11264976122602,11264976123198,596
11264976351868,11264976352495,627
11264976575610,11264976576205,595
11264976802168,11264976802804,636
11264977029503,11264977030382,879
11264977263612,11264977264222,610
11264977490548,11264977491145,597
11264977715567,11264977716388,821
11264977941252,11264977941895,643
11264978166837,11264978167464,627
11264978399062,11264978399941,879
11264978628756,11264978629364,608
11264978858013,11264978858624,611
11264979093530,11264979094175,645
11264979323109,11264979323738,629
11264979550659,11264979551261,602
11264979777975,11264979778615,640
11264980005913,11264980006482,569
11264980236240,11264980236841,601
11264980464421,11264980465057,636
11264980693198,11264980693797,599
11264980918435,11264980919030,595
11264981144154,11264981144764,610
11264981376902,11264981377512,610
11264981602573,11264981603165,592
11264981830108,11264981830749,641
11264982057688,11264982058328,640
11264982295753,11264982296385,632
11264982530613,11264982531231,618
11264982759075,11264982759653,578
11264982989670,11264982990234,564
11264983215621,11264983216148,527
11264983441483,11264983442069,586
11264983668292,11264983668893,601
11264983894635,11264983895245,610
11264984124565,11264984125167,602
11264984357363,11264984357954,591
11264984581832,11264984582441,609
11264984808648,11264984809217,569
11264985033808,11264985034394,586
11264985259220,11264985259793,573
11264985491299,11264985491878,579
11264985726687,11264985727312,625
11264985954765,11264985955361,596
11264986181785,11264986182330,545
11264986410704,11264986411284,580
11264986638373,11264986638977,604
11264986864622,11264986865155,533
11264987088964,11264987089501,537
11264987317395,11264987317976,581
11264987543074,11264987543620,546
11264987770380,11264987770978,598
11264987995905,11264987996510,605
11264988222641,11264988223209,568
11264988456566,11264988457124,558
11264988682087,11264988682709,622
11264988916274,11264988916853,579
11264989149626,11264989150256,630
11264989386865,11264989387464,599
11264989615402,11264989615989,587
11264989843284,11264989843914,630
11264990071567,11264990072171,604
11264990297424,11264990298017,593
11264990524999,11264990525596,597
11264990753676,11264990754270,594
11264990981519,11264990982111,592
11264991214317,11264991214935,618
11264991441185,11264991441773,588
11264991674365,11264991674998,633
11264991901188,11264991901771,583
11264992128780,11264992129340,560
11264992362285,11264992363230,945
11264992592426,11264992593035,609
11264992825908,11264992826533,625
11264993053558,11264993054504,946
11264993285113,11264993285695,582
11264993513402,11264993514017,615
11264993742031,11264993742964,933
11264993971887,11264993972473,586
11264994200166,11264994200778,612
11264994429369,11264994429995,626
11264994655412,11264994656007,595
11264994881860,11264994882419,559
11264995111731,11264995112311,580
11264995339025,11264995339616,591
11264995573325,11264995573944,619
11264995806109,11264995806726,617
11264996036068,11264996036649,581
11264996269264,11264996269865,601
11264996499619,11264996500206,587
11264996727095,11264996727672,577
11264996953427,11264996954042,615
11264997180564,11264997181189,625
11264997409437,11264997410051,614
11264997635950,11264997636500,550
11264997860740,11264997861335,595
11264998086270,11264998086832,562
11264998313974,11264998314535,561
11264998543456,11264998544052,596
11264998771339,11264998771929,590
11264999003093,11264999003724,631
11264999232801,11264999233432,631
11264999461332,11264999461901,569
11264999688060,11264999688657,597
11264999914571,11264999915170,599
11265000143396,11265000144051,655
11265000369899,11265000370500,601
11265000597944,11265000598583,639
11265000822556,11265000823162,606
11265001050071,11265001050700,629
11265001275986,11265001276644,658
11265001501535,11265001502124,589
11265001729151,11265001729762,611
11265001955065,11265001955660,595
11265002182118,11265002182743,625
11265002421109,11265002421706,597
11265002650163,11265002650780,617
11265002880609,11265002881201,592
11265003111470,11265003112103,633
11265003337046,11265003337683,637
11265003630293,11265003630878,585
11265003871136,11265003871765,629
11265004097682,11265004098308,626
11265004323910,11265004324530,620
11265004550583,11265004551195,612
11265004775561,11265004776198,637
11265005000767,11265005001366,599
11265005233186,11265005233784,598
11265005461796,11265005462388,592
11265005698107,11265005698759,652
11265005926739,11265005927390,651
11265006159822,11265006160459,637
11265006395908,11265006396518,610
11265006625115,11265006625703,588
11265006850347,11265006850962,615
11265007080046,11265007080655,609
11265007308442,11265007309045,603
11265007541520,11265007542124,604
11265007767461,11265007768336,875
11265007995803,11265007996422,619
11265008222684,11265008223260,576
11265008451669,11265008452616,947
11265008680705,11265008681322,617
11265008918531,11265008919165,634
11265009150080,11265009151030,950
11265009376670,11265009377277,607
11265009607299,11265009607855,556
11265009834430,11265009835039,609
11265010063527,11265010064152,625
11265010289209,11265010289805,596
11265010518992,11265010519554,562
11265010744306,11265010744897,591
11265010971046,11265010971623,577
11265011197064,11265011197671,607
11265011424499,11265011425048,549
11265011652913,11265011653460,547
11265011879648,11265011880266,618
11265012107310,11265012107867,557
11265012342321,11265012342912,591
11265012571668,11265012572236,568
11265012798733,11265012799315,582
11265013026423,11265013027026,603
11265013253153,11265013253739,586
11265013481340,11265013481900,560
11265013707704,11265013708310,606
11265013936390,11265013937001,611
11265014164410,11265014165040,630
11265014390683,11265014391319,636
11265014620163,11265014620812,649
11265014848122,11265014848796,674
11265015077236,11265015077846,610
11265015301556,11265015302152,596
11265015528728,11265015529345,617
11265015764967,11265015765645,678
11265015992792,11265015993447,655
11265016221538,11265016222142,604
11265016455207,11265016455778,571
11265016684451,11265016685073,622
11265016918370,11265016919015,645
11265017143978,11265017144615,637
11265017380114,11265017380711,597
11265017608608,11265017609219,611
11265017835226,11265017835827,601
11265018063208,11265018063765,557
11265018291289,11265018291875,586
11265018517912,11265018518460,548
11265018741677,11265018742280,603
11265018979574,11265018980159,585
11265019207986,11265019208584,598
11265019438247,11265019438860,613
11265019664200,11265019664814,614
11265019891582,11265019892147,565
11265020117315,11265020117894,579
11265020345805,11265020346373,568
11265020573788,11265020574341,553
11265020800624,11265020801182,558
11265021028032,11265021028643,611
11265021254532,11265021255115,583
11265021481354,11265021481917,563
11265021711029,11265021711590,561
11265021938578,11265021939137,559
11265022162919,11265022163495,576
11265022394118,11265022394695,577
11265022618676,11265022619274,598
11265022837503,11265022838051,548
11265023053449,11265023054199,750
11265023272055,11265023272588,533
11265023488331,11265023488857,526
11265023707796,11265023708665,869
11265023923350,11265023923902,552
11265024140008,11265024140558,550
11265024357136,11265024358029,893
11265024573095,11265024573673,578
11265024792683,11265024793273,590
11265025008454,11265025008994,540
11265025224876,11265025225397,521
11265025441104,11265025441686,582
11265025668674,11265025669269,595
11265025896523,11265025897109,586
11265026115535,11265026116120,585
11265026330771,11265026331347,576
11265026548793,11265026549358,565
11265026765240,11265026765802,562
11265026984690,11265026985263,573
11265027200928,11265027201484,556
11265027417551,11265027418114,563
11265027635362,11265027635939,577
11265027851466,11265027852017,551
11265028072873,11265028073377,504
11265028289428,11265028289993,565
11265028513966,11265028514510,544
11265028728088,11265028728616,528
11265028956454,11265028957020,566
11265029181418,11265029181993,575
11265029405816,11265029406377,561
11265029622873,11265029623420,547
11265029842295,11265029842814,519
11265030061386,11265030061909,523
11265030278821,11265030279361,540
11265030495393,11265030495904,511
11265030713264,11265030713745,481
11265030930482,11265030931083,601
11265031147284,11265031147788,504
11265031366815,11265031367313,498
11265031584067,11265031584652,585
11265031803409,11265031803998,589
11265032018930,11265032019495,565
11265032247597,11265032248176,579
11265032503499,11265032504087,588
11265032721861,11265032722657,796
11265032937492,11265032938046,554
11265033157432,11265033158004,572
11265033380293,11265033380801,508
11265033595193,11265033595721,528
11265033810486,11265033811027,541
11265034027059,11265034027601,542
11265034244237,11265034244797,560
11265034459152,11265034459701,549
11265034674661,11265034675187,526
11265034890378,11265034890959,581
11265035108337,11265035108894,557
11265035321062,11265035321653,591
11265035536865,11265035537435,570
11265035769369,11265035769978,609
11265035986750,11265035987320,570
11265036204699,11265036205265,566
11265036420532,11265036421064,532
11265036638096,11265036638632,536
11265036977711,11265036978422,711
11265037207922,11265037208573,651
11265037431953,11265037432554,601
11265037651419,11265037652002,583
11265037871732,11265037872323,591
11265038094703,11265038095255,552
11265038318355,11265038318906,551
11265038544510,11265038545082,572
11265038767282,11265038767867,585
11265038994156,11265038994753,597
11265039215548,11265039216103,555
11265039432258,11265039432889,631
11265039649869,11265039650450,581
11265039865816,11265039866730,914
11265040082677,11265040083263,586
11265040299546,11265040300116,570
11265040519544,11265040520404,860
11265040736412,11265040736960,548
11265040953171,11265040953744,573
11265041177656,11265041178584,928
11265041396084,11265041396636,552
11265041614749,11265041615348,599
11265041830763,11265041831404,641
11265042047207,11265042047781,574
11265042274623,11265042275182,559
11265042497614,11265042498195,581
11265042717604,11265042718198,594
11265042936012,11265042936595,583
11265043153187,11265043153805,618
11265043380423,11265043381004,581
11265043627244,11265043627887,643
11265043914055,11265043914727,672
11265044159877,11265044160620,743
11265044399250,11265044399885,635
11265044635711,11265044636312,601
11265044876080,11265044876677,597
11265045110245,11265045110861,616
11265045345670,11265045346279,609
11265045608847,11265045609492,645
11265045854704,11265045855367,663
11265046111496,11265046112150,654
11265046362207,11265046362833,626
11265046637955,11265046638676,721
11265046971391,11265046972245,854
11265047252580,11265047253308,728
11265047543277,11265047544270,993
11265047853869,11265047854552,683
11265048138998,11265048139730,732
11265048422584,11265048423368,784
11265048699210,11265048700024,814
11265049002157,11265049002833,676
11265049297399,11265049298127,728
11265049587354,11265049588025,671
11265049902740,11265049903658,918
11265050284455,11265050285494,1039
11265050701030,11265050702138,1108
11265051052005,11265051052968,963
11265051342323,11265051342977,654
11265051637453,11265051638610,1157
11265052278514,11265052281908,3394
11265052901473,11265052902549,1076
11265053314529,11265053315358,829
11265053592867,11265053593482,615
11265053823548,11265053824182,634
11265054052631,11265054053216,585
11265054275555,11265054276164,609
11265054499704,11265054500285,581
11265054728248,11265054728921,673
11265054962542,11265054963268,726
11265055188853,11265055189419,566
11265055413343,11265055414001,658
11265055657030,11265055657701,671
11265055884623,11265055885203,580
11265056107215,11265056107786,571
11265056332883,11265056333451,568
11265056554725,11265056555294,569
11265056775385,11265056775989,604
11265057005974,11265057006660,686
11265057231280,11265057231839,559
11265057456393,11265057457006,613
11265057678188,11265057678796,608
11265057931273,11265057931860,587
11265058275035,11265058276014,979
11265058614621,11265058615731,1110
11265058964888,11265058965645,757
11265059269443,11265059270035,592
11265059555034,11265059555610,576
11265059804657,11265059805309,652
11265060033431,11265060034055,624
11265060260563,11265060261113,550
11265060492866,11265060493496,630
11265060715380,11265060715983,603
11265060936372,11265060937018,646
11265061160262,11265061161365,1103
11265061383302,11265061383944,642
11265061604944,11265061605501,557
11265061848823,11265061849508,685
11265062106860,11265062107444,584
11265062374562,11265062375198,636
11265062619999,11265062620625,626
11265062856516,11265062857084,568
11265063088667,11265063089225,558
11265063326281,11265063326867,586
11265063611547,11265063612220,673
11265063848649,11265063849248,599
11265064077179,11265064077748,569
11265064300166,11265064300741,575
11265064522126,11265064522723,597
11265064745146,11265064745727,581
11265064987792,11265064988448,656
11265065212551,11265065213176,625
11265065433912,11265065434524,612
11265065668697,11265065669296,599
11265065894235,11265065894822,587
11265066114379,11265066114950,571
11265066337471,11265066338050,579
11265066556729,11265066557294,565
11265066776422,11265066777018,596
11265067001619,11265067002215,596
11265067221254,11265067221862,608
11265067515831,11265067516774,943
11265067781488,11265067782157,669
11265068013009,11265068013689,680
11265068235143,11265068235719,576
11265068462974,11265068463572,598
11265068682283,11265068682892,609
11265068962576,11265068963150,574
11265069226198,11265069227040,842
11265069581946,11265069582522,576
11265069828175,11265069828765,590
11265070070090,11265070070696,606
11265070298151,11265070298760,609
11265070522165,11265070522793,628
11265070743856,11265070744512,656
11265070966157,11265070966737,580
11265071239474,11265071240087,613
11265071459484,11265071460018,534
11265071680103,11265071680662,559
11265071899774,11265071900338,564
11265072118543,11265072119116,573
11265072347072,11265072347675,603
11265072570992,11265072571556,564
11265072791318,11265072791871,553
11265073030344,11265073031005,661
11265073255422,11265073256010,588
11265073474865,11265073475429,564
11265073699340,11265073699935,595
11265073919489,11265073920089,600
11265074140898,11265074141533,635
11265074360357,11265074361336,979
11265074588433,11265074589003,570
11265074808916,11265074809488,572
11265075030173,11265075030773,600
11265075248411,11265075248968,557
11265075486302,11265075486869,567
11265075810770,11265075811410,640
11265076066962,11265076067607,645
11265076290310,11265076290927,617
11265076510105,11265076510699,594
11265076730260,11265076730822,562
11265076949857,11265076950418,561
11265077171814,11265077172402,588
11265077396094,11265077396652,558
11265077616905,11265077617430,525
11265077902433,11265077902973,540
11265078131456,11265078132052,596
11265078353196,11265078353788,592
11265078572299,11265078572898,599
11265078795953,11265078796546,593
11265079022507,11265079023077,570
11265079239900,11265079240470,570
11265079467120,11265079468015,895
11265079686260,11265079686865,605
11265079903697,11265079904245,548
11265080121756,11265080122334,578
11265080341635,11265080342194,559
11265080569912,11265080570483,571
11265080786368,11265080786970,602
11265081005252,11265081005813,561
11265081222021,11265081222630,609
11265081446934,11265081447530,596
11265081661566,11265081662160,594
11265081877902,11265081878496,594
11265082094242,11265082094822,580
11265082318875,11265082319453,578
11265082540515,11265082541059,544
11265082759057,11265082759599,542
11265082976897,11265082977466,569
11265083192324,11265083192884,560
11265083408883,11265083409456,573
11265083646821,11265083647689,868
11265083981756,11265083982478,722
11265084390364,11265084391317,953
11265084642599,11265084643253,654
11265084865602,11265084866163,561
11265085089362,11265085089931,569
11265085306707,11265085307500,793
11265085526292,11265085526902,610
11265085756903,11265085757500,597
11265085977452,11265085978044,592
11265086206333,11265086206903,570
11265086430475,11265086431046,571
11265086649593,11265086650166,573
11265086869324,11265086869911,587
11265087090537,11265087091118,581
11265087322134,11265087322741,607
11265087541785,11265087542364,579
11265087757407,11265087757989,582
11265087981025,11265087981613,588
11265088201688,11265088202275,587
11265088426741,11265088427321,580
11265088642564,11265088643113,549
11265088863625,11265088864206,581
11265089100462,11265089101075,613
11265089377855,11265089378543,688
11265089607117,11265089607726,609
11265089839422,11265089840045,623
11265090060830,11265090061382,552
11265090276515,11265090277543,1028
11265090509662,11265090510215,553
11265090729165,11265090729741,576
11265090951091,11265090951672,581
11265091173763,11265091174371,608
11265091401686,11265091402236,550
11265091626267,11265091626836,569
11265091848514,11265091849049,535
11265092068218,11265092068765,547
11265092305791,11265092306335,544
11265092538889,11265092539460,571
11265092758251,11265092758898,647
11265092976001,11265092976623,622
11265093194136,11265093194720,584
11265093420093,11265093420692,599
11265093638832,11265093639419,587
11265093861263,11265093861817,554
11265094079849,11265094080398,549
11265094301349,11265094301904,555
11265094518563,11265094519289,726
11265094744401,11265094744985,584
11265094973281,11265094973896,615
11265095256128,11265095256762,634
11265095517807,11265095518403,596
11265095764998,11265095765571,573
11265096002708,11265096003332,624
11265096235557,11265096236187,630
11265096469866,11265096470448,582
11265096701694,11265096702298,604
11265096935285,11265096935907,622
11265097169529,11265097170176,647
11265097403572,11265097404212,640
11265097644055,11265097644732,677
11265097877054,11265097877672,618
11265098106376,11265098107003,627
11265098345341,11265098345939,598
11265098585215,11265098585870,655
11265098855420,11265098856039,619
11265099125436,11265099126473,1037
11265099377536,11265099378189,653
11265099653333,11265099654006,673
11265099936659,11265099937444,785
11265100230917,11265100231770,853
11265100551041,11265100551692,651
11265100838777,11265100839467,690
11265101091221,11265101091857,636
11265101333195,11265101333856,661
11265101575734,11265101576407,673
11265101821973,11265101822598,625
11265102060522,11265102061208,686
11265102314469,11265102315092,623
11265102585681,11265102586328,647
11265102830723,11265102831385,662
11265103076284,11265103076930,646
11265103318234,11265103319236,1002
11265103563673,11265103564353,680
11265103805400,11265103806032,632
11265104045899,11265104046542,643
11265104288086,11265104288746,660
11265104556946,11265104557598,652
11265104797207,11265104797834,627
11265105038526,11265105039151,625
11265105277722,11265105278366,644
11265105525884,11265105526541,657
11265105784805,11265105785433,628
11265106030237,11265106030882,645
11265106325661,11265106326305,644
11265106603333,11265106603946,613
11265106853912,11265106854515,603
11265107100097,11265107100725,628
11265107342472,11265107343108,636
11265107590965,11265107591545,580
11265107835309,11265107835936,627
11265108079758,11265108080746,988
11265108321239,11265108322142,903
11265108559792,11265108560370,578
11265108805743,11265108806366,623
11265109062208,11265109062801,593
11265109307750,11265109308370,620
11265109567197,11265109567806,609
11265109810624,11265109811250,626
11265110054864,11265110055460,596
11265110303846,11265110304544,698
11265110557545,11265110558157,612
11265110800257,11265110800889,632
11265111046579,11265111047195,616
11265111277482,11265111278165,683
11265111506998,11265111507611,613
11265111725336,11265111725942,606
11265111945402,11265111946365,963
11265112165563,11265112166154,591
11265112402645,11265112403220,575
11265112661745,11265112662408,663
11265112910504,11265112911202,698
11265113154833,11265113155496,663
11265113398020,11265113398683,663
11265113641858,11265113642517,659
11265113886193,11265113886861,668
11265114128936,11265114129630,694
11265114371173,11265114371864,691
11265114613845,11265114614518,673
11265114857700,11265114858341,641
11265115099519,11265115100386,867
11265115341983,11265115342627,644
11265115596799,11265115597466,667
11265115842323,11265115843015,692
11265116089399,11265116090043,644
11265116334686,11265116335305,619
11265116579583,11265116580282,699
11265116823403,11265116824045,642
11265117065096,11265117065702,606
11265117310711,11265117311307,596
11265117559544,11265117560168,624
11265117801080,11265117801693,613
11265118043586,11265118044198,612
11265118284748,11265118285359,611
11265118527749,11265118528382,633
11265118768474,11265118769096,622
11265119017857,11265119018522,665
11265119266553,11265119267185,632
11265119515281,11265119515974,693
11265119760880,11265119761555,675
11265120003444,11265120004116,672
11265120245893,11265120246562,669
11265120489508,11265120490173,665
11265120731889,11265120732530,641
11265120977418,11265120978049,631
11265121218759,11265121219404,645
11265121461739,11265121462346,607
11265121703637,11265121704261,624
11265121947243,11265121947901,658
11265122188131,11265122189009,878
11265122461633,11265122462295,662
11265122714956,11265122715658,702
11265122960437,11265122961095,658
11265123208722,11265123209395,673
11265123457578,11265123458204,626
11265123701475,11265123702150,675
11265123947538,11265123948180,642
11265124188758,11265124189398,640
11265124440122,11265124440751,629
11265124684586,11265124685237,651
11265124924508,11265124925131,623
11265125166399,11265125167004,605
11265125413393,11265125414363,970
11265125666959,11265125667627,668
11265125912155,11265125912835,680
11265126155069,11265126155750,681
11265126399349,11265126400022,673
11265126644156,11265126644844,688
11265126889082,11265126889805,723
11265127131447,11265127132087,640
11265127373766,11265127374433,667
11265127614656,11265127615264,608
11265127856398,11265127857059,661
11265128100789,11265128101448,659
11265128349870,11265128350535,665
11265128592487,11265128593118,631
11265128833534,11265128834163,629
11265129085538,11265129086207,669
11265129332999,11265129333774,775
11265129575837,11265129576493,656
11265129819646,11265129820285,639
11265130061270,11265130061877,607
11265130306387,11265130307019,632
11265130582162,11265130582772,610
11265130822295,11265130822873,578
11265131065719,11265131066594,875
11265131313385,11265131314036,651
11265131557468,11265131558102,634
11265131799112,11265131799773,661
11265132040988,11265132041639,651
11265132292325,11265132292944,619
11265132562141,11265132562788,647
11265132808789,11265132809431,642
11265133054886,11265133055511,625
11265133309687,11265133310345,658
11265133552390,11265133553050,660
11265133796509,11265133797409,900
11265134039474,11265134040155,681
11265134281984,11265134282660,676
11265134549364,11265134550026,662
11265134795659,11265134796351,692
11265135039538,11265135040216,678
11265135285487,11265135286176,689
11265135525123,11265135525766,643
11265135777532,11265135778185,653
11265136021439,11265136022106,667
11265136266935,11265136267611,676
11265136541279,11265136541963,684
11265136786939,11265136787623,684
11265137032848,11265137033514,666
11265137273498,11265137274182,684
11265137527729,11265137528397,668
11265137770835,11265137771473,638
11265138014053,11265138014737,684
11265138256360,11265138257057,697
11265138500534,11265138501235,701
11265138745625,11265138746280,655
11265138996051,11265138996660,609
11265139256311,11265139256972,661
11265139500323,11265139500991,668
11265139741903,11265139742547,644
11265139987425,11265139988102,677
11265140232405,11265140233101,696
11265140481467,11265140482137,670
11265140725892,11265140726572,680
11265140967433,11265140968129,696
11265141210434,11265141211127,693
11265141460415,11265141461095,680
11265141702328,11265141703404,1076
11265141942719,11265141943371,652
11265142186990,11265142187630,640
11265142440516,11265142441174,658
11265142684804,11265142685450,646
11265142927271,11265142927942,671
11265143171670,11265143172332,662
11265143418051,11265143418726,675
11265143660500,11265143661163,663
11265143903219,11265143903892,673
11265144146025,11265144146992,967
11265144401884,11265144402530,646
11265144644690,11265144645343,653
11265144888103,11265144888789,686
11265145129647,11265145130312,665
11265145371640,11265145372298,658
11265145621476,11265145622150,674
11265145869942,11265145870596,654
11265146113808,11265146114409,601
11265146359283,11265146359926,643
11265146602836,11265146603709,873
11265146845365,11265146846035,670
11265147092485,11265147093136,651
11265147332941,11265147333621,680
11265147575551,11265147576215,664
11265147816585,11265147817215,630
11265148061457,11265148062090,633
11265148302878,11265148303533,655
11265148547493,11265148548162,669
11265148789960,11265148790620,660
11265149047798,11265149048426,628
11265149303566,11265149304248,682
11265149550390,11265149551101,711
11265149794695,11265149795362,667
11265150048096,11265150048762,666
11265150305877,11265150306541,664
11265150551797,11265150552465,668
11265150796069,11265150796724,655
11265151036823,11265151037488,665
11265151279978,11265151280616,638
11265151523344,11265151524003,659
11265151768456,11265151769116,660
11265152008805,11265152009453,648
11265152263227,11265152263826,599
11265152522668,11265152523264,596
11265152768102,11265152768758,656
11265153012871,11265153013515,644
11265153260047,11265153260688,641
11265153504348,11265153504981,633
11265153812263,11265153812947,684
11265154061136,11265154061788,652
11265154305473,11265154306060,587
11265154548631,11265154549278,647
11265154791644,11265154792297,653
11265155033423,11265155034058,635
11265155276694,11265155277366,672
11265155520056,11265155520730,674
11265155769844,11265155770486,642
11265156013440,11265156014122,682
11265156258227,11265156258894,667
11265156512079,11265156512783,704
11265156753993,11265156754653,660
11265156996562,11265156997190,628
11265157238572,11265157239212,640
11265157488654,11265157489302,648
11265157733249,11265157733855,606
11265157973680,11265157974308,628
11265158216544,11265158217217,673
11265158461522,11265158462195,673
11265158702479,11265158703138,659
11265158955928,11265158956573,645
11265159201530,11265159202153,623
11265159463795,11265159464406,611
11265159707700,11265159708736,1036
11265159951138,11265159951812,674
11265160198022,11265160198686,664
11265160444229,11265160444848,619
11265160684555,11265160685182,627
11265160926274,11265160926882,608
11265161165522,11265161166146,624
11265161411062,11265161411700,638
11265161654508,11265161655147,639
11265161898159,11265161898785,626
11265162137940,11265162138926,986
11265162388631,11265162389279,648
11265162631878,11265162632486,608
11265162874626,11265162875261,635
11265163114094,11265163114707,613
11265163357513,11265163358144,631
11265163601581,11265163602218,637
11265163844714,11265163845373,659
11265164085633,11265164086247,614
11265164326455,11265164327088,633
11265164574079,11265164574975,896
11265164815652,11265164816238,586
11265165058047,11265165058693,646
11265165305203,11265165305824,621
11265165556800,11265165557446,646
11265165801400,11265165802038,638
11265166047855,11265166048505,650
11265166291042,11265166291692,650
11265166536541,11265166537212,671
11265166778056,11265166778691,635
11265167021397,11265167022006,609
11265167266068,11265167266681,613
11265167510634,11265167511253,619
11265167751613,11265167752279,666
11265167993453,11265167994076,623
11265168237428,11265168238081,653
11265168478438,11265168479045,607
11265168721057,11265168721682,625
11265168969769,11265168970464,695
11265169214781,11265169215424,643
11265169495219,11265169496010,791
11265169739500,11265169740146,646
11265169985212,11265169985898,686
11265170230049,11265170230710,661
11265170472724,11265170473350,626
11265170716005,11265170716655,650
11265170958299,11265170958892,593
11265171199991,11265171200623,632
11265171440584,11265171441194,610
11265171683391,11265171684017,626
11265171926274,11265171926876,602
11265172163657,11265172164238,581
11265172417663,11265172418296,633
11265172660055,11265172660684,629
11265172902757,11265172903378,621
11265173143163,11265173143739,576
11265173385246,11265173385840,594
11265173626604,11265173627248,644
11265173866149,11265173866765,616
11265174109447,11265174110038,591
11265174350198,11265174350789,591
11265174588906,11265174589526,620
11265174830012,11265174830595,583
11265175071189,11265175071830,641
11265175313111,11265175313737,626
11265175562190,11265175562821,631
11265175803809,11265175804463,654
11265176047023,11265176047657,634
11265176288511,11265176289144,633
11265176541914,11265176542554,640
11265176783414,11265176784029,615
11265177027127,11265177027728,601
11265177277867,11265177278504,637
11265177518775,11265177519410,635
11265177762022,11265177762660,638
11265178001901,11265178002575,674
11265178243968,11265178244631,663
11265178490489,11265178491129,640
11265178730827,11265178731477,650
11265178981385,11265178982117,732
11265179227151,11265179227831,680
11265179468731,11265179469375,644
11265179710352,11265179710985,633
11265179953702,11265179954319,617
11265180195962,11265180196578,616
11265180433719,11265180434354,635
11265180674815,11265180675431,616
11265180916338,11265180916982,644
11265181159320,11265181159937,617
11265181406177,11265181406790,613
11265181646308,11265181646971,663
11265181888328,11265181888979,651
11265182130232,11265182130888,656
11265182382410,11265182383080,670
11265182635518,11265182636188,670
11265182878797,11265182879492,695
11265183120767,11265183121393,626
11265183365621,11265183366266,645
11265183609972,11265183610590,618
11265183856244,11265183856902,658
11265184099446,11265184100067,621
11265184342109,11265184342781,672
11265184582008,11265184582641,633
11265184826039,11265184826702,663
11265185069415,11265185070025,610
11265185309585,11265185310223,638
11265185558995,11265185559663,668
11265185804010,11265185804648,638
11265186048661,11265186049328,667
11265186290966,11265186291587,621
11265186538400,11265186539030,630
11265186779838,11265186780459,621
11265187025796,11265187026451,655
11265187267470,11265187268096,626
11265187510524,11265187511170,646
11265187752191,11265187752815,624
11265187991798,11265187992459,661
11265188236583,11265188237215,632
11265188483285,11265188483890,605
11265188724878,11265188725549,671
11265188975700,11265188976713,1013
11265189220442,11265189221102,660
11265189473295,11265189473960,665
11265189715885,11265189716503,618
11265189958995,11265189959647,652
11265190203569,11265190204250,681
11265190443573,11265190444226,653
11265190688323,11265190688949,626
11265190931996,11265190932626,630
11265191173559,11265191174215,656
11265191413711,11265191414337,626
11265191654520,11265191655169,649
11265191898958,11265191899612,654
11265192140510,11265192141175,665
11265192388159,11265192388830,671
11265192630126,11265192630772,646
11265192872626,11265192873286,660
11265193115457,11265193116123,666
11265193363006,11265193363680,674
11265193603801,11265193604461,660
11265193845122,11265193845749,627
11265194089813,11265194090464,651
11265194330198,11265194330850,652
11265194578853,11265194579520,667
11265194821572,11265194822202,630
11265195061399,11265195062080,681
11265195304271,11265195304934,663
11265195553550,11265195554216,666
11265195797565,11265195798219,654
11265196042315,11265196042973,658
11265196284986,11265196285641,655
11265196530646,11265196531323,677
11265196772262,11265196772905,643
11265197012760,11265197013407,647
11265197254236,11265197254896,660
11265197501308,11265197501954,646
11265197745931,11265197746583,652
11265197988179,11265197989151,972
11265198231661,11265198232292,631
11265198472754,11265198473392,638
11265198714329,11265198714961,632
11265198967527,11265198968186,659
11265199211411,11265199212021,610
11265199461869,11265199462506,637
11265199704863,11265199705519,656
11265199946030,11265199946654,624
11265200193913,11265200194566,653
11265200435804,11265200436458,654
11265200676305,11265200676947,642
11265200919508,11265200920129,621
11265201164697,11265201165323,626
11265201407138,11265201407763,625
11265201650511,11265201651135,624
11265201893542,11265201894172,630
11265202136545,11265202137152,607
11265202385802,11265202386442,640
11265202629276,11265202629902,626
11265202872700,11265202873338,638
11265203115328,11265203115950,622
11265203355692,11265203356316,624
11265203597546,11265203598153,607
11265203840239,11265203840874,635
11265204089109,11265204089704,595
11265204330282,11265204330895,613
11265204573365,11265204574014,649
11265204816973,11265204817612,639
11265205059202,11265205059868,666
11265205301281,11265205301910,629
11265205550973,11265205551594,621
11265205794029,11265205794684,655
11265206038334,11265206038956,622
11265206281702,11265206282344,642
11265206524256,11265206524919,663
11265206766456,11265206767104,648
11265207007446,11265207008409,963
11265207251460,11265207252123,663
11265207501470,11265207502117,647
11265207743167,11265207743790,623
11265207983934,11265207984593,659
11265208229770,11265208230419,649
11265208476347,11265208477011,664
11265208718666,11265208719302,636
11265208966971,11265208967649,678
11265209213375,11265209214018,643
11265209458622,11265209459258,636
11265209702321,11265209702952,631
11265209944242,11265209944862,620
11265210189170,11265210189817,647
11265210432785,11265210433403,618
11265210675756,11265210676366,610
11265210917659,11265210918271,612
11265211159777,11265211160457,680
11265211410262,11265211410901,639
11265211651348,11265211651966,618
11265211895899,11265211896494,595
11265212137701,11265212138304,603
11265212391713,11265212392347,634
11265212634286,11265212634892,606
11265212881015,11265212881635,620
11265213121596,11265213122257,661
11265213369573,11265213370194,621
11265213611704,11265213612322,618
11265213855991,11265213856581,590
11265214099413,11265214100048,635
11265214348540,11265214349139,599
11265214590445,11265214591078,633
11265214832773,11265214833385,612
11265215075848,11265215076516,668
11265215318794,11265215319394,600
11265215571585,11265215572244,659
11265215816691,11265215817335,644
11265216060322,11265216061139,817
11265216304542,11265216305139,597
11265216556454,11265216557062,608
11265216799608,11265216800248,640
11265217042950,11265217043621,671
11265217285668,11265217286315,647
11265217528998,11265217529627,629
11265217773671,11265217774298,627
11265218014297,11265218014916,619
11265218257754,11265218258375,621
11265218506223,11265218506869,646
11265218749230,11265218749855,625
11265219001883,11265219002525,642
11265219246478,11265219247121,643
11265219497187,11265219497820,633
11265219741502,11265219742149,647
11265219983969,11265219984880,911
11265220229763,11265220230390,627
11265220476638,11265220477323,685
11265220717987,11265220718655,668
11265220958070,11265220958713,643
11265221202882,11265221203644,762
11265221453567,11265221454218,651
11265221693627,11265221694267,640
11265221935912,11265221936555,643
11265222180050,11265222180687,637
11265222433814,11265222434480,666
11265222676930,11265222677940,1010
11265222924134,11265222924784,650
11265223166738,11265223167379,641
11265223408077,11265223408721,644
11265223651822,11265223652497,675
11265223894706,11265223895351,645
11265224135630,11265224136262,632
11265224379285,11265224379936,651
11265224621509,11265224622138,629
11265224865898,11265224866545,647
11265225108664,11265225109332,668
11265225349281,11265225349968,687
11265225598922,11265225599554,632
11265225844086,11265225844768,682
11265226091135,11265226091816,681
11265226334110,11265226334749,639
11265226576384,11265226577001,617
11265226818380,11265226819089,709
11265227060931,11265227061536,605
11265227304466,11265227305083,617
11265227547643,11265227548262,619
11265227790527,11265227791195,668
11265228034458,11265228035119,661
11265228280026,11265228280661,635
11265228521546,11265228522200,654
11265228764047,11265228764703,656
11265229013920,11265229014557,637
11265229259702,11265229260356,654
11265229505274,11265229505925,651
11265229748843,11265229749494,651
11265229988969,11265229989618,649
11265230239175,11265230239847,672
11265230549834,11265230550476,642
11265230797204,11265230797843,639
11265231039669,11265231040352,683
11265231289511,11265231290125,614
11265231538580,11265231539215,635
11265231780715,11265231781385,670
11265232027891,11265232028559,668
11265232281351,11265232282024,673
11265232526159,11265232526828,669
11265232771290,11265232771944,654
11265233017788,11265233018438,650
11265233260548,11265233261186,638
11265233503080,11265233503718,638
11265233745048,11265233745670,622
11265233987672,11265233988313,641
11265234232777,11265234233467,690
11265234482910,11265234483544,634
11265234726493,11265234727140,647
11265234968444,11265234969085,641
11265274980557,11265274981911,1354
11265275273618,11265275274423,805
11265275528927,11265275529699,772
11265276005577,11265276006463,886
11265276332987,11265276333610,623
11265276613537,11265276614082,545
11265276870817,11265276871451,634
11265277080972,11265277081606,634
11265277295224,11265277296010,786
11265277505507,11265277506049,542
11265277714515,11265277715083,568
11265277923920,11265277924488,568
11265278133878,11265278134497,619
11265278343452,11265278344146,694
11265278552418,11265278552999,581
11265278761354,11265278761887,533
11265279010398,11265279010968,570
11265279290194,11265279290692,498
11265279563945,11265279564460,515
11265279813599,11265279814162,563
11265280025847,11265280026458,611
11265280234496,11265280235055,559
11265280445371,11265280445923,552
11265280655951,11265280656483,532
11265280866479,11265280867299,820
11265281075649,11265281076205,556
11265281284491,11265281285042,551
11265281494328,11265281494857,529
11265281796926,11265281797612,686
11265282035102,11265282035693,591
11265282282048,11265282282676,628
11265282505339,11265282505937,598
11265282741395,11265282742003,608
11265282959006,11265282959557,551
11265283184556,11265283185081,525
11265283402875,11265283403477,602
11265283645452,11265283646008,556
11265283863773,11265283864706,933
11265284081130,11265284081706,576
11265284298729,11265284316246,17517
11265284536494,11265284537107,613
11265284749910,11265284750516,606
11265284964761,11265284965307,546
11265285179182,11265285179785,603
11265285411147,11265285411678,531
11265285668434,11265285669000,566
11265285911231,11265285911748,517
11265286124547,11265286125076,529
11265286356628,11265286357119,491
11265286567463,11265286567970,507
11265286821459,11265286822004,545
11265287079808,11265287080356,548
11265287290825,11265287291362,537
11265287520897,11265287521469,572
11265287732114,11265287732684,570
11265287944498,11265287945051,553
11265288157819,11265288158671,852
11265288377948,11265288378474,526
11265288591621,11265288592189,568
11265288805993,11265288806552,559
11265289034726,11265289035320,594
11265289254123,11265289254638,515
11265289497720,11265289498299,579
11265289747455,11265289748093,638
11265289992504,11265289993664,1160
11265290229927,11265290230552,625
11265290471591,11265290472303,712
11265290705621,11265290706277,656
11265290937689,11265290938399,710
11265291172681,11265291173301,620
11265291433022,11265291433695,673
11265291665608,11265291666277,669
11265291902399,11265291903353,954
11265292154158,11265292154903,745
11265292406290,11265292406966,676
11265292643586,11265292644156,570
11265292878159,11265292878845,686
11265293115615,11265293116262,647
11265293348881,11265293349528,647
11265293587366,11265293587980,614
11265293867224,11265293867899,675
11265294095890,11265294096527,637
11265294309536,11265294310111,575
11265294518883,11265294519454,571
11265294727049,11265294727637,588
11265294934794,11265294935305,511
11265295142953,11265295143443,490
11265295407759,11265295408360,601
11265295701893,11265295703079,1186
11265295960355,11265295961019,664
11265296210074,11265296210721,647
11265296450057,11265296450985,928
11265296698450,11265296699115,665
11265296937146,11265296937778,632
11265297176736,11265297177388,652
11265297426645,11265297427258,613
11265297661742,11265297662378,636
11265297902920,11265297903551,631
11265298137103,11265298137721,618
11265298369960,11265298370920,960
11265298602711,11265298603330,619
11265298842518,11265298843126,608
11265299089075,11265299089672,597
11265299325858,11265299326514,656
11265299587514,11265299588192,678
11265299823078,11265299823751,673
11265300057950,11265300058567,617
11265300318993,11265300319983,990
11265300553214,11265300553859,645
11265300837936,11265300838611,675
11265301084534,11265301085169,635
11265301319095,11265301319751,656
11265301553386,11265301554047,661
11265301814519,11265301815174,655
11265302047679,11265302048354,675
11265302292243,11265302292873,630
11265302527059,11265302527729,670
11265302760434,11265302761103,669
11265302993693,11265302994354,661
11265303228292,11265303228901,609
11265303468654,11265303469285,631
11265303702894,11265303703534,640
11265303938569,11265303939175,606
11265304173752,11265304174369,617
11265304409536,11265304410144,608
11265304658664,11265304659319,655
11265304892533,11265304893419,886
11265305128082,11265305128682,600
11265305361600,11265305362237,637
11265305603131,11265305603770,639
11265305838910,11265305839568,658
11265306076703,11265306077384,681
11265306367750,11265306368574,824
11265306671294,11265306671969,675
11265306888750,11265306889349,599
11265307097077,11265307097643,566
11265307304957,11265307305530,573
11265307514912,11265307515472,560
11265307748025,11265307748697,672
11265307985963,11265307986600,637
11265308225554,11265308226232,678
11265308476967,11265308477940,973
11265308711140,11265308711767,627
11265308957435,11265308958059,624
11265309193113,11265309193782,669
11265309453635,11265309454272,637
11265309687745,11265309688390,645
11265309920413,11265309921053,640
11265310154115,11265310154764,649
11265310401551,11265310402209,658
11265310632850,11265310633520,670
11265310866315,11265310866951,636
11265311099100,11265311099760,660
11265311345947,11265311346586,639
11265311579126,11265311579746,620
11265311812675,11265311813295,620
11265312045423,11265312046038,615
11265312284525,11265312285191,666
11265312518631,11265312519248,617
11265312752108,11265312752763,655
11265312984780,11265312985446,666
11265313217865,11265313218471,606
11265313480163,11265313480782,619
11265313713841,11265313714485,644
11265313946256,11265313946901,645
11265314179924,11265314180574,650
11265314412136,11265314412761,625
11265314644685,11265314645320,635
11265314878672,11265314879322,650
11265315111739,11265315112374,635
11265315343049,11265315343668,619
11265315585311,11265315585936,625
11265315820317,11265315820944,627
11265316054643,11265316055300,657
11265316295446,11265316296090,644
11265316529714,11265316530348,634
11265316764250,11265316764890,640
11265316998478,11265316999109,631
11265317231001,11265317231627,626
11265317470355,11265317470983,628
11265317703167,11265317703782,615
11265317938164,11265317938775,611
11265318173583,11265318174445,862
11265318408623,11265318409243,620
11265318641835,11265318642461,626
11265318872955,11265318879441,6486
11265319113514,11265319114125,611
11265319347443,11265319348034,591
11265319588201,11265319588843,642
11265319823887,11265319824517,630
11265320062874,11265320063503,629
11265320304003,11265320304636,633
11265320538002,11265320538667,665
11265320772798,11265320773422,624
11265321005479,11265321006142,663
11265321238665,11265321239323,658
11265321485682,11265321486274,592
11265321718616,11265321719235,619
11265321950272,11265321950880,608
11265322182641,11265322183861,1220
11265322450465,11265322451090,625
11265322684867,11265322685487,620
11265322920115,11265322920749,634
11265323154729,11265323155396,667
11265323395839,11265323396476,637
11265323628566,11265323629209,643
11265323876622,11265323877297,675
11265324112680,11265324113334,654
11265324344764,11265324345387,623
11265324610658,11265324611307,649
11265324846253,11265324846900,647
11265325081410,11265325082035,625
11265325315448,11265325316106,658
11265325583209,11265325583828,619
11265325817933,11265325818563,630
11265326051374,11265326052017,643
11265326285354,11265326286284,930
11265326521562,11265326522221,659
11265326755407,11265326756077,670
11265326990434,11265326991109,675
11265327225195,11265327225856,661
11265327479719,11265327480363,644
11265327714065,11265327714708,643
11265327946719,11265327947542,823
11265328182045,11265328182690,645
11265328415773,11265328416403,630
11265328649408,11265328650024,616
11265328889716,11265328890346,630
11265329122921,11265329123606,685
11265329356960,11265329357646,686
11265329602443,11265329603101,658
11265329835946,11265329836558,612
11265330070270,11265330070955,685
11265330304300,11265330304942,642
11265330539300,11265330539879,579
11265330772040,11265330772648,608
11265331006665,11265331007264,599
11265331239936,11265331240561,625
11265331483580,11265331484224,644
11265331716000,11265331716636,636
11265331953575,11265331954218,643
11265332187363,11265332188007,644
11265332434487,11265332435123,636
11265332669074,11265332669769,695
11265332904556,11265332905205,649
11265333138510,11265333139161,651
11265333373153,11265333373790,637
11265333607561,11265333608177,616
11265333842748,11265333843321,573
11265334076173,11265334076808,635
11265334314810,11265334315460,650
11265334549155,11265334549784,629
11265334780479,11265334781104,625
11265335012155,11265335012779,624
11265335244326,11265335245328,1002
11265335503806,11265335504391,585
11265335746652,11265335747262,610
11265335981526,11265335982156,630
11265336214957,11265336215588,631
11265336459437,11265336460091,654
11265336692390,11265336693014,624
11265336927096,11265336927959,863
11265337159672,11265337160316,644
11265337392141,11265337392777,636
11265337632903,11265337633549,646
11265337866418,11265337867034,616
11265338098092,11265338098717,625
11265338338834,11265338339582,748
11265338574792,11265338575402,610
11265338806839,11265338807451,612
11265339046895,11265339047528,633
11265339280234,11265339280885,651
11265339520431,11265339521042,611
11265339753553,11265339754178,625
11265339985439,11265339986087,648
11265340218786,11265340219443,657
11265340458715,11265340459359,644
11265340691834,11265340692411,577
11265340924752,11265340925384,632
11265341156785,11265341157410,625
11265341399484,11265341400108,624
11265341632951,11265341633560,609
11265341866110,11265341866712,602
11265342098515,11265342099157,642
11265342337695,11265342338362,667
11265342578203,11265342578850,647
11265342811004,11265342811632,628
11265343043789,11265343044396,607
11265343275915,11265343276531,616
11265343516858,11265343517481,623
11265343751372,11265343752021,649
11265343984986,11265343985616,630
11265344225007,11265344225999,992
11265344459573,11265344460179,606
11265344693740,11265344694359,619
11265344927547,11265344928180,633
11265345160368,11265345160995,627
11265345394753,11265345395365,612
11265345634149,11265345634789,640
11265345868089,11265345868919,830
11265346103781,11265346104402,621
11265346335957,11265346336593,636
11265346568591,11265346569226,635
11265346802505,11265346803132,627
11265347034622,11265347035264,642
11265347266252,11265347266930,678
11265347499685,11265347500343,658
11265347731548,11265347732192,644
11265347963658,11265347964300,642
11265348196157,11265348196809,652
11265348435151,11265348435829,678
11265348667545,11265348668206,661
11265348909184,11265348909829,645
11265349145229,11265349145860,631
11265349379342,11265349379991,649
11265349623626,11265349624278,652
11265349866072,11265349866738,666
11265350123306,11265350123963,657
11265350367450,11265350368153,703
11265350602607,11265350603265,658
11265350836184,11265350837070,886
11265351070617,11265351071248,631
11265351306242,11265351306913,671
11265351541477,11265351542092,615
11265351776678,11265351777399,721
11265352010237,11265352010890,653
11265352281118,11265352281777,659
11265352517571,11265352518257,686
11265352755825,11265352756450,625
11265352988447,11265352989076,629
11265353221629,11265353222273,644
11265353479507,11265353480163,656
11265353713718,11265353714342,624
11265353945979,11265353946634,655
11265354180395,11265354181053,658
11265354417586,11265354418213,627
11265354649398,11265354650048,650
11265354881441,11265354882073,632
11265355113273,11265355113898,625
11265355345237,11265355345852,615
11265355588330,11265355588974,644
11265355826156,11265355826778,622
11265356060488,11265356061132,644
11265356293900,11265356294558,658
11265356536238,11265356536904,666
11265356770161,11265356770799,638
11265357002059,11265357002719,660
11265357235605,11265357236227,622
11265357485585,11265357486294,709
11265357719538,11265357720179,641
11265357955053,11265357955705,652
11265358203317,11265358204382,1065
11265358436784,11265358437442,658
11265358669477,11265358670117,640
11265358910740,11265358911399,659
11265359148110,11265359148747,637
11265359398947,11265359399599,652
11265359633070,11265359633727,657
11265359867595,11265359868398,803
11265360102075,11265360102709,634
11265360334096,11265360334737,641
11265360579630,11265360580261,631
11265360812575,11265360813198,623
11265361043618,11265361044262,644
11265361282127,11265361282769,642
11265361514707,11265361515371,664
11265361747265,11265361747906,641
11265361977935,11265361978598,663
11265362215262,11265362215935,673
11265362468205,11265362468891,686
11265362701317,11265362701977,660
11265362933197,11265362933887,690
11265363168296,11265363168945,649
11265363407687,11265363408347,660
11265363640731,11265363641382,651
11265363873553,11265363874190,637
11265364105913,11265364106560,647
11265364337572,11265364338186,614
11265364569514,11265364570151,637
11265364800906,11265364801526,620
11265365033020,11265365033656,636
11265365281055,11265365281676,621
11265365513365,11265365514026,661
11265365755101,11265365755787,686
11265365989762,11265365990431,669
11265366226328,11265366226996,668
11265366477384,11265366478029,645
11265366710462,11265366711056,594
11265366944039,11265366944660,621
11265367178277,11265367179243,966
11265367420522,11265367421210,688
11265367653088,11265367653746,658
11265367884573,11265367885237,664
11265368117450,11265368118103,653
11265368357274,11265368357928,654
11265368589463,11265368590076,613
11265368820461,11265368821321,860
11265369059018,11265369059674,656
11265369292848,11265369293525,677
11265369525777,11265369526432,655
11265369758847,11265369759528,681
11265369991202,11265369991840,638
11265370224087,11265370224738,651
11265370463051,11265370463673,622
11265370697476,11265370698097,621
11265370929675,11265370930311,636
11265371161881,11265371162529,648
11265371420207,11265371420849,642
11265371652528,11265371653148,620
11265371885436,11265371886076,640
11265372117090,11265372117753,663
11265372364713,11265372365347,634
11265372599530,11265372600168,638
11265372832571,11265372833208,637
11265373065249,11265373065900,651
11265373296957,11265373297606,649
11265373537420,11265373538043,623
11265373771672,11265373772286,614
11265374004965,11265374005608,643
11265374237464,11265374238095,631
11265374477410,11265374478093,683
11265374712423,11265374713046,623
11265374947948,11265374948572,624
11265375181850,11265375182458,608
11265375416448,11265375417069,621
11265375664754,11265375665394,640
11265375899125,11265375899779,654
11265376141563,11265376142207,644
11265376399706,11265376400348,642
11265376633549,11265376634160,611
11265376866474,11265376867109,635
11265377100188,11265377100811,623
11265377334375,11265377335007,632
11265377594332,11265377594944,612
11265377827409,11265377828003,594
11265378061658,11265378062277,619
11265378304675,11265378305274,599
11265378537742,11265378538359,617
11265378772452,11265378773076,624
11265379013980,11265379014612,632
11265379252549,11265379253201,652
11265379514356,11265379515004,648
11265379750316,11265379750960,644
11265379985209,11265379985879,670
11265380217949,11265380218598,649
11265380459131,11265380459805,674
11265380693393,11265380694043,650
11265380927978,11265380928616,638
11265381163050,11265381163687,637
11265381411568,11265381412219,651
11265381644625,11265381645261,636
11265381877645,11265381878278,633
11265382110316,11265382111213,897
11265382351729,11265382352377,648
11265382592663,11265382593304,641
11265382827460,11265382828085,625
11265383061147,11265383061756,609
11265383293922,11265383294541,619
11265383566742,11265383567364,622
11265383800523,11265383801500,977
11265384032923,11265384033550,627
11265384266724,11265384267363,639
11265384527787,11265384528422,635
11265384763248,11265384763873,625
11265384997108,11265384997731,623
11265385229484,11265385230121,637
11265385468811,11265385469412,601
11265385708841,11265385709487,646
11265385943113,11265385943744,631
11265386176761,11265386177418,657
11265386410663,11265386411305,642
11265386643820,11265386644443,623
11265386877217,11265386877843,626
11265387111737,11265387112369,632
11265387346606,11265387347223,617
11265387580524,11265387581145,621
11265387815206,11265387815845,639
11265388050389,11265388051001,612
11265388284258,11265388284885,627
11265388527946,11265388528544,598
11265388759914,11265388760553,639
11265389000304,11265389000972,668
11265389235116,11265389235768,652
11265389473801,11265389474432,631
11265389705809,11265389706446,637
11265389937826,11265389938467,641
11265390170041,11265390170692,651
11265390401844,11265390402494,650
11265390634767,11265390635399,632
11265390867772,11265390868387,615
11265391105288,11265391105905,617
11265391343308,11265391344052,744
11265391578122,11265391578765,643
11265391811633,11265391812255,622
11265392043483,11265392044127,644
11265392284834,11265392285474,640
11265392536091,11265392536730,639
11265392769940,11265392770588,648
11265393002792,11265393003633,841
11265393238613,11265393239247,634
11265393477741,11265393478380,639
11265393710858,11265393711483,625
11265393945500,11265393946122,622
11265394177336,11265394177938,602
11265394414842,11265394415447,605
11265394649083,11265394649683,600
11265394881103,11265394881724,621
11265395114854,11265395115466,612
11265395373359,11265395374003,644
11265395615698,11265395616297,599
11265395848878,11265395849485,607
11265396086473,11265396087101,628
11265396338479,11265396339158,679
11265396574578,11265396575253,675
11265396807981,11265396808622,641
11265397043963,11265397044554,591
11265397283613,11265397284212,599
11265397517923,11265397518546,623
11265397750300,11265397750911,611
11265397982417,11265397983024,607
11265398214603,11265398215248,645
11265398447260,11265398447903,643
11265398680530,11265398681189,659
11265398923889,11265398924521,632
11265399159977,11265399160605,628
11265399410693,11265399411347,654
11265399644995,11265399645616,621
11265399878871,11265399879527,656
11265400114372,11265400115021,649
11265400367149,11265400367783,634
11265400600814,11265400601730,916
11265400834811,11265400835433,622
11265401067845,11265401068460,615
11265401299785,11265401300430,645
11265401559881,11265401560515,634
11265401794007,11265401794643,636
11265402026909,11265402027556,647
11265402302762,11265402303570,808
11265402546777,11265402547443,666
11265402781431,11265402782036,605
11265403017393,11265403018040,647
11265403250838,11265403251447,609
11265403490593,11265403491208,615
11265403722624,11265403723292,668
11265403955130,11265403955800,670
11265404187844,11265404188472,628
11265404446915,11265404447581,666
11265404680597,11265404681229,632
11265404915077,11265404915702,625
11265405148938,11265405149578,640
11265405381916,11265405382560,644
11265405624335,11265405624964,629
11265405860427,11265405861068,641
11265406094418,11265406095068,650
11265406328662,11265406329346,684
11265406561809,11265406562465,656
11265406798074,11265406798741,667
11265407033711,11265407034359,648
11265407269809,11265407270441,632
11265407527422,11265407528060,638
11265407761838,11265407762471,633
11265407997417,11265407998042,625
11265408233823,11265408234446,623
11265408484491,11265408485101,610
11265408718208,11265408718852,644
11265408958345,11265408959009,664
11265409193861,11265409194509,648
11265409441932,11265409442572,640
11265409675976,11265409676604,628
11265409910021,11265409910841,820
11265410144324,11265410144970,646
11265410379459,11265410380114,655
11265410613515,11265410614167,652
11265410847919,11265410848541,622
11265411082220,11265411082861,641
11265411316314,11265411316952,638
11265411551675,11265411552501,826
11265411786362,11265411786995,633
11265412019877,11265412020500,623
11265412261649,11265412262284,635
11265412504006,11265412504633,627
11265412740060,11265412740671,611
11265412975008,11265412975651,643
11265413210123,11265413210800,677
11265413471918,11265413472529,611
11265413707081,11265413707706,625
11265413941139,11265413941823,684
11265414175451,11265414176101,650
11265414418402,11265414419001,599
11265414652086,11265414652705,619
11265414891982,11265414892619,637
11265415125329,11265415125945,616
11265415358951,11265415359560,609
11265415603375,11265415604030,655
11265415842769,11265415843408,639
11265416078895,11265416079541,646
11265416314677,11265416315272,595
11265416566161,11265416566788,627
11265416802106,11265416802737,631
11265417036591,11265417037233,642
11265417270477,11265417271123,646
11265417504544,11265417505209,665
11265417738199,11265417738832,633
11265417972956,11265417973610,654
11265418206302,11265418206929,627
11265418442593,11265418443222,629
11265418676209,11265418676836,627
11265418918840,11265418919458,618
11265419155059,11265419156036,977
11265419401908,11265419402542,634
11265419638541,11265419639165,624
11265419873035,11265419873682,647
11265420109116,11265420109746,630
11265420361592,11265420362238,646
11265420595050,11265420595671,621
11265420828957,11265420829857,900
11265421064534,11265421065173,639
11265421333890,11265421334718,828
11265421566885,11265421567521,636
11265421800329,11265421801300,971
11265422031267,11265422031921,654
11265422270803,11265422271450,647
11265422505022,11265422505706,684
11265422739406,11265422740044,638
11265422974049,11265422974670,621
11265423207209,11265423207848,639
11265423456322,11265423456937,615
11265423692147,11265423692816,669
11265423925465,11265423926110,645
11265424156100,11265424156739,639
11265424399436,11265424400062,626
11265424631195,11265424631820,625
11265424866373,11265424867017,644
11265425100528,11265425101189,661
11265425334767,11265425335413,646
11265425574869,11265425575497,628
11265425810004,11265425810649,645
11265426044040,11265426044862,822
11265426296735,11265426297348,613
11265426531552,11265426532177,625
11265426767133,11265426767773,640
11265427002666,11265427003311,645
11265427236491,11265427237113,622
11265427468588,11265427469214,626
11265427701073,11265427701708,635
11265427936600,11265427937211,611
11265428168588,11265428169208,620
11265428401996,11265428402639,643
11265428657450,11265428658077,627
11265428896984,11265428897664,680
11265429131196,11265429131841,645
11265429365778,11265429366398,620
11265429600074,11265429600736,662
11265429832693,11265429833300,607
11265430065720,11265430066329,609
11265430298400,11265430299020,620
11265430532336,11265430532989,653
11265430765204,11265430765861,657
11265430997865,11265430998486,621
11265431230736,11265431231354,618
11265431463814,11265431464457,643
11265431697007,11265431697633,626
11265431928729,11265431929368,639
11265432163436,11265432164073,637
11265432402819,11265432403456,637
11265432637207,11265432637853,646
11265432871497,11265432872127,630
11265433104995,11265433105601,606
11265433354322,11265433354942,620
11265433589477,11265433590122,645
11265433824371,11265433824992,621
11265434060174,11265434060820,646
11265434293842,11265434294483,641
11265434562097,11265434562750,653
11265434795958,11265434796611,653
11265435028003,11265435028665,662
11265435288024,11265435288684,660
11265435522270,11265435522918,648
11265435765950,11265435766606,656
11265435999888,11265436000490,602
11265436233462,11265436234647,1185
11265436494197,11265436494845,648
11265436727466,11265436728112,646
11265436961407,11265436962067,660
11265437196887,11265437197528,641
11265437430276,11265437430873,597
11265437662029,11265437662656,627
11265437895056,11265437895698,642
11265438130768,11265438131353,585
11265438363605,11265438364202,597
11265438600786,11265438601399,613
11265438835190,11265438835768,578
11265439073546,11265439074183,637
11265439307293,11265439307943,650
11265439541968,11265439542614,646
11265439775874,11265439776477,603
11265440010280,11265440010921,641
11265440244157,11265440244806,649
11265440477440,11265440478390,950
11265440712004,11265440712620,616
11265440944589,11265440945198,609
11265441177130,11265441177758,628
11265441410274,11265441410907,633
11265441644349,11265441644972,623
11265441876198,11265441876817,619
11265442109493,11265442110144,651
11265442349959,11265442350581,622
11265442584613,11265442585249,636
11265442816496,11265442817099,603
11265443050403,11265443051011,608
11265443318991,11265443319633,642
11265443551356,11265443551978,622
11265443788389,11265443789003,614
11265444030290,11265444030946,656
11265444276826,11265444277456,630
11265444510625,11265444511254,629
11265444743815,11265444744651,836
11265444978042,11265444978682,640
11265445211760,11265445212394,634
11265445451840,11265445452510,670
11265445692983,11265445693613,630
11265445926453,11265445927054,601
11265446159088,11265446159671,583
11265446408872,11265446409525,653
11265446645118,11265446645751,633
11265446878067,11265446878666,599
11265447112398,11265447113038,640
11265447345923,11265447346562,639
11265447579105,11265447579720,615
11265447812422,11265447813029,607
11265448045017,11265448045638,621
11265448301051,11265448301653,602
11265448533769,11265448534387,618
11265448768068,11265448768713,645
11265449009784,11265449010403,619
11265449253735,11265449254335,600
11265449493019,11265449493634,615
11265449726514,11265449727152,638
11265449959015,11265449959631,616
11265450191951,11265450192560,609
11265450434179,11265450434796,617
11265450667528,11265450668162,634
11265450901831,11265450902431,600
11265451135619,11265451136263,644
11265451370343,11265451370969,626
11265451616795,11265451617459,664
11265451848556,11265451849191,635
11265452081851,11265452082490,639
11265452355601,11265452356203,602
11265452596662,11265452597322,660
11265452828496,11265452829109,613
11265453061459,11265453062084,625
11265453293558,11265453294191,633
11265453527077,11265453527723,646
11265453760308,11265453761049,741
11265453992067,11265453992690,623
11265454232152,11265454232795,643
11265454465096,11265454465738,642
11265454697396,11265454698034,638
11265454942771,11265454943717,946
11265455176654,11265455177265,611
11265455416580,11265455417205,625
11265455658615,11265455659230,615
11265455894136,11265455894777,641
11265456127690,11265456128315,625
11265456363027,11265456363633,606
11265456595176,11265456595826,650
11265456829699,11265456830346,647
11265457064366,11265457064956,590
11265457297374,11265457297970,596
11265457536472,11265457537110,638
11265457770152,11265457770822,670
11265458003248,11265458003891,643
11265458236063,11265458236752,689
11265458468621,11265458469286,665
11265458701444,11265458702131,687
11265458945360,11265458946032,672
11265459180488,11265459181515,1027
11265459431674,11265459432347,673
11265459664999,11265459665602,603
11265459898919,11265459899563,644
11265460133334,11265460133943,609
11265460368677,11265460369276,599
11265460602983,11265460603594,611
11265460837591,11265460838218,627
11265461080395,11265461081030,635
11265461332080,11265461332702,622
11265461565444,11265461566073,629
11265461798050,11265461798673,623
11265462031344,11265462031967,623
11265462295245,11265462295895,650
11265462535422,11265462536072,650
11265462769139,11265462769787,648
11265463001899,11265463002543,644
11265463236113,11265463236755,642
11265463476251,11265463477065,814
11265463715138,11265463715772,634
11265463952970,11265463953620,650
11265464187844,11265464188474,630
11265464427907,11265464428542,635
11265464660777,11265464661435,658
11265464894153,11265464894827,674
11265465126656,11265465127294,638
11265465370491,11265465371168,677
11265465611548,11265465612221,673
11265465857084,11265465857773,689
11265466094155,11265466094818,663
11265466331473,11265466332113,640
11265466591757,11265466592422,665
11265466826630,11265466827278,648
11265467061198,11265467061813,615
11265467295878,11265467296530,652
11265467535021,11265467535691,670
11265467767996,11265467768623,627
11265468002035,11265468002671,636
11265468235190,11265468235828,638
11265468476972,11265468477622,650
11265468710219,11265468710866,647
11265468951774,11265468952401,627
11265469187000,11265469187650,650
11265469429031,11265469429664,633
11265469662976,11265469663671,695
11265469899326,11265469899976,650
11265470133902,11265470134538,636
11265470393943,11265470394597,654
11265470627829,11265470628476,647
11265470864175,11265470864790,615
11265471097105,11265471097730,625
11265471331914,11265471332566,652
11265471577352,11265471577999,647
11265471810580,11265471811223,643
11265472043734,11265472044367,633
11265472289434,11265472290071,637
11265472524427,11265472525102,675
11265472759394,11265472760061,667
11265473000266,11265473000926,660
11265473236565,11265473237236,671
11265473475677,11265473476300,623
11265473710167,11265473711114,947
11265473944029,11265473944678,649
11265474182074,11265474182705,631
11265474442395,11265474443038,643
11265474676890,11265474677559,669
11265474911937,11265474912555,618
11265475146093,11265475146721,628
11265475378911,11265475379581,670
11265475620862,11265475621528,666
11265475856817,11265475857453,636
11265476092284,11265476092902,618
11265476343251,11265476343897,646
11265476578321,11265476578933,612
11265476812469,11265476813094,625
11265477046709,11265477047350,641
11265477283816,11265477284442,626
11265477520401,11265477521045,644
11265477756814,11265477757445,631
11265477991925,11265477992968,1043
11265478227604,11265478228224,620
11265478466998,11265478467618,620
11265478700987,11265478701628,641
11265478943338,11265478943984,646
11265479179046,11265479179678,632
11265479413465,11265479414082,617
11265479649279,11265479649928,649
11265479885730,11265479886365,635
11265480120261,11265480120852,591
11265480355752,11265480356367,615
11265480591481,11265480592109,628
11265480825446,11265480826069,623
11265481060021,11265481060652,631
11265481304054,11265481304714,660
11265481571167,11265481571929,762
11265481805127,11265481805758,631
11265482038662,11265482039325,663
11265482303803,11265482304821,1018
11265482540030,11265482540647,617
11265482773499,11265482774112,613
11265483005702,11265483006327,625
11265483241559,11265483242176,617
11265483484017,11265483484632,615
11265483720165,11265483720776,611
11265483956376,11265483956996,620
11265484192127,11265484192753,626
11265484452195,11265484452792,597
11265484685431,11265484686071,640
11265484920357,11265484921009,652
11265485156566,11265485157191,625
11265485406178,11265485406789,611
11265485648805,11265485649452,647
11265485885040,11265485885668,628
11265486121041,11265486121670,629
11265486364754,11265486365395,641
11265486600722,11265486601378,656
11265486837575,11265486838208,633
11265487073254,11265487073879,625
11265487307742,11265487308364,622
11265487540352,11265487540974,622
11265487774104,11265487774733,629
11265488006455,11265488007112,657
11265488253638,11265488254267,629
11265488488035,11265488488639,604
11265488722381,11265488722973,592
11265488961344,11265488962004,660
11265489196255,11265489196912,657
11265489456779,11265489457413,634
11265489691026,11265489691635,609
11265489927322,11265489927944,622
11265490163535,11265490164147,612
11265490397853,11265490398482,629
11265490634166,11265490634800,634
11265490873212,11265490873863,651
11265491108364,11265491109020,656
11265491359443,11265491360081,638
11265491593557,11265491594187,630
11265491826861,11265491827482,621
11265492060115,11265492060736,621
11265492299166,11265492299818,652
11265492531228,11265492531891,663
11265492764934,11265492765559,625
11265492997771,11265492998381,610
11265493234999,11265493235597,598
11265493466809,11265493467696,887
11265493700207,11265493700848,641
11265493932655,11265493933252,597
11265494164551,11265494165178,627
11265494397739,11265494398382,643
11265494628577,11265494629203,626
11265494861073,11265494861681,608
11265495092757,11265495093334,577
11265495342349,11265495342968,619
11265495582914,11265495583527,613
11265495817192,11265495817825,633
11265496050911,11265496051539,628
11265496283970,11265496284609,639
11265496521585,11265496522190,605
11265496754849,11265496755513,664
11265496988130,11265496988753,623
11265497219711,11265497220296,585
11265497451376,11265497451976,600
11265497684433,11265497685351,918
11265497919185,11265497919771,586
11265498151280,11265498151866,586
11265498381934,11265498382743,809
11265498614954,11265498615557,603
11265498845725,11265498846339,614
11265499117449,11265499118042,593
11265499411747,11265499412356,609
11265499707114,11265499707717,603
11265500002342,11265500002929,587
11265500298321,11265500298899,578
11265500684719,11265500685295,576
11265500933798,11265500934367,569
11265501180434,11265501181011,577
11265501412354,11265501412925,571
11265501624786,11265501625377,591
11265501836973,11265501837548,575
11265502048626,11265502049203,577
11265502315501,11265502316514,1013
11265502597820,11265502598389,569
11265502844537,11265502845082,545
11265503091889,11265503092461,572
11265503339971,11265503340521,550
11265503571546,11265503572105,559
11265503783623,11265503784178,555
11265503996651,11265503997218,567
11265504209039,11265504209593,554
11265504421635,11265504422206,571
11265504633097,11265504633695,598
11265504845590,11265504846145,555
11265505057332,11265505057964,632
11265505267329,11265505267925,596
11265505479825,11265505480425,600
11265505744132,11265505744776,644
11265505977950,11265505978596,646
11265506209772,11265506210404,632
11265506458615,11265506459286,671
11265506691627,11265506692267,640
11265506922867,11265506923495,628
11265507156806,11265507157474,668
11265507438121,11265507438706,585
11265507660346,11265507660925,579
11265507872799,11265507873384,585
11265508086115,11265508086706,591
11265508298657,11265508299237,580
11265508510815,11265508511406,591
11265508722641,11265508723240,599
11265508981377,11265508982050,673
11265509237814,11265509238393,579
11265509450317,11265509450840,523
11265509663343,11265509663920,577
11265509880157,11265509880733,576
11265510091020,11265510091581,561
11265510304297,11265510304864,567
11265510516377,11265510517251,874
11265510729887,11265510730452,565
11265510942586,11265510943172,586
11265511155124,11265511155681,557
11265511367672,11265511368256,584
11265511580273,11265511580854,581
11265511792706,11265511793281,575
11265512005752,11265512006332,580
11265512225709,11265512226273,564
11265512592375,11265512592942,567
11265512886233,11265512886803,570
11265513183207,11265513183804,597
11265513471698,11265513472307,609
11265513764648,11265513765238,590
11265514055254,11265514055838,584
11265514343908,11265514344493,585
11265514633086,11265514633693,607
11265514902624,11265514903247,623
11265515134769,11265515135393,624
11265515367350,11265515368015,665
11265515622418,11265515623065,647
11265515956134,11265515956712,578
11265516265499,11265516266288,789
11265516574447,11265516575036,589
11265516900412,11265516900971,559
11265517233975,11265517234554,579
11265517556100,11265517556671,571
11265517877349,11265517877914,565
11265518174741,11265518175306,565
11265518440909,11265518441525,616
11265518675857,11265518676483,626
11265518919229,11265518919884,655
11265519171987,11265519172553,566
11265519497856,11265519498627,771
11265519831155,11265519831742,587
11265520152911,11265520153491,580
11265520475711,11265520476333,622
11265520784449,11265520785039,590
11265521072491,11265521073123,632
11265521329083,11265521329679,596
11265521601323,11265521601963,640
11265521836361,11265521836976,615
11265522069199,11265522069817,618
11265522347200,11265522347785,585
11265522636860,11265522637745,885
11265522926027,11265522926642,615
11265523220351,11265523220944,593
11265523515917,11265523516538,621
11265523803058,11265523803619,561
11265524069524,11265524070179,655
11265524303024,11265524303697,673
11265524535727,11265524536377,650
11265524787860,11265524788459,599
11265525056370,11265525057007,637
11265525289334,11265525289993,659
11265525521753,11265525522423,670
11265525792081,11265525792676,595
11265526090540,11265526091142,602
11265526388997,11265526389585,588
11265526681209,11265526681798,589
11265526974744,11265526975316,572
11265527267566,11265527268128,562
11265527561325,11265527561924,599
11265527856030,11265527856588,558
11265528126891,11265528127531,640
11265528360102,11265528360729,627
11265528593342,11265528593980,638
11265528827030,11265528827661,631
11265529089476,11265529090067,591
11265529395127,11265529395695,568
11265529697090,11265529697663,573
11265529987868,11265529988438,570
11265530274504,11265530275075,571
11265530566696,11265530567248,552
11265530987691,11265530988356,665
11265531280642,11265531281261,619
11265531544757,11265531545434,677
11265531778167,11265531778823,656
11265532011936,11265532012561,625
11265532253722,11265532254375,653
11265532564677,11265532565332,655
11265532799943,11265532800581,638
11265533033736,11265533034379,643
11265533267606,11265533268260,654
11265533500721,11265533501398,677
11265533733877,11265533734560,683
11265533967475,11265533968108,633
11265534201191,11265534201863,672
11265534432960,11265534433646,686
11265534666674,11265534667311,637
11265534899870,11265534900487,617
11265535133743,11265535134419,676
11265535367548,11265535368199,651
11265535610321,11265535610982,661
11265535846027,11265535846643,616
11265536080671,11265536081306,635
11265536315427,11265536316039,612
11265536551768,11265536552406,638
11265536793944,11265536794583,639
11265537028017,11265537028631,614
11265537267623,11265537268557,934
11265537501947,11265537502527,580
11265537733884,11265537734488,604
11265537966149,11265537966775,626
11265538199891,11265538200529,638
11265538441236,11265538441862,626
11265538674567,11265538675159,592
11265538916598,11265538917233,635
11265539151886,11265539152478,592
11265539386334,11265539386959,625
11265539626057,11265539626669,612
11265539859307,11265539859926,619
11265540093419,11265540094044,625
11265540327584,11265540328242,658
11265540561095,11265540561718,623
11265540795282,11265540795899,617
11265541030286,11265541030907,621
11265541269743,11265541270350,607
11265541502985,11265541503581,596
11265541736800,11265541737387,587
11265541969255,11265541969881,626
11265542200991,11265542201616,625
11265542440669,11265542441337,668
11265542675163,11265542675770,607
11265542909983,11265542910598,615
11265543143519,11265543144153,634
11265543384225,11265543384866,641
11265543618841,11265543619453,612
11265543852157,11265543852767,610
11265544086140,11265544086800,660
11265544327854,11265544328510,656
11265544561623,11265544562240,617
11265544795083,11265544795698,615
11265545027471,11265545028082,611
11265545260256,11265545261015,759
11265545495255,11265545495850,595
11265545734431,11265545735060,629
11265545968283,11265545968952,669
11265546202851,11265546203494,643
11265546437655,11265546438296,641
11265546670556,11265546671189,633
11265546902522,11265546903168,646
11265547136093,11265547136732,639
11265547369427,11265547370060,633
11265547603126,11265547603783,657
11265547835533,11265547836171,638
11265548067985,11265548068612,627
11265548303808,11265548304441,633
11265548536825,11265548537452,627
11265548770730,11265548771677,947
11265549013614,11265549014254,640
11265549249541,11265549250223,682
11265549482470,11265549483122,652
11265549716280,11265549716929,649
11265549949547,11265549950197,650
11265550183523,11265550184177,654
11265550418015,11265550418699,684
11265550652468,11265550653120,652
11265550884991,11265550885621,630
11265551118935,11265551119556,621
11265551351487,11265551352206,719
11265551584913,11265551585554,641
11265551818167,11265551818831,664
11265552051987,11265552052611,624
11265552292545,11265552293195,650
11265552534051,11265552534702,651
11265552766802,11265552767417,615
11265552998205,11265552998830,625
11265553231718,11265553232358,640
11265553470198,11265553470837,639
11265553703687,11265553704317,630
11265553940138,11265553940789,651
11265554177369,11265554178031,662
11265554417662,11265554418295,633
11265554651052,11265554651680,628
11265554883418,11265554884091,673
11265555116279,11265555116911,632
11265555357141,11265555357776,635
11265555605845,11265555606573,728
11265555846865,11265555847533,668
11265556089332,11265556089952,620
11265556331267,11265556331903,636
11265556565801,11265556566424,623
11265556799312,11265556799923,611
11265557032531,11265557033146,615
11265557266089,11265557266712,623
11265557500939,11265557501580,641
11265557733748,11265557734412,664
11265557966707,11265557967345,638
11265558200466,11265558201085,619
11265558439776,11265558440440,664
11265558673222,11265558673841,619
11265558912495,11265558913146,651
11265559147116,11265559147746,630
11265559382724,11265559383385,661
11265559617015,11265559617640,625
11265559849786,11265559850433,647
11265560087906,11265560088571,665
11265560322782,11265560323416,634
11265560555628,11265560556287,659
11265560788356,11265560789001,645
11265561021498,11265561022093,595
11265561255697,11265561256326,629
11265561490945,11265561491574,629
11265561723607,11265561724253,646
11265561958414,11265561959037,623
11265562193123,11265562194062,939
11265562438034,11265562438686,652
11265562672438,11265562673083,645
11265562926702,11265562927336,634
11265563162010,11265563162649,639
11265563395970,11265563396588,618
11265563630553,11265563631200,647
11265563864348,11265563865007,659
11265564100814,11265564101483,669
11265564356514,11265564357142,628
11265564607837,11265564608485,648
11265564841287,11265564841924,637
11265565072691,11265565073419,728
11265565304986,11265565305607,621
11265565566437,11265565567072,635
11265565799075,11265565799726,651
11265566031469,11265566032111,642
11265566262914,11265566263548,634
11265566496865,11265566497476,611
11265566729307,11265566729965,658
11265566961293,11265566961949,656
11265567193540,11265567194187,647
11265567425042,11265567425686,644
11265567657302,11265567657925,623
11265567889125,11265567889765,640
11265568120947,11265568121573,626
11265568351571,11265568352194,623
11265568584071,11265568584686,615
11265568815279,11265568815904,625
11265569055403,11265569056023,620
11265569297144,11265569297780,636
11265569531070,11265569531724,654
11265569766056,11265569766687,631
11265569998199,11265569998838,639
11265570230066,11265570230703,637
11265570461980,11265570462849,869
11265570694861,11265570695487,626
11265570926173,11265570926807,634
11265571157942,11265571158572,630
11265571389499,11265571390159,660
11265571620849,11265571621501,652
11265571855907,11265571856526,619
11265572087610,11265572088259,649
11265572327827,11265572328518,691
11265572561692,11265572562351,659
11265572794684,11265572795401,717
11265573025569,11265573026218,649
11265573257154,11265573257787,633
11265573488029,11265573488671,642
11265573719574,11265573720209,635
11265573951293,11265573951936,643
11265574183992,11265574184633,641
11265574440791,11265574441468,677
11265574672058,11265574672748,690
11265574905316,11265574905962,646
11265575135984,11265575136619,635
11265575382504,11265575383133,629
11265575620967,11265575621604,637
11265575855147,11265575855784,637
11265576090862,11265576091520,658
11265576324443,11265576325074,631
11265576558502,11265576559160,658
11265576792917,11265576793569,652
11265577025859,11265577026499,640
11265577258327,11265577258984,657
11265577497892,11265577498558,666
11265577731025,11265577731678,653
11265577963037,11265577963702,665
11265578195463,11265578196104,641
11265578435160,11265578435821,661
11265578667861,11265578668514,653
11265578908888,11265578909541,653
11265579142285,11265579142926,641
11265579376277,11265579376978,701
11265579610228,11265579610875,647
11265579843953,11265579844584,631
11265580076695,11265580077353,658
11265580309173,11265580310022,849
11265580541479,11265580542146,667
11265580774730,11265580775367,637
11265581006955,11265581007598,643
11265581239872,11265581240526,654
11265581471529,11265581472168,639
11265581703264,11265581703911,647
11265581934621,11265581935263,642
11265582167672,11265582168319,647
11265582436650,11265582437279,629
11265582670089,11265582670752,663
11265582904645,11265582905308,663
11265583136545,11265583137193,648
11265583386700,11265583387324,624
11265583626570,11265583627248,678
11265583859581,11265583860239,658
11265584093523,11265584094164,641
11265584332623,11265584333259,636
11265584564540,11265584565155,615
11265584797322,11265584797939,617
11265585028946,11265585029607,661
11265585260858,11265585261521,663
11265585492868,11265585493486,618
11265585732946,11265585733554,608
11265585967814,11265585968457,643
11265586199558,11265586200202,644
11265586468074,11265586468714,640
11265586703657,11265586704317,660
11265586937155,11265586937775,620
11265587169807,11265587170448,641
11265587439886,11265587440533,647
11265587671801,11265587672455,654
11265587904500,11265587905148,648
11265588136277,11265588136883,606
11265588368593,11265588369251,658
11265588601304,11265588601949,645
11265588834603,11265588835220,617
11265589081216,11265589081848,632
11265589315018,11265589315720,702
11265589548387,11265589549048,661
11265589780068,11265589780683,615
11265590012843,11265590013516,673
11265590245906,11265590246737,831
11265590479742,11265590480355,613
11265590712265,11265590712919,654
11265590945901,11265590946564,663
11265591178598,11265591179237,639
11265591411249,11265591411908,659
11265591643353,11265591644030,677
11265591877053,11265591877713,660
11265592110468,11265592111117,649
11265592349562,11265592350215,653
11265592583970,11265592584655,685
11265592816217,11265592816866,649
11265593050227,11265593050881,654
11265593280616,11265593281263,647
11265593512860,11265593513520,660
11265593745286,11265593745896,610
11265593979188,11265593979827,639
11265594211109,11265594211755,646
11265594442303,11265594442896,593
11265594674251,11265594674871,620
11265594908486,11265594909096,610
11265595140877,11265595141509,632
11265595376043,11265595376713,670
11265595616458,11265595617424,966
11265595850724,11265595851334,610
11265596084116,11265596084773,657
11265596329928,11265596330632,704
11265596564499,11265596565128,629
11265596796546,11265596797158,612
11265597030215,11265597030851,636
11265597263494,11265597264132,638
11265597503028,11265597503631,603
11265597736253,11265597736853,600
11265597969557,11265597970187,630
11265598202866,11265598203515,649
11265598450073,11265598450712,639
11265598682753,11265598683364,611
11265598923789,11265598924414,625
11265599159414,11265599160051,637
11265599403093,11265599403717,624
11265599635370,11265599635987,617
11265599868226,11265599868875,649
11265600102333,11265600102984,651
11265600337690,11265600338349,659
11265600576355,11265600577055,700
11265600809093,11265600809746,653
11265601042509,11265601043160,651
11265601291839,11265601292476,637
11265601525240,11265601525897,657
11265601758705,11265601759373,668
11265601990986,11265601991628,642
11265602230858,11265602231523,665
11265602464288,11265602464913,625
11265602696698,11265602697354,656
11265602929500,11265602930367,867
11265603163170,11265603163776,606
11265603396482,11265603397111,629
11265603630071,11265603630734,663
11265603864657,11265603865273,616
11265604098033,11265604098665,632
11265604330165,11265604330793,628
11265604561644,11265604562310,666
11265604794648,11265604795305,657
11265605026190,11265605026811,621
11265605258104,11265605258736,632
11265605503931,11265605504582,651
11265605743329,11265605743943,614
11265605977599,11265605978253,654
11265606209876,11265606210518,642
11265606442836,11265606443494,658
11265606676372,11265606677007,635
11265606909156,11265606909795,639
11265607144856,11265607145517,661
11265607406924,11265607407603,679
11265607641438,11265607642076,638
11265607875233,11265607875876,643
11265608108956,11265608109570,614
11265608341967,11265608342628,661
11265608574956,11265608575581,625
11265608807630,11265608808272,642
11265609045684,11265609046364,680
11265609294887,11265609295866,979
11265609528737,11265609529364,627
11265609761382,11265609762031,649
11265609994716,11265609995380,664
11265610227941,11265610228598,657
11265610485507,11265610486145,638
11265610719735,11265610720385,650
11265610953956,11265610954631,675
11265611188935,11265611189571,636
11265611437123,11265611437755,632
11265611670052,11265611670690,638
11265611902604,11265611903234,630
11265612136209,11265612136804,595
11265612397277,11265612397894,617
11265612635074,11265612635698,624
11265612868010,11265612868650,640
11265613100853,11265613101492,639
11265613334279,11265613334954,675
11265613566477,11265613567120,643
11265613800116,11265613800830,714
11265614033693,11265614034370,677
11265614267564,11265614268199,635
11265614517039,11265614517700,661
11265614750148,11265614750799,651
11265614989357,11265614990033,676
11265615238525,11265615239084,559
11265615470524,11265615471144,620
11265615707935,11265615709093,1158
11265615942100,11265615942717,617
11265616174641,11265616175250,609
11265616415096,11265616415704,608
11265616648695,11265616649290,595
11265616881366,11265616881990,624
11265617115596,11265617116232,636
11265617348385,11265617348988,603
11265617588162,11265617588751,589
11265617821440,11265617822080,640
11265618053606,11265618054218,612
11265618287071,11265618287700,629
11265618520420,11265618521055,635
11265618753101,11265618753744,643
11265618995582,11265618996207,625
11265619229669,11265619230336,667
11265619463467,11265619464084,617
11265619695946,11265619696611,665
11265619928580,11265619929239,659
11265620161435,11265620162061,626
11265620401552,11265620402187,635
11265620633882,11265620634542,660
11265620866269,11265620866952,683
11265621100386,11265621101010,624
11265621333620,11265621334281,661
11265621566077,11265621566738,661
11265621797924,11265621798587,663
11265622030587,11265622031206,619
11265622270887,11265622271530,643
11265622504481,11265622505145,664
11265622737551,11265622738216,665
11265622970472,11265622971392,920
11265623203033,11265623203694,661
11265623436337,11265623436995,658
11265623668341,11265623669040,699
11265623902114,11265623902799,685
11265624137533,11265624138159,626
11265624378272,11265624378896,624
11265624611170,11265624611812,642
11265624844741,11265624845367,626
11265625078382,11265625079032,650
11265625311775,11265625312400,625
11265625552541,11265625553158,617
11265625786985,11265625787618,633
11265626020003,11265626020645,642
11265626253418,11265626254087,669
11265626498945,11265626499601,656
11265626733473,11265626734139,666
11265626967568,11265626968224,656
11265627200928,11265627201563,635
11265627441615,11265627442301,686
11265627674955,11265627675645,690
11265627907058,11265627907725,667
11265628139698,11265628140331,633
11265628372946,11265628373609,663
11265628605417,11265628606064,647
11265628838287,11265628838919,632
11265629076958,11265629077550,592
11265629311940,11265629312822,882
11265629544706,11265629545361,655
11265629777515,11265629778158,643
11265630010197,11265630010860,663
11265630243731,11265630244337,606
11265630476131,11265630476712,581
11265630711943,11265630712581,638
11265630945170,11265630945825,655
11265631198985,11265631199662,677
11265631441789,11265631442420,631
11265631673608,11265631674240,632
11265631903404,11265631904073,669
11265632136148,11265632136828,680
11265632390047,11265632390692,645
11265632622302,11265632622999,697
11265632855248,11265632855869,621
11265633088033,11265633088662,629
11265633319116,11265633319746,630
11265633549912,11265633550562,650
11265633781727,11265633782349,622
11265634012952,11265634013957,1005
11265634243146,11265634243797,651
11265634474575,11265634475217,642
11265634706684,11265634707306,622
11265634938700,11265634939310,610
11265635169484,11265635170115,631
11265635400680,11265635401320,640
11265635637775,11265635638422,647
11265635870401,11265635871056,655
11265636103126,11265636103789,663
11265636336513,11265636337138,625
11265636567684,11265636568378,694
11265636800694,11265636801353,659
11265637031528,11265637032163,635
11265637262452,11265637263096,644
11265637493841,11265637494508,667
11265637726475,11265637727130,655
11265637958390,11265637959057,667
11265638190341,11265638191030,689
11265638420778,11265638421448,670
11265638654353,11265638655016,663
11265638893003,11265638893648,645
11265639126933,11265639127547,614
11265639359137,11265639359779,642
11265639591082,11265639591753,671
11265639826523,11265639827172,649
11265640059817,11265640060443,626
11265640293321,11265640293975,654
11265640526149,11265640526839,690
11265640763470,11265640764164,694
11265641002503,11265641003161,658
11265641235839,11265641236472,633
11265641467941,11265641468591,650
11265641699275,11265641699916,641
11265641930521,11265641931308,787
11265642162062,11265642162715,653
11265642420567,11265642421264,697
11265642654423,11265642655092,669
11265642886184,11265642886791,607
11265643118337,11265643119271,934
11265643352129,11265643352821,692
11265643610211,11265643610836,625
11265643841190,11265643841827,637
11265644073609,11265644074215,606
11265644304888,11265644305539,651
11265644537116,11265644537748,632
11265644769347,11265644770027,680
11265645002320,11265645002975,655
11265645233974,11265645234597,623
11265645472277,11265645472936,659
11265645715605,11265645716236,631
11265645949875,11265645950530,655
11265646183351,11265646184017,666
11265646414460,11265646415080,620
11265646645494,11265646646115,621
11265646879101,11265646879743,642
11265647110766,11265647111408,642
11265647341563,11265647342186,623
11265647573980,11265647574596,616
11265647806172,11265647806790,618
11265648038449,11265648039052,603
11265648269304,11265648269909,605
11265648501080,11265648501731,651
11265648734784,11265648735405,621
11265648975059,11265648975698,639
11265649208209,11265649208845,636
11265649447665,11265649448338,673
11265649679779,11265649680390,611
11265649914365,11265649914996,631
11265650147148,11265650147778,630
11265650385558,11265650386201,643
11265650619519,11265650620160,641
11265650853035,11265650853676,641
11265651085382,11265651086016,634
11265651319165,11265651319788,623
11265651553656,11265651554275,619
11265651786036,11265651786654,618
11265652020039,11265652020673,634
11265652259245,11265652259877,632
11265652494195,11265652494830,635
11265652729591,11265652730213,622
11265652964136,11265652964757,621
11265653198018,11265653199030,1012
11265653437930,11265653438540,610
11265653670770,11265653671385,615
11265653904482,11265653905140,658
11265654140136,11265654140792,656
11265654381832,11265654382464,632
11265654615327,11265654616006,679
11265654848969,11265654849572,603
11265655082650,11265655083275,625
11265655316902,11265655317540,638
11265655557166,11265655557816,650
11265655790907,11265655791563,656
11265656024813,11265656025449,636
11265656259639,11265656260262,623
11265656494065,11265656494699,634
11265656729225,11265656729845,620
11265656963487,11265656964144,657
11265657221661,11265657222270,609
11265657454859,11265657455466,607
11265657687711,11265657688365,654
11265657922302,11265657923128,826
11265658154785,11265658155436,651
11265658413790,11265658414431,641
11265658646727,11265658647382,655
11265658886563,11265658887242,679
11265659122412,11265659123067,655
11265659357907,11265659358554,647
11265659599244,11265659599875,631
11265659835725,11265659836362,637
11265660071688,11265660072316,628
11265660307238,11265660307871,633
11265660542737,11265660543458,721
11265660778359,11265660779024,665
11265661012688,11265661013327,639
11265661247729,11265661248390,661
11265661490128,11265661490797,669
11265661722358,11265661723017,659
11265661953834,11265661954477,643
11265662185272,11265662185935,663
11265662425041,11265662425697,656
11265662660273,11265662660925,652
11265662894492,11265662895155,663
11265663128308,11265663129003,695
11265663367965,11265663368925,960
11265663601941,11265663602565,624
11265663835774,11265663836408,634
11265664070163,11265664070789,626
11265664307397,11265664308062,665
11265664540578,11265664541210,632
11265664775167,11265664775811,644
11265665009921,11265665010576,655
11265665244130,11265665244766,636
11265665476715,11265665477392,677
11265665715919,11265665716566,647
11265665951927,11265665952603,676
11265666187760,11265666188448,688
11265666430108,11265666430803,695
11265666664671,11265666665335,664
11265666899264,11265666899949,685
11265667142457,11265667143148,691
11265667385657,11265667386300,643
11265667619663,11265667620324,661
11265667855131,11265667855787,656
11265668090642,11265668091294,652
11265668332393,11265668333019,626
11265668566342,11265668567007,665
11265668800564,11265668801230,666
11265669042836,11265669043491,655
11265669278924,11265669279601,677
11265669513796,11265669514489,693
11265669751122,11265669751779,657
11265669985565,11265669986219,654
11265670219495,11265670220185,690
11265670452783,11265670453427,644
11265670686972,11265670687630,658
11265670921859,11265670922531,672
11265671157291,11265671157930,639
11265671393003,11265671393678,675
11265671625373,11265671626272,899
11265671859723,11265671860393,670
11265672092668,11265672093339,671
11265672332104,11265672332743,639
11265672565965,11265672566603,638
11265672799955,11265672800600,645
11265673033149,11265673033806,657
11265673265142,11265673265790,648
11265673498438,11265673499416,978
11265673731905,11265673732529,624
11265673964597,11265673965225,628
11265674195840,11265674196506,666
11265674428343,11265674429265,922
11265674661627,11265674662284,657
11265674894319,11265674894980,661
11265675127573,11265675128175,602
11265675360109,11265675360775,666
11265675616775,11265675617413,638
11265675853103,11265675853759,656
11265676090188,11265676090882,694
11265676326645,11265676327341,696
11265676570514,11265676571178,664
11265676807809,11265676808514,705
11265677042819,11265677043511,692
11265677278435,11265677279126,691
11265677519827,11265677520473,646
11265677872908,11265677873581,673
11265678113372,11265678114025,653
11265678357851,11265678358487,636
11265678594693,11265678595330,637
11265678829262,11265678829859,597
11265679076006,11265679076653,647
11265679313562,11265679314171,609
11265679555933,11265679556533,600
11265679789633,11265679790261,628
11265680024024,11265680024664,640
11265680259778,11265680260387,609
11265680500284,11265680500932,648
11265680734180,11265680734837,657
11265680969430,11265680970072,642
11265681204621,11265681205259,638
11265681440592,11265681441179,587
11265681675146,11265681675800,654
11265681909928,11265681910531,603
11265682145019,11265682145649,630
11265682386249,11265682386891,642
11265682620915,11265682621535,620
11265682857451,11265682858071,620
11265683093158,11265683093805,647
11265683324958,11265683325568,610
11265683559068,11265683559715,647
11265683792322,11265683793239,917
11265684026805,11265684027398,593
11265684260291,11265684260912,621
11265684496205,11265684496862,657
11265684751111,11265684751750,639
11265684989259,11265684989892,633
11265685230638,11265685231199,561
11265685471562,11265685472194,632
11265685722839,11265685723512,673
11265685959846,11265685960483,637
11265686201077,11265686201697,620
11265686460043,11265686460653,610
11265686759380,11265686760116,736
11265687027691,11265687028352,661
11265687283843,11265687284412,569
11265687534262,11265687534967,705
11265687818484,11265687819163,679
11265688087399,11265688088053,654
11265688376406,11265688377307,901
11265688723627,11265688724708,1081
11265689060976,11265689061696,720
11265689377449,11265689378171,722
11265689672312,11265689673182,870
11265689951011,11265689951678,667
11265690223797,11265690224557,760
11265690504061,11265690504745,684
11265690800162,11265690801442,1280
11265691145304,11265691146170,866
11265691450103,11265691450773,670
11265691703230,11265691703901,671
11265691940472,11265691941146,674
11265692180792,11265692181455,663
11265692486309,11265692487341,1032
11265692792469,11265692793233,764
11265693050599,11265693051292,693
11265693305274,11265693305944,670
11265693543819,11265693544461,642
11265693780702,11265693781369,667
11265694020575,11265694021254,679
11265694257679,11265694258331,652
11265694507041,11265694507718,677
11265694744014,11265694744660,646
11265694979263,11265694979864,601
11265695213235,11265695214189,954
11265695449838,11265695450483,645
11265695705517,11265695706145,628
11265695945566,11265695946187,621
11265696182485,11265696183101,616
11265696426820,11265696427457,637
11265696664134,11265696664764,630
11265696901290,11265696901934,644
11265697137456,11265697138097,641
11265697373576,11265697374209,633
11265697608749,11265697609325,576
11265697846222,11265697846831,609
11265698166426,11265698167091,665
11265698502562,11265698503216,654
11265698760818,11265698761453,635
11265699014357,11265699014984,627
11265699286801,11265699287442,641
11265699548793,11265699549410,617
11265699827220,11265699828097,877
11265700103667,11265700104547,880
11265700400059,11265700400871,812
11265700686413,11265700687040,627
11265700997981,11265700998608,627
11265701253091,11265701253698,607
11265701546237,11265701546902,665
11265701823075,11265701823721,646
11265702094009,11265702094718,709
11265702402161,11265702402870,709
11265702683150,11265702683764,614
11265702948936,11265702949561,625
11265703196905,11265703197499,594
11265703460018,11265703460679,661
11265703723678,11265703724281,603
11265703971974,11265703972544,570
11265704217169,11265704217738,569
11265704459518,11265704460161,643
11265704700254,11265704700896,642
11265704943907,11265704944508,601
11265705211829,11265705212490,661
11265705451389,11265705452030,641
11265705708467,11265705709051,584
11265705984751,11265705985366,615
11265706228556,11265706229223,667
11265706464621,11265706465221,600
11265706700532,11265706701132,600
11265706936215,11265706936882,667
11265707171144,11265707171737,593
11265707406970,11265707407635,665
11265707642700,11265707643309,609
11265707876200,11265707876839,639
11265708109420,11265708110079,659
11265708352746,11265708353382,636
11265708587378,11265708588015,637
11265708820498,11265708821136,638
11265709060380,11265709060980,600
11265709296088,11265709296761,673
11265709530487,11265709531094,607
11265709762269,11265709762919,650
11265709994763,11265709995364,601
11265710225291,11265710225896,605
11265710511139,11265710511721,582
11265710795852,11265710796449,597
11265711100792,11265711101430,638
11265711352735,11265711353370,635
11265711586666,11265711587271,605
11265711827296,11265711827883,587
11265712067623,11265712068267,644
11265712312859,11265712313461,602
11265712550772,11265712551406,634
11265712784802,11265712785415,613
11265713045006,11265713045614,608
11265713275177,11265713275780,603
11265713535529,11265713536090,561
11265713766649,11265713767269,620
11265713999157,11265713999801,644
11265714228339,11265714229207,868
11265714459252,11265714459823,571
11265714690309,11265714690891,582
11265714921720,11265714922304,584
11265715158212,11265715158859,647
11265715412584,11265715413190,606
11265715651860,11265715652448,588
11265715888318,11265715888940,622
11265716120973,11265716121559,586
11265716367987,11265716368576,589
11265716596786,11265716597390,604
11265716825232,11265716825850,618
11265717056151,11265717056735,584
11265717286231,11265717286826,595
11265717542268,11265717542827,559
11265717773164,11265717773786,622
11265718030558,11265718031165,607
11265718266696,11265718267250,554
11265718504217,11265718504775,558
11265718735906,11265718736516,610
11265718997697,11265718998293,596
11265719261802,11265719262361,559
11265719530829,11265719531418,589
11265719764611,11265719765205,594
11265719997894,11265719998480,586
11265720231915,11265720232495,580
11265720491740,11265720492309,569
11265720722234,11265720722807,573
11265720953046,11265720953658,612
11265721182114,11265721182707,593
11265721412243,11265721412848,605
11265721642637,11265721643240,603
11265721873399,11265721873976,577
11265722113373,11265722113966,593
11265722358305,11265722358936,631
11265722592459,11265722593071,612
11265722825982,11265722826570,588
11265723059793,11265723060392,599
11265723291661,11265723292238,577
11265723529054,11265723529646,592
11265723759791,11265723760385,594
11265723990062,11265723990650,588
11265724219245,11265724219823,578
11265724450725,11265724451673,948
11265724684188,11265724684817,629
11265724918146,11265724918752,606
11265725149206,11265725149791,585
11265725402690,11265725403315,625
11265725640486,11265725641108,622
11265725874642,11265725875238,596
11265726108178,11265726108789,611
11265726341344,11265726341974,630
11265726573407,11265726574049,642
11265726806844,11265726807435,591
11265727037351,11265727037974,623
11265727269498,11265727270095,597
11265727508086,11265727508665,579
11265727741975,11265727742504,529
11265727973102,11265727973747,645
11265728206556,11265728207154,598
11265728438296,11265728438869,573
11265728668384,11265728669007,623
11265728920970,11265728921590,620
11265729159390,11265729160024,634
11265729396072,11265729396681,609
11265729630675,11265729631274,599
11265729864717,11265729865346,629
11265730101073,11265730101706,633
11265730335169,11265730335767,598
11265730579176,11265730579795,619
11265730819926,11265730820525,599
11265731054346,11265731054965,619
11265731286035,11265731286681,646
11265731519521,11265731520146,625
11265731751750,11265731752361,611
11265731984307,11265731984906,599
11265732226685,11265732227296,611
11265732464050,11265732464634,584
11265732700245,11265732700891,646
11265732937030,11265732937684,654
11265733172112,11265733172767,655
11265733408128,11265733408742,614
11265733644410,11265733645029,619
11265733877955,11265733878588,633
11265734111192,11265734111828,636
11265734360368,11265734361012,644
11265734592611,11265734593257,646
11265734825164,11265734825786,622
11265735057294,11265735057909,615
11265735289645,11265735290275,630
11265735534586,11265735535231,645
11265735799540,11265735800364,824
11265736057755,11265736058417,662
11265736296563,11265736297204,641
11265736560524,11265736561125,601
11265736794408,11265736795037,629
11265737026317,11265737026925,608
11265737275379,11265737276060,681
11265737534128,11265737534852,724
11265737771470,11265737772078,608
11265738006692,11265738007299,607
11265738239045,11265738239628,583
11265738470615,11265738471177,562
11265738702750,11265738703361,611
11265738946360,11265738946978,618
11265739183037,11265739183619,582
11265739429495,11265739430143,648
11265739667965,11265739668639,674
11265739901827,11265739902475,648
11265740134336,11265740134995,659
11265740392394,11265740393017,623
11265740623675,11265740624327,652
11265740854709,11265740855316,607
11265741085393,11265741086018,625
11265741317011,11265741317707,696
11265741568184,11265741568781,597
11265741800113,11265741800703,590
11265742028889,11265742029503,614
11265742288053,11265742289143,1090
11265742523337,11265742524018,681
11265742755669,11265742756268,599
11265742988596,11265742989209,613
11265743221446,11265743222375,929
11265743453919,11265743454586,667
11265743685681,11265743686311,630
11265743915701,11265743916335,634
11265744146915,11265744147498,583
11265744377447,11265744378092,645
11265744631888,11265744632504,616
11265744863408,11265744864013,605
11265745095687,11265745096335,648
11265745349691,11265745350289,598
11265745588030,11265745588679,649
11265745822916,11265745823541,625
11265746054750,11265746055380,630
11265746288222,11265746288876,654
11265746519134,11265746519753,619
11265746751116,11265746751740,624
11265746983074,11265746983694,620
11265747213629,11265747214211,582
11265747445492,11265747446100,608
11265747675501,11265747676117,616
11265747906117,11265747906726,609
11265748138078,11265748138694,616
11265748387846,11265748388472,626
11265748618381,11265748619006,625
11265748849865,11265748850484,619
11265749089442,11265749090041,599
11265749348946,11265749349583,637
11265749581709,11265749582327,618
11265749813283,11265749813882,599
11265750046686,11265750047329,643
11265750279628,11265750280239,611
11265750536284,11265750536917,633
11265750768568,11265750769183,615
11265751000200,11265751000806,606
11265751229856,11265751230464,608
11265751481538,11265751482193,655
11265751714021,11265751714649,628
11265751945822,11265751946457,635
11265752176019,11265752176633,614
11265752421616,11265752422207,591
11265752656320,11265752656986,666
11265752898674,11265752899605,931
11265753138323,11265753138956,633
11265753378045,11265753378702,657
11265753619775,11265753620342,567
11265753863072,11265753863772,700
11265754131339,11265754131981,642
11265754383353,11265754384045,692
11265754638214,11265754638877,663
11265754871007,11265754871646,639
11265755102676,11265755103317,641
11265755349248,11265755349933,685
11265755597358,11265755598008,650
11265755865563,11265755866224,661
11265756114972,11265756115647,675
11265756355537,11265756356205,668
11265756605917,11265756606582,665
11265756839917,11265756840534,617
11265757071494,11265757072125,631
11265757302366,11265757302990,624
11265757553085,11265757553688,603
11265757783598,11265757784239,641
11265758014245,11265758014906,661
11265758246334,11265758246972,638
11265758476062,11265758476654,592
11265758707425,11265758708094,669
11265758946795,11265758947415,620
11265759179362,11265759180017,655
11265759412110,11265759412735,625
11265759643698,11265759644329,631
11265759875100,11265759875781,681
11265760106610,11265760107273,663
11265760338164,11265760338811,647
11265760569298,11265760569939,641
11265760801044,11265760801668,624
11265761031776,11265761032433,657
11265761272536,11265761273189,653
11265761504147,11265761504818,671
11265761735415,11265761736073,658
11265761965969,11265761966628,659
11265762198448,11265762199114,666
11265762457256,11265762457866,610
11265762691866,11265762692513,647
11265762925118,11265762925736,618
11265763157919,11265763158510,591
11265763395097,11265763395729,632
11265763628439,11265763629077,638
11265763861732,11265763862323,591
11265764093213,11265764094187,974
11265764352088,11265764352753,665
11265764582410,11265764583082,672
11265764813792,11265764814445,653
11265765044823,11265765045468,645
11265765275708,11265765276349,641
11265765533390,11265765534013,623
11265765775259,11265765775931,672
11265766010565,11265766011183,618
11265766243957,11265766244575,618
11265766477769,11265766478426,657
11265766713387,11265766714004,617
11265766945398,11265766945996,598
11265767179096,11265767179741,645
11265767410815,11265767411438,623
11265767642156,11265767642775,619
11265767873971,11265767874617,646
11265768106666,11265768107313,647
11265768336972,11265768337609,637
11265768567318,11265768567915,597
11265768798344,11265768798981,637
11265769035027,11265769035611,584
11265769267560,11265769268197,637
11265769499146,11265769499773,627
11265769730108,11265769730735,627
11265769960930,11265769961569,639
11265770192079,11265770192686,607
11265770424427,11265770425068,641
11265770656420,11265770657092,672
11265770886842,11265770887486,644
11265771117323,11265771117978,655
11265771347086,11265771347714,628
11265771584917,11265771585530,613
11265771815568,11265771816224,656
11265772047521,11265772048147,626
11265772343267,11265772343941,674
11265772576067,11265772576708,641
11265772806240,11265772806875,635
11265773035725,11265773036371,646
11265773264773,11265773265424,651
11265773499084,11265773499736,652
11265773728626,11265773729264,638
11265773958225,11265773958860,635
11265774188059,11265774188700,641
11265774428114,11265774428757,643
11265774658924,11265774659579,655
11265774887297,11265774887935,638
11265775121134,11265775121788,654
11265775356937,11265775357598,661
11265775597418,11265775598026,608
11265775829474,11265775830169,695
11265776062514,11265776063141,627
11265776294849,11265776295526,677
11265776526710,11265776527368,658
11265776757372,11265776757971,599
11265776986882,11265776987492,610
11265777215163,11265777215781,618
11265777444527,11265777445138,611
11265777673427,11265777674042,615
11265777903846,11265777904457,611
11265778133161,11265778133788,627
11265778371662,11265778372250,588
11265778601339,11265778601926,587
11265778831079,11265778831705,626
11265779065189,11265779065805,616
11265779296238,11265779296881,643
11265779527402,11265779527999,597
11265779757267,11265779757901,634
11265779987927,11265779988536,609
11265780218425,11265780219010,585
11265780447448,11265780448076,628
11265780677960,11265780678575,615
11265780909069,11265780909676,607
11265781140059,11265781140655,596
11265781375513,11265781376112,599
11265781605156,11265781605753,597
11265781835884,11265781836507,623
11265782066405,11265782067026,621
11265782337253,11265782337794,541
11265782578975,11265782579571,596
11265782810818,11265782811453,635
11265783040023,11265783040647,624
11265783270290,11265783270916,626
11265783515923,11265783516578,655
11265783745083,11265783745708,625
11265783973808,11265783974401,593
11265784216738,11265784217388,650
11265784446009,11265784446652,643
11265784674105,11265784674765,660
11265784904395,11265784905043,648
11265785133388,11265785134005,617
11265785381491,11265785382116,625
11265785619912,11265785620513,601
11265785853020,11265785853630,610
11265786084206,11265786084791,585
11265786315633,11265786316233,600
11265786547152,11265786547756,604
11265786781749,11265786782384,635
11265787013742,11265787014345,603
11265787244376,11265787244988,612
11265787479943,11265787480549,606
11265787709749,11265787710354,605
11265787940812,11265787941397,585
11265788171722,11265788172325,603
11265788408320,11265788408888,568
11265788639324,11265788639919,595
11265788870172,11265788870791,619
11265789112373,11265789112960,587
11265789352322,11265789352940,618
11265789585184,11265789585806,622
11265789817227,11265789817797,570
11265790048786,11265790049420,634
11265790279957,11265790280532,575
11265790511172,11265790511761,589
11265790741802,11265790742398,596
11265790972988,11265790973579,591
11265791203052,11265791203691,639
11265791433279,11265791433880,601
11265791663371,11265791663911,540
11265791893443,11265791894047,604
11265792122470,11265792123080,610
11265792359002,11265792359632,630
11265792599401,11265792600026,625
11265792832737,11265792833351,614
11265793065178,11265793065810,632
11265793300147,11265793300735,588
11265793532003,11265793532647,644
11265793762668,11265793763287,619
11265793995072,11265793995705,633
11265794226498,11265794227154,656
11265794457007,11265794457600,593
11265794689108,11265794689735,627
11265794918671,11265794919316,645
11265795152287,11265795152895,608
11265795382907,11265795383534,627
11265795622360,11265795623006,646
11265795856393,11265795857068,675
11265796087380,11265796088023,643
11265796320555,11265796321158,603
11265796567498,11265796568195,697
11265796810876,11265796811520,644
11265797046860,11265797047491,631
11265797278170,11265797278769,599
11265797509245,11265797509847,602
11265797739746,11265797740375,629
11265797972971,11265797973818,847
11265798241900,11265798242562,662
11265798512279,11265798512919,640
11265798753552,11265798754181,629
11265798997756,11265798998353,597
11265799255041,11265799255660,619
11265799488675,11265799489259,584
11265799721662,11265799722270,608
11265799953273,11265799953838,565
11265800186123,11265800186696,573
11265800432998,11265800433652,654
11265800667034,11265800667640,606
11265800898029,11265800898648,619
11265801129274,11265801129834,560
11265801361302,11265801361899,597
11265801607627,11265801608252,625
11265801841426,11265801842014,588
11265802073979,11265802074584,605
11265802314801,11265802315440,639
11265802548966,11265802549593,627
11265802781895,11265802782510,615
11265803017303,11265803017931,628
11265803249926,11265803250548,622
11265803500152,11265803500779,627
11265803732807,11265803733428,621
11265803963462,11265803964087,625
11265804194391,11265804194988,597
11265804441198,11265804441826,628
11265804671752,11265804672319,567
11265804902020,11265804902625,605
11265805131792,11265805132400,608
11265805362247,11265805362873,626
11265805601731,11265805602350,619
11265805835976,11265805836640,664
11265806069500,11265806070140,640
11265806302204,11265806302851,647
11265806537594,11265806538202,608
11265806769267,11265806769876,609
11265806998962,11265806999563,601
11265807229465,11265807230076,611
11265807460686,11265807461320,634
11265807690402,11265807691023,621
11265807921441,11265807922070,629
11265808152105,11265808152729,624
11265808383329,11265808383912,583
11265808615450,11265808616060,610
11265808872520,11265808873077,557
11265809168961,11265809169579,618
11265809380953,11265809381497,544
11265809591420,11265809591971,551
11265809804213,11265809804766,553
11265810015842,11265810016423,581
11265810233149,11265810233708,559
11265810445742,11265810446291,549
11265810657229,11265810657777,548
11265810867753,11265810868314,561
11265811080499,11265811081043,544
11265811291607,11265811292174,567
11265811502340,11265811502913,573
11265811714075,11265811714663,588
11265811926569,11265811927133,564
11265812138833,11265812139392,559
11265812434278,11265812434862,584
11265812649044,11265812649633,589
11265812862727,11265812863324,597
11265813076589,11265813077102,513
11265813290614,11265813291163,549
11265813502564,11265813503139,575
11265813715032,11265813715584,552
11265813925730,11265813926294,564
11265814136328,11265814136875,547
11265814347035,11265814347623,588
11265814558933,11265814559476,543
11265814769651,11265814770227,576
11265814980358,11265814980908,550
11265815191205,11265815191775,570
11265815401823,11265815402371,548
11265815697800,11265815698370,570
11265815910512,11265815911067,555
11265816122196,11265816122766,570
11265816334166,11265816334725,559
11265816544872,11265816545419,547
11265816755953,11265816756544,591
11265816966109,11265816966681,572
11265817177544,11265817178092,548
11265817389477,11265817390007,530
11265817599219,11265817599780,561
11265817808799,11265817809346,547
11265818021171,11265818021729,558
11265818232396,11265818232942,546
11265818443934,11265818444485,551
11265818655629,11265818656202,573
11265818867725,11265818868285,560
11265819171991,11265819172585,594
11265819387067,11265819387634,567
11265819599968,11265819600551,583
11265819814376,11265819814957,581
11265820027188,11265820027738,550
11265820239418,11265820239958,540
11265820452037,11265820452607,570
11265820664615,11265820665166,551
11265820876752,11265820877298,546
11265821090509,11265821091112,603
11265821301854,11265821302428,574
11265821514495,11265821515055,560
11265821726519,11265821727076,557
11265821937404,11265821937969,565
11265822149135,11265822149694,559
11265822455513,11265822456127,614
11265822718484,11265822719057,573
11265822930933,11265822931486,553
11265823143378,11265823143949,571
11265823355970,11265823356523,553
11265823567345,11265823567895,550
11265823779608,11265823780162,554
11265823990333,11265823990877,544
11265824201089,11265824201649,560
11265824413068,11265824413618,550
11265824624548,11265824625102,554
11265824835787,11265824836343,556
11265825049859,11265825050433,574
11265825270607,11265825271198,591
11265825483038,11265825483626,588
11265825779017,11265825779594,577
11265825992424,11265825993006,582
11265826203991,11265826204537,546
11265826416267,11265826416809,542
11265826627333,11265826627924,591
11265826838707,11265826839231,524
11265827050554,11265827051130,576
11265827262160,11265827262724,564
11265827473241,11265827473822,581
11265827685313,11265827685853,540
11265827894988,11265827895580,592
11265828106494,11265828107082,588
11265828317823,11265828318424,601
11265828530165,11265828530729,564
11265828742256,11265828742853,597
11265829041739,11265829042340,601
11265829255996,11265829256554,558
11265829466981,11265829467511,530
11265829676926,11265829677469,543
11265829887592,11265829888145,553
11265830098453,11265830099022,569
11265830310372,11265830310897,525
11265830548133,11265830548665,532
11265830764218,11265830764777,559
11265830981173,11265830981708,535
11265831199192,11265831199733,541
11265831415510,11265831416072,562
11265831632975,11265831633546,571
11265831849221,11265831849806,585
11265832069093,11265832069705,612
11265832369538,11265832370143,605
11265832606278,11265832606840,562
11265832816914,11265832817500,586
11265833027962,11265833028524,562
11265833240732,11265833241283,551
11265833450796,11265833451369,573
11265833660490,11265833661058,568
11265833870871,11265833871430,559
11265834081089,11265834081641,552
11265834291448,11265834292011,563
11265834502407,11265834502972,565
11265834741661,11265834742250,589
11265834957806,11265834958374,568
11265835173631,11265835174192,561
11265835393797,11265835394387,590
11265835693480,11265835694100,620
11265835912222,11265835912851,629
11265836130470,11265836131045,575
11265836357896,11265836358528,632
11265836575411,11265836576018,607
11265836792131,11265836792702,571
11265837009125,11265837009701,576
11265837242810,11265837243417,607
11265837460615,11265837461202,587
11265837676703,11265837677272,569
11265837892615,11265837893179,564
11265838108735,11265838109293,558
11265838323794,11265838324345,551
11265838539319,11265838539901,582
11265838755414,11265838755967,553
11265839058603,11265839059204,601
11265839275792,11265839276366,574
11265839491986,11265839492552,566
11265839724547,11265839725047,500
11265839934355,11265839934936,581
11265840144320,11265840144903,583
11265840354885,11265840355437,552
11265840588308,11265840588881,573
11265840802848,11265840803441,593
11265841016737,11265841017366,629
11265841232571,11265841233143,572
11265841448936,11265841449542,606
11265841665412,11265841665975,563
11265841880049,11265841880623,574
11265842095989,11265842096578,589
11265842394182,11265842394751,569
11265842611253,11265842611826,573
11265842827054,11265842827629,575
11265843044931,11265843045521,590
11265843262630,11265843263238,608
11265843478358,11265843478951,593
11265843694555,11265843695172,617
11265843911252,11265843911826,574
11265844128313,11265844128898,585
11265844344860,11265844345446,586
11265844560418,11265844560989,571
11265844777470,11265844778065,595
11265844994403,11265844994986,583
11265845210312,11265845210895,583
11265845425717,11265845426304,587
11265845724166,11265845724764,598
11265845943348,11265845943934,586
11265846159507,11265846160090,583
11265846375059,11265846375646,587
11265846593239,11265846593836,597
11265846810582,11265846811167,585
11265847025229,11265847025783,554
11265847250584,11265847251161,577
11265847488089,11265847488669,580
11265847698123,11265847698732,609
11265847950407,11265847951012,605
11265848197604,11265848198173,569
11265848409663,11265848410234,571
11265848620852,11265848621395,543
11265848831885,11265848832439,554
11265849121930,11265849122509,579
11265849335012,11265849335579,567
11265849572883,11265849573433,550
11265849790642,11265849791173,531
11265850014535,11265850015122,587
11265850232830,11265850233414,584
11265850449167,11265850449714,547
11265850686023,11265850686573,550
11265850897023,11265850897604,581
11265851107216,11265851107834,618
11265851317210,11265851317801,591
11265851527641,11265851528216,575
11265851737265,11265851737927,662
11265851948636,11265851949185,549
11265852159705,11265852160274,569
11265852450451,11265852451041,590
11265852686073,11265852686672,599
11265852903407,11265852903991,584
11265853119896,11265853120491,595
11265853335972,11265853336584,612
11265853551156,11265853551737,581
11265853767546,11265853768111,565
11265853983470,11265853984013,543
11265854200342,11265854200906,564
11265854418447,11265854418988,541
11265854633764,11265854634292,528
11265854847729,11265854848275,546
11265855063696,11265855064234,538
11265855279390,11265855279917,527
11265855495146,11265855495712,566
11265855787714,11265855788242,528
11265856004129,11265856004710,581
11265856221391,11265856221957,566
11265856459392,11265856459881,489
11265856669086,11265856669606,520
11265856879490,11265856880020,530
11265857089006,11265857089535,529
11265857298329,11265857298883,554
11265857532401,11265857532977,576
11265857748021,11265857748564,543
11265857963126,11265857963698,572
11265858179378,11265858179906,528
11265858395605,11265858396169,564
11265858610973,11265858611550,577
11265858826881,11265858827417,536
11265859119732,11265859120310,578
11265859337211,11265859337776,565
11265859553923,11265859554453,530
11265859770661,11265859771176,515
11265859986276,11265859986828,552
11265860202375,11265860202875,500
11265860417932,11265860418495,563
11265860652277,11265860652806,529
11265860861945,11265860862461,516
11265861071566,11265861072087,521
11265861282660,11265861283163,503
11265861491776,11265861492327,551
11265861731796,11265861732346,550
11265861947495,11265861948024,529
11265862163429,11265862163955,526
11265862456966,11265862457560,594
11265862674012,11265862674571,559
11265862890038,11265862890635,597
11265863106769,11265863107340,571
11265863322734,11265863323322,588
11265863560411,11265863560973,562
11265863771276,11265863771825,549
11265863980082,11265863980642,560
11265864190432,11265864190975,543
11265864399590,11265864400160,570
11265864637872,11265864638400,528
11265864853794,11265864854338,544
11265865069217,11265865069793,576
11265865359939,11265865360523,584
11265865650014,11265865650584,570
11265865894614,11265865895173,559
11265866105509,11265866106081,572
11265866316141,11265866316693,552
11265866526985,11265866527536,551
11265866738665,11265866739194,529
11265866949209,11265866949751,542
11265867158855,11265867159431,576
11265867368544,11265867369067,523
11265867578141,11265867578736,595
11265867789246,11265867789797,551
11265868000277,11265868000849,572
11265868211335,11265868211877,542
11265868421897,11265868422456,559
11265868661633,11265868662184,551
11265868884575,11265868885166,591
11265869183742,11265869184376,634
11265869402881,11265869403500,619
11265869621425,11265869622028,603
11265869841199,11265869841770,571
11265870060039,11265870060630,591
11265870277730,11265870278291,561
11265870493948,11265870494546,598
11265870732738,11265870733275,537
11265870944160,11265870944686,526
11265871156141,11265871156680,539
11265871368693,11265871369279,586
11265871606591,11265871607151,560
11265871823555,11265871824097,542
11265872040171,11265872040723,552
11265872343735,11265872344357,622
11265872564338,11265872564900,562
11265872781906,11265872782505,599
11265873000786,11265873001371,585
11265873218676,11265873219300,624
11265873438523,11265873439137,614
11265873656975,11265873657556,581
11265873873773,11265873874359,586
11265874090457,11265874091049,592
11265874307448,11265874308027,579
11265874531435,11265874532030,595
11265874823788,11265874824377,589
11265875046768,11265875047362,594
11265875263733,11265875264682,949
11265875480463,11265875481058,595
11265875788180,11265875788755,575
11265876005864,11265876006434,570
11265876223673,11265876224722,1049
11265876443377,11265876450345,6968
11265876690744,11265876691311,567
11265876904648,11265876905218,570
11265877117397,11265877118017,620
11265877331705,11265877332290,585
11265877544913,11265877545494,581
11265877756864,11265877757440,576
11265877968726,11265877969317,591
11265878180095,11265878180701,606
11265878390629,11265878391224,595
11265878629189,11265878629780,591
11265878847416,11265878847997,581
11265879162271,11265879162841,570
11265879382953,11265879383552,599
11265879599976,11265879600527,551
11265879820095,11265879820677,582
11265880038450,11265880039049,599
11265880255266,11265880255788,522
11265880473104,11265880473667,563
11265880690306,11265880690863,557
11265880907761,11265880908303,542
11265881124690,11265881125245,555
11265881341905,11265881342427,522
11265881575194,11265881575766,572
11265881786131,11265881786675,544
11265881997484,11265881998065,581
11265882213329,11265882214200,871
11265882528284,11265882528880,596
11265882747726,11265882748324,598
11265882966185,11265882966791,606
11265883185716,11265883186297,581
11265883404895,11265883405453,558
11265883624106,11265883624691,585
11265883840731,11265883841309,578
11265884058310,11265884058881,571
11265884275323,11265884275911,588
11265884516152,11265884516724,572
11265884727544,11265884728113,569
11265884937898,11265884938477,579
11265885148517,11265885149106,589
11265885359706,11265885360265,559
11265885638549,11265885639183,634
11265885873834,11265885874431,597
11265886107195,11265886107793,598
11265886355595,11265886356249,654
11265886588891,11265886589512,621
11265886822556,11265886823187,631
11265887058522,11265887059149,627
11265887298576,11265887299202,626
11265887553820,11265887554441,621
11265887786811,11265887787439,628
11265888021723,11265888022322,599
11265888259772,11265888260420,648
11265888509787,11265888510387,600
11265888743036,11265888743659,623
11265889022946,11265889023644,698
11265889282849,11265889283519,670
11265889523813,11265889524475,662
11265889764062,11265889764693,631
11265890002214,11265890002858,644
11265890241814,11265890242499,685
11265890477554,11265890478167,613
11265890713150,11265890713737,587
11265890954135,11265890954818,683
11265891194258,11265891194868,610
11265891433919,11265891434621,702
11265891676243,11265891676853,610
11265891968223,11265891969273,1050
11265892252730,11265892253455,725
11265892515026,11265892515613,587
11265892750418,11265892751030,612
11265892985696,11265892986351,655
11265893221715,11265893222359,644
11265893496768,11265893497434,666
11265893734106,11265893734691,585
11265893972828,11265893973450,622
11265894258740,11265894259599,859
11265894591664,11265894592677,1013
11265894888280,11265894889189,909
11265895212638,11265895213227,589
11265895492854,11265895493496,642
11265895778211,11265895779004,793
11265896069642,11265896070281,639
11265896344463,11265896345033,570
11265896626495,11265896628045,1550
11265896900340,11265896901040,700
11265897168759,11265897169530,771
11265897420487,11265897421082,595
11265897670763,11265897672297,1534
11265897931949,11265897932528,579
11265898186694,11265898187306,612
11265898429122,11265898429746,624
11265898670575,11265898671262,687
11265898924863,11265898925500,637
11265899190031,11265899190655,624
11265899446374,11265899446978,604
11265899695157,11265899695795,638
11265899945909,11265899946689,780
11265900186609,11265900187206,597
11265900436632,11265900437254,622
11265900675973,11265900676582,609
11265900917041,11265900917731,690
11265901164529,11265901165142,613
11265901434958,11265901435624,666
11265901722301,11265901723104,803
11265901992017,11265901992663,646
11265902289567,11265902290398,831
11265902561674,11265902562385,711
11265902824801,11265902825572,771
11265903080690,11265903081326,636
11265903326968,11265903327623,655
11265903567639,11265903568262,623
11265903802811,11265903803450,639
11265904036010,11265904036666,656
11265904279014,11265904279657,643
11265904570537,11265904571431,894
11265904859010,11265904859648,638
11265905102589,11265905103263,674
11265905355766,11265905356466,700
11265905631768,11265905632418,650
11265905874327,11265905874967,640
11265906109727,11265906110393,666
11265906348808,11265906349474,666
11265906607553,11265906608523,970
11265906883135,11265906883863,728
11265907165349,11265907166309,960
11265907446677,11265907447421,744
11265907736484,11265907737237,753
11265907992613,11265907993244,631
11265908245741,11265908246365,624
11265908517635,11265908518268,633
11265908772751,11265908773349,598
11265909029358,11265909030012,654
11265909276352,11265909276983,631
11265909519597,11265909520251,654
11265909769438,11265909770043,605
11265910012933,11265910013569,636
11265910249168,11265910249813,645
11265910493660,11265910494587,927
11265910728245,11265910728856,611
11265910961114,11265910961765,651
11265911194545,11265911195181,636
11265911436529,11265911437424,895
11265911670028,11265911670665,637
11265911928294,11265911929053,759
11265912179835,11265912180467,632
11265912435443,11265912436150,707
11265912676731,11265912677412,681
11265912912729,11265912913386,657
11265913149828,11265913150480,652
11265913386715,11265913387358,643
11265913632810,11265913633490,680
11265913873412,11265913874048,636
11265914109398,11265914110020,622
11265914344049,11265914344661,612
11265914662094,11265914662729,635
11265914966284,11265914966912,628
11265915244876,11265915245575,699
11265915521241,11265915521924,683
11265915801345,11265915802085,740
11265916070806,11265916071475,669
11265916347454,11265916348093,639
11265916605893,11265916606483,590
11265916840401,11265916841041,640
11265917072447,11265917073042,595
11265917303429,11265917304026,597
11265917534933,11265917535538,605
11265917766393,11265917767021,628
11265918003494,11265918004105,611
11265918236103,11265918236697,594
11265918483319,11265918483974,655
11265918716212,11265918716839,627
11265918991113,11265918991764,651
11265919244566,11265919245187,621
11265919488470,11265919489103,633
11265919720802,11265919721424,622
11265919950361,11265919950930,569
11265920180594,11265920181192,598
11265920432645,11265920433216,571
11265920663292,11265920663860,568
11265920893441,11265920893991,550
11265921124200,11265921124795,595
11265921370719,11265921371316,597
11265921601181,11265921602237,1056
11265921831437,11265921832061,624
11265922059998,11265922060614,616
11265922347023,11265922347669,646
11265922601582,11265922602608,1026
11265922854173,11265922854787,614
11265923085021,11265923085627,606
11265923330928,11265923331542,614
11265923561857,11265923562464,607
11265923793383,11265923794017,634
11265924047091,11265924047695,604
11265924284554,11265924285206,652
11265924516640,11265924517258,618
11265924748881,11265924749504,623
11265924979737,11265924980387,650
11265925211097,11265925211726,629
11265925459075,11265925459685,610
11265925698358,11265925699010,652
11265925932471,11265925933156,685
11265926168942,11265926169655,713
11265926419298,11265926419982,684
11265926654574,11265926655180,606
11265926887854,11265926888531,677
11265927121001,11265927121678,677
11265927351855,11265927352484,629
11265927587866,11265927588497,631
11265927819222,11265927819831,609
11265928049988,11265928050607,619
11265928290970,11265928291607,637
11265928521213,11265928521820,607
11265928750645,11265928751252,607
11265929002176,11265929002790,614
11265929251866,11265929252498,632
11265929483379,11265929483986,607
11265929713757,11265929714383,626
11265929943683,11265929944300,617
11265930173765,11265930174394,629
11265930427237,11265930427826,589
11265930658257,11265930658891,634
11265930887598,11265930888228,630
11265931118241,11265931118886,645
11265931348059,11265931348688,629
11265931577840,11265931578461,621
11265931807371,11265931807980,609
11265932036938,11265932037566,628
11265932277672,11265932278621,949
11265932515782,11265932516409,627
11265932755110,11265932755762,652
11265932989089,11265932989729,640
11265933222994,11265933224057,1063
11265933456891,11265933457539,648
11265933688216,11265933688845,629
11265933918923,11265933919563,640
11265934150178,11265934150899,721
11265934384172,11265934384801,629
11265934615246,11265934615820,574
11265934846388,11265934846967,579
11265935076594,11265935077228,634
11265935308960,11265935309561,601
11265935539445,11265935540046,601
11265935783823,11265935784498,675
11265936018605,11265936019245,640
11265936252465,11265936253066,601
11265936485131,11265936485722,591
11265936717885,11265936718496,611
11265936949803,11265936950443,640
11265937181186,11265937181802,616
11265937411791,11265937412404,613
11265937642284,11265937642914,630
11265937876311,11265937876948,637
11265938107037,11265938107667,630
11265938337993,11265938338638,645
11265938567891,11265938568541,650
11265938798506,11265938799160,654
11265939049030,11265939049675,645
11265939286042,11265939286671,629
11265939520206,11265939520839,633
11265939753868,11265939754524,656
11265939989147,11265939989743,596
11265940223538,11265940224144,606
11265940456332,11265940456970,638
11265940689905,11265940690545,640
11265940922603,11265940923222,619
11265941154212,11265941154795,583
11265941387343,11265941387972,629
11265941620617,11265941621238,621
11265941853703,11265941854303,600
11265942085702,11265942086338,636
11265942326599,11265942327202,603
11265942561425,11265942562035,610
11265942793520,11265942794373,853
11265943028617,11265943029208,591
11265943260382,11265943261003,621
11265943493413,11265943494068,655
11265943725840,11265943726807,967
11265943958085,11265943958735,650
11265944190202,11265944190863,661
11265944421497,11265944422128,631
11265944653048,11265944653931,883
11265944885729,11265944886369,640
11265945118639,11265945119259,620
11265945349389,11265945350025,636
11265945590819,11265945591448,629
11265945827416,11265945828109,693
11265946062347,11265946063002,655
11265946321831,11265946322486,655
11265946555389,11265946556010,621
11265946790476,11265946791102,626
11265947022755,11265947023383,628
11265947255134,11265947255759,625
11265947494459,11265947495084,625
11265947726243,11265947726872,629
11265947956879,11265947957476,597
11265948188651,11265948189222,571
11265948419016,11265948419651,635
11265948652236,11265948653115,879
11265948890629,11265948891262,633
11265949124705,11265949125312,607
11265949359276,11265949359917,641
11265949603945,11265949604602,657
11265949836670,11265949837292,622
11265950069279,11265950069901,622
11265950303010,11265950303698,688
11265950536059,11265950536709,650
11265950768163,11265950768797,634
11265950999392,11265951000014,622
11265951230329,11265951230969,640
11265951462210,11265951462836,626
11265951693039,11265951693657,618
11265951923814,11265951924451,637
11265952155943,11265952156533,590
11265952409167,11265952409751,584
11265952641170,11265952641801,631
11265952871840,11265952872482,642
11265953102238,11265953102876,638
11265953356067,11265953357008,941
11265953586510,11265953587147,637
11265953816916,11265953817544,628
11265954047603,11265954048253,650
11265954279190,11265954280114,924
11265954511140,11265954511752,612
11265954753610,11265954754248,638
11265954985425,11265954986048,623
11265955215957,11265955216571,614
11265955446804,11265955447396,592
11265955685294,11265955685853,559
11265955916990,11265955917614,624
11265956148299,11265956148944,645
11265956381015,11265956381655,640
11265956611546,11265956612159,613
11265956841029,11265956841649,620
11265957070845,11265957071505,660
11265957301116,11265957301753,637
11265957531202,11265957531849,647
11265957761055,11265957761647,592
11265957991046,11265957991676,630
11265958221978,11265958222598,620
11265958450804,11265958451431,627
11265958681041,11265958681654,613
11265958919124,11265958919759,635
11265959153138,11265959153790,652
11265959387134,11265959387763,629
11265959619444,11265959620074,630
11265959851019,11265959851639,620
11265960083146,11265960083727,581
11265960313318,11265960313940,622
11265960543781,11265960544407,626
11265960775470,11265960776098,628
11265961007832,11265961008444,612
11265961241413,11265961242062,649
11265961472808,11265961473467,659
11265961702636,11265961703235,599
11265961933941,11265961934542,601
11265962164892,11265962165659,767
11265962402336,11265962403039,703
11265962634844,11265962635445,601
11265962866165,11265962866736,571
11265963097239,11265963097845,606
11265963328623,11265963329237,614
11265963559023,11265963559633,610
11265963791828,11265963792675,847
11265964022967,11265964023574,607
11265964254921,11265964255512,591
11265964485150,11265964485783,633
11265964716339,11265964717504,1165
11265964949277,11265964949913,636
11265965180471,11265965181117,646
11265965411639,11265965412304,665
11265965649008,11265965649663,655
11265965880847,11265965881467,620
11265966112162,11265966112788,626
11265966342460,11265966343026,566
11265966573426,11265966574025,599
11265966804932,11265966805529,597
11265967036121,11265967036689,568
11265967265726,11265967266364,638
11265967495808,11265967496489,681
11265967727682,11265967728277,595
11265967957735,11265967958350,615
11265968188064,11265968188646,582
11265968419474,11265968420064,590
11265968649851,11265968650499,648
11265968886327,11265968886972,645
11265969120735,11265969121404,669
11265969353875,11265969354536,661
11265969587163,11265969587788,625
11265969820420,11265969821069,649
11265970054100,11265970054848,748
11265970287178,11265970287848,670
11265970518322,11265970518909,587
11265970749099,11265970749647,548
11265970979910,11265970980466,556
11265971210682,11265971211323,641
11265971444989,11265971445602,613
11265971676451,11265971677037,586
11265971906608,11265971907240,632
11265972136423,11265972137067,644
11265972383578,11265972384219,641
11265972619385,11265972620045,660
11265972852710,11265972853344,634
11265973083185,11265973083836,651
11265973313634,11265973314225,591
11265973589336,11265973589959,623
11265973820094,11265973820692,598
11265974049941,11265974050530,589
11265974277691,11265974278300,609
11265974563649,11265974564304,655
11265974795613,11265974796250,637
11265975008770,11265975009319,549
11265975227213,11265975227762,549
11265975433698,11265975434274,576
11265975647849,11265975648462,613
11265975855565,11265975856138,573
11265976061553,11265976062139,586
11265976265220,11265976266128,908
11265976470487,11265976471033,546
11265976673916,11265976674493,577
11265976878130,11265976878673,543
11265977081480,11265977082069,589
11265977286100,11265977286673,573
11265977495706,11265977496282,576
11265977701351,11265977701892,541
11265977907122,11265977907685,563
11265978114000,11265978114599,599
11265978330811,11265978331380,569
11265978536414,11265978537011,597
11265978744794,11265978745348,554
11265978956997,11265978957574,577
11265979163793,11265979164376,583
11265979370810,11265979371372,562
11265979595701,11265979596221,520
11265979803703,11265979804267,564
11265980024263,11265980024847,584
11265980231912,11265980232513,601
11265980446755,11265980447283,528
11265980654061,11265980654666,605
11265980862481,11265980863022,541
11265981068988,11265981069564,576
11265981304177,11265981304730,553
11265981510491,11265981511052,561
11265981718611,11265981719137,526
11265981927788,11265981928336,548
11265982136047,11265982136571,524
11265982350895,11265982351441,546
11265982561568,11265982562137,569
11265982768051,11265982768629,578
11265982974980,11265982975605,625
11265983182244,11265983182828,584
11265983386958,11265983387548,590
11265983597238,11265983597830,592
11265983803801,11265983804360,559
11265984010714,11265984011270,556
11265984217954,11265984218490,536
11265984426903,11265984427487,584
11265984633284,11265984633834,550
11265984839781,11265984840339,558
11265985049442,11265985049957,515
11265985255756,11265985256239,483
11265985486111,11265985486603,492
11265985699247,11265985700098,851
11265985907000,11265985907548,548
11265986113305,11265986113829,524
11265986318700,11265986319245,545
11265986526469,11265986526994,525
11265986732117,11265986732662,545
11265986940915,11265986941431,516
11265987147490,11265987148008,518
11265987371315,11265987371843,528
11265987579015,11265987579564,549
11265987786908,11265987787477,569
11265987992023,11265987992578,555
11265988198574,11265988199083,509
11265988406410,11265988406941,531
11265988612213,11265988612712,499
11265988820143,11265988820637,494
11265989030880,11265989031400,520
11265989240407,11265989240924,517
11265989449335,11265989449875,540
11265989659702,11265989660263,561
11265989867587,11265989868098,511
11265990075667,11265990076212,545
11265990282453,11265990282977,524
11265990487377,11265990487892,515
11265990691438,11265990691953,515
11265990898616,11265990899151,535
11265991105440,11265991105973,533
11265991310960,11265991311483,523
11265991514818,11265991515372,554
11265991718106,11265991718630,524
11265991922300,11265991922833,533
11265992127290,11265992127802,512
11265992336040,11265992336649,609
11265992553621,11265992554154,533
11265992760701,11265992761245,544
11265992971043,11265992971574,531
11265993178034,11265993178552,518
11265993385166,11265993385716,550
11265993592068,11265993592618,550
11265993800857,11265993801383,526
11265994010300,11265994010841,541
11265994218760,11265994219246,486
11265994441756,11265994442264,508
11265994649934,11265994650473,539
11265994857484,11265994858029,545
11265995065695,11265995066553,858
11265995296276,11265995296799,523
11265995502165,11265995502712,547
11265995710079,11265995710601,522
11265995918435,11265995918990,555
11265996123509,11265996124037,528
11265996330720,11265996331246,526
11265996537933,11265996538476,543
11265996743944,11265996744502,558
11265996950167,11265996950704,537
11265997156017,11265997156581,564
11265997366300,11265997366844,544
11265997575415,11265997575938,523
11265997781601,11265997782129,528
11265997987204,11265997987769,565
11265998193259,11265998193831,572
11265998398958,11265998399494,536
11265998607978,11265998608520,542
11265998814446,11265998815010,564
11265999027745,11265999028272,527
11265999235182,11265999235701,519
11265999443345,11265999443898,553
11265999650904,11265999651462,558
11265999859929,11265999860435,506
11266000064687,11266000065308,621
11266000272064,11266000272635,571
11266000490696,11266000491252,556
11266000697468,11266000698028,560
11266000904823,11266000905374,551
11266001111625,11266001112194,569
11266001317767,11266001318311,544
11266001538933,11266001539462,529
11266001744636,11266001745207,571
11266001955116,11266001955644,528
11266002161342,11266002161875,533
11266002373953,11266002374477,524
11266002587061,11266002587586,525
11266002796537,11266002797063,526
11266003004534,11266003005061,527
11266003219181,11266003219784,603
11266003426634,11266003427208,574
11266003633854,11266003634399,545
11266003841709,11266003842246,537
11266004049880,11266004050418,538
11266004257491,11266004258045,554
11266004468656,11266004469581,925
11266004679085,11266004679584,499
11266004889737,11266004890245,508
11266005099056,11266005099574,518
11266005321722,11266005322260,538
11266005527805,11266005528337,532
11266005742715,11266005743258,543
11266005949689,11266005950225,536
11266006158797,11266006159334,537
11266006384179,11266006384718,539
11266006593154,11266006593705,551
11266006802368,11266006802910,542
11266007010564,11266007011146,582
11266007218060,11266007218600,540
11266007424377,11266007424902,525
11266007631366,11266007631899,533
11266007837632,11266007838158,526
11266008045172,11266008045707,535
11266008263418,11266008263932,514
11266008467288,11266008467839,551
11266008671390,11266008671924,534
11266008881486,11266008882051,565
11266009089784,11266009090344,560
11266009318042,11266009318636,594
11266009522851,11266009523400,549
11266009727492,11266009728050,558
11266009933289,11266009933842,553
11266010138098,11266010138620,522
11266010356035,11266010356572,537
11266010560179,11266010560715,536
11266010763748,11266010764281,533
11266010966984,11266010967531,547
11266011169765,11266011170354,589
11266011372975,11266011373535,560
11266011576932,11266011577498,566
11266011780683,11266011781257,574
11266011984013,11266011984589,576
11266012187953,11266012188509,556
11266012400410,11266012400962,552
11266012604432,11266012604983,551
11266012807541,11266012808081,540
11266013011515,11266013012094,579
11266013214745,11266013215336,591
11266013417927,11266013418468,541
11266013621214,11266013621765,551
11266013825511,11266013826447,936
11266014029372,11266014029930,558
11266014232680,11266014233244,564
11266014435083,11266014435652,569
11266014639229,11266014639876,647
11266014844614,11266014845179,565
11266015048935,11266015049459,524
11266015251354,11266015251879,525
11266015453482,11266015454056,574
11266015663617,11266015664194,577
11266015867550,11266015868079,529
11266016071918,11266016072463,545
11266016276214,11266016276773,559
11266016479500,11266016480026,526
11266016683521,11266016684065,544
11266016886745,11266016887307,562
11266017091530,11266017092074,544
11266017295235,11266017295786,551
11266017499018,11266017499533,515
11266017701136,11266017701654,518
11266017904534,11266017905108,574
11266018107622,11266018108127,505
11266018310670,11266018311215,545
11266018512969,11266018513490,521
11266018715262,11266018715792,530
11266018922533,11266018923062,529
11266019126491,11266019127034,543
11266019330321,11266019330868,547
11266019533898,11266019534445,547
11266019738403,11266019738911,508
11266019942429,11266019942987,558
11266020146368,11266020146879,511
11266020349013,11266020349563,550
11266020552368,11266020552919,551
11266020755369,11266020755891,522
11266020957753,11266020958303,550
11266021161045,11266021161573,528
11266021365353,11266021365884,531
11266021567913,11266021568454,541
11266021770412,11266021770941,529
11266021973000,11266021973650,650
11266022177011,11266022177556,545
11266022385816,11266022386592,776
11266022590494,11266022591059,565
11266022794601,11266022795142,541
11266022997757,11266022998537,780
11266023201099,11266023201623,524
11266023404678,11266023405246,568
11266023607855,11266023608443,588
11266023811872,11266023812468,596
11266024015181,11266024015731,550
11266024219031,11266024219541,510
11266024422491,11266024423029,538
11266024625501,11266024626053,552
11266024828826,11266024829321,495
11266025034679,11266025035212,533
11266025239915,11266025240426,511
11266025442283,11266025442847,564
11266025652680,11266025653224,544
11266025857198,11266025857695,497
11266026065098,11266026065634,536
11266026273863,11266026274420,557
11266026477354,11266026477879,525
11266026681531,11266026682068,537
11266026885134,11266026885652,518
11266027088938,11266027089489,551
11266027291846,11266027292368,522
11266027494956,11266027495460,504
11266027698476,11266027698992,516
11266027903599,11266027904148,549
11266028146583,11266028147159,576
11266028380463,11266028381053,590
11266028619458,11266028620081,623
11266028850075,11266028850715,640
11266029096648,11266029097275,627
11266029340438,11266029341044,606
11266029573150,11266029573786,636
11266029805231,11266029805875,644
11266030037992,11266030038579,587
11266030269757,11266030270368,611
11266030510143,11266030510743,600
11266030742209,11266030742829,620
11266030973588,11266030974187,599
11266031206119,11266031206702,583
11266031444083,11266031444714,631
11266031675365,11266031675985,620
11266031907523,11266031908158,635
11266032140072,11266032140678,606
11266032387253,11266032387958,705
11266032636953,11266032637646,693
11266032872872,11266032873903,1031
11266033105950,11266033106573,623
11266033337686,11266033338332,646
11266033569148,11266033569736,588
11266033800021,11266033800647,626
11266034031642,11266034032267,625
11266034262794,11266034263411,617
11266034516984,11266034517586,602
11266034747452,11266034748065,613
11266034977169,11266034977782,613
11266035207905,11266035208498,593
11266035443800,11266035444407,607
11266035681184,11266035681816,632
11266035911501,11266035912118,617
11266036142382,11266036143017,635
11266036388000,11266036388665,665
11266036617282,11266036617922,640
11266036846249,11266036846880,631
11266037075986,11266037076607,621
11266037306887,11266037307511,624
11266037548175,11266037548783,608
11266037777600,11266037778168,568
11266038008071,11266038008705,634
11266038238495,11266038239140,645
11266038467154,11266038467775,621
11266038696601,11266038697228,627
11266038935206,11266038935835,629
11266039168602,11266039169268,666
11266039400423,11266039401070,647
11266039632896,11266039633531,635
11266039865843,11266039866468,625
11266040098293,11266040098884,591
11266040329508,11266040330123,615
11266040559699,11266040560350,651
11266040789325,11266040789982,657
11266041020144,11266041020771,627
11266041251147,11266041251760,613
11266041482884,11266041483556,672
11266041714020,11266041714656,636
11266041944522,11266041945157,635
11266042173161,11266042173778,617
11266042417636,11266042418249,613
11266042649407,11266042650060,653
11266042881520,11266042882135,615
11266043111577,11266043112175,598
11266043340825,11266043341433,608
11266043581380,11266043582039,659
11266043816760,11266043817401,641
11266044054011,11266044054683,672
11266044290249,11266044290863,614
11266044522528,11266044523572,1044
11266044754825,11266044755448,623
11266044984395,11266044985013,618
11266045214797,11266045215423,626
11266045444974,11266045445656,682
11266045686844,11266045687486,642
11266045918814,11266045919427,613
11266046148905,11266046149584,679
11266046378699,11266046379331,632
11266046608365,11266046608983,618
11266046838145,11266046838817,672
11266047067124,11266047067755,631
11266047296745,11266047297384,639
11266047532230,11266047532867,637
11266047761936,11266047762571,635
11266047995702,11266047996367,665
11266048226011,11266048226624,613
11266048462312,11266048462943,631
11266048691473,11266048692113,640
11266048927627,11266048928294,667
11266049160777,11266049161431,654
11266049394661,11266049395309,648
11266049633087,11266049633723,636
11266049864848,11266049865480,632
11266050097885,11266050098523,638
11266050329133,11266050329758,625
11266050559728,11266050560398,670
11266050790252,11266050790927,675
11266051020760,11266051021396,636
11266051251883,11266051252532,649
11266051495346,11266051495971,625
11266051727582,11266051728199,617
11266051958438,11266051959078,640
11266052188983,11266052189601,618
11266052436915,11266052437575,660
11266052670535,11266052671216,681
11266052928739,11266052929333,594
11266053140929,11266053141474,545
11266053353137,11266053353674,537
11266053566021,11266053566536,515
11266053777192,11266053777718,526
11266053988117,11266053988670,553
11266054198793,11266054199375,582
11266054409022,11266054409574,552
11266054618810,11266054619314,504
11266054829501,11266054830415,914
11266055088553,11266055089133,580
11266055319063,11266055319645,582
11266055559990,11266055560590,600
11266055795966,11266055796618,652
11266056029522,11266056030100,578
11266056263137,11266056263720,583
11266056496882,11266056497483,601
11266056771147,11266056771800,653
11266057012831,11266057013460,629
11266057245874,11266057246519,645
11266057477858,11266057478498,640
11266057710419,11266057711074,655
11266057942093,11266057942702,609
11266058289273,11266058289934,661
11266058534702,11266058535343,641
11266058773189,11266058773850,661
11266059022465,11266059023123,658
11266059258959,11266059259571,612
11266059492674,11266059493290,616
11266059730354,11266059731021,667
11266059965452,11266059966081,629
11266060197784,11266060198405,621
11266060428969,11266060429621,652
11266060660663,11266060661307,644
11266060892864,11266060893482,618
11266061124962,11266061125569,607
11266061356399,11266061357005,606
11266061587586,11266061588178,592
11266061895173,11266061895784,611
11266062127320,11266062127937,617
11266062365526,11266062366168,642
11266062600493,11266062601149,656
11266062833332,11266062833958,626
11266063064861,11266063065516,655
11266063297315,11266063297946,631
11266063529099,11266063529727,628
11266063759547,11266063760131,584
11266063992284,11266063992890,606
11266064224008,11266064224649,641
11266064454913,11266064455510,597
11266064685386,11266064685974,588
11266064916053,11266064916655,602
11266065146828,11266065147470,642
11266065377430,11266065378046,616
11266065617224,11266065618195,971
11266065852239,11266065852842,603
11266066085190,11266066085788,598
11266066317530,11266066318100,570
11266066549285,11266066549915,630
11266066782343,11266066782918,575
11266067013574,11266067014155,581
11266067243096,11266067243719,623
11266067473894,11266067474530,636
11266067705338,11266067705925,587
11266067937076,11266067937670,594
11266068166792,11266068167378,586
11266068397889,11266068398488,599
11266068629140,11266068629718,578
11266068859191,11266068859831,640
11266069100359,11266069101019,660
11266069335126,11266069335786,660
11266069567430,11266069568034,604
11266069798623,11266069799290,667
11266070030352,11266070030998,646
11266070261649,11266070262288,639
11266070499514,11266070500173,659
11266070730774,11266070731413,639
11266070962646,11266070963280,634
11266071192752,11266071193429,677
11266071434444,11266071435110,666
11266071666241,11266071666901,660
11266071902106,11266071902772,666
11266072138200,11266072138849,649
11266072377078,11266072377723,645
11266072609124,11266072609761,637
11266072840564,11266072841211,647
11266073072397,11266073073056,659
11266073336660,11266073337313,653
11266073568105,11266073568779,674
11266073799521,11266073800148,627
11266074029947,11266074030615,668
11266074264205,11266074264862,657
11266074522010,11266074522662,652
11266074752198,11266074752829,631
11266074982721,11266074983341,620
11266075212420,11266075213012,592
11266075470635,11266075471277,642
11266075710279,11266075710915,636
11266075943499,11266075944120,621
11266076174471,11266076175423,952
11266076425230,11266076425896,666
11266076655633,11266076656250,617
11266076887718,11266076888308,590
11266077118731,11266077119396,665
11266077352033,11266077352667,634
11266077595405,11266077596000,595
11266077827821,11266077828435,614
11266078059939,11266078060582,643
11266078291915,11266078292549,634
11266078521950,11266078522561,611
11266078752089,11266078752669,580
11266078992844,11266078993489,645
11266079226820,11266079227455,635
11266079458047,11266079458639,592
11266079687788,11266079688410,622
11266079919648,11266079920262,614
11266080151503,11266080152138,635
11266080382370,11266080383009,639
11266080612878,11266080613473,595
11266080842726,11266080843340,614
11266081072701,11266081073338,637
11266081304265,11266081304876,611
11266081534393,11266081535008,615
11266081764817,11266081765408,591
11266081996450,11266081997055,605
11266082232315,11266082232922,607
11266082464395,11266082465005,610
11266082697224,11266082697886,662
11266082930817,11266082931426,609
11266083165059,11266083165724,665
11266083406115,11266083406723,608
11266083636741,11266083637357,616
11266083868273,11266083868879,606
11266084098439,11266084099045,606
11266084329373,11266084329979,606
11266084559651,11266084560217,566
11266084790102,11266084790702,600
11266085020889,11266085021501,612
11266085267864,11266085268455,591
11266085497852,11266085498468,616
11266085734824,11266085735451,627
11266085966890,11266085967490,600
11266086196832,11266086197465,633
11266086427880,11266086428516,636
11266086659095,11266086659947,852
11266086889136,11266086889762,626
11266087119497,11266087120114,617
11266087350884,11266087351483,599
11266087580427,11266087581077,650
11266087811874,11266087812497,623
11266088042403,11266088043049,646
11266088272704,11266088273324,620
11266088503121,11266088503784,663
11266088734333,11266088734962,629
11266088972397,11266088973043,646
11266089204901,11266089205497,596
11266089435724,11266089436373,649
11266089668341,11266089668963,622
11266089898894,11266089899501,607
11266090130021,11266090130654,633
11266090360315,11266090360938,623
11266090592070,11266090592673,603
11266090823179,11266090823772,593
11266091054076,11266091054732,656
11266091284000,11266091284626,626
11266091515293,11266091515906,613
11266091745832,11266091746452,620
11266091977170,11266091977787,617
11266092220765,11266092221427,662
11266092452951,11266092453553,602
11266092684843,11266092685437,594
11266092915812,11266092916418,606
11266093146333,11266093146934,601
11266093385116,11266093385741,625
11266093614716,11266093615330,614
11266093844048,11266093844666,618
11266094073973,11266094074604,631
11266094304766,11266094305393,627
11266094562967,11266094563591,624
11266094849091,11266094849780,689
11266095095645,11266095096298,653
11266095330663,11266095331298,635
11266095569816,11266095570444,628
11266095802924,11266095803560,636
11266096036941,11266096037615,674
11266096270007,11266096270696,689
11266096503274,11266096503914,640
11266096734492,11266096735123,631
11266096966782,11266096967447,665
11266097197809,11266097198762,953
11266097430730,11266097431379,649
11266097662344,11266097662957,613
11266097895104,11266097895715,611
11266098127922,11266098128546,624
11266098360209,11266098360845,636
11266098596489,11266098597156,667
11266098827032,11266098827652,620
11266099066521,11266099067137,616
11266099315466,11266099316057,591
11266099547726,11266099548337,611
11266099778655,11266099779308,653
11266100011064,11266100011685,621
11266100242266,11266100242875,609
11266100480269,11266100480868,599
11266100712487,11266100713112,625
11266100943928,11266100944547,619
11266101174857,11266101175469,612
11266101405245,11266101405847,602
11266101635675,11266101636278,603
11266101866825,11266101867460,635
11266102097449,11266102098073,624
11266102338241,11266102338880,639
11266102571747,11266102572373,626
11266102804227,11266102804869,642
11266103037908,11266103038525,617
11266103271181,11266103271836,655
11266103511383,11266103512021,638
11266103744042,11266103744682,640
11266103976020,11266103976653,633
11266104206005,11266104206625,620
11266104436897,11266104437548,651
11266104667550,11266104668175,625
11266104899118,11266104899749,631
11266105131290,11266105131910,620
11266105378984,11266105379618,634
11266105616451,11266105617070,619
11266105850172,11266105850799,627
11266106083504,11266106084185,681
11266106316240,11266106316868,628
11266106573737,11266106574336,599
11266106807729,11266106808427,698
11266107040632,11266107041299,667
11266107273015,11266107273660,645
11266107504404,11266107505036,632
11266107735943,11266107736585,642
11266107967673,11266107968281,608
11266108216070,11266108216744,674
11266108449546,11266108450168,622
11266108680060,11266108680682,622
11266108918790,11266108919446,656
11266109151938,11266109152621,683
11266109385665,11266109386354,689
11266109634873,11266109635563,690
11266109865890,11266109866535,645
11266110097522,11266110098200,678
11266110339469,11266110340138,669
11266110570522,11266110571165,643
11266110800735,11266110801363,628
11266111030929,11266111031580,651
11266111259231,11266111259892,661
11266111502404,11266111503070,666
11266111732996,11266111733668,672
11266111965048,11266111965648,600
11266112195104,11266112195675,571
11266112445787,11266112446433,646
11266112677434,11266112678035,601
11266112908549,11266112909173,624
11266113139311,11266113139913,602
11266113371118,11266113371738,620
11266113602146,11266113602757,611
11266113831469,11266113832369,900
11266114062092,11266114062754,662
11266114291246,11266114291915,669
11266114521191,11266114521842,651
11266114750858,11266114751500,642
11266114981068,11266114981687,619
11266115210649,11266115211295,646
11266115440209,11266115440818,609
11266115677706,11266115678363,657
11266115911731,11266115912388,657
11266116143634,11266116144280,646
11266116374384,11266116375033,649
11266116606907,11266116607570,663
11266116837987,11266116838646,659
11266117067536,11266117068184,648
11266117297820,11266117298438,618
11266117528064,11266117528720,656
11266117758685,11266117759342,657
11266117990112,11266117990733,621
11266118222913,11266118223586,673
11266118454020,11266118454714,694
11266118684815,11266118685423,608
11266118923216,11266118923881,665
11266119155953,11266119156607,654
11266119387688,11266119388343,655
11266119619835,11266119620490,655
11266119852235,11266119852905,670
11266120083633,11266120084305,672
11266120314914,11266120315547,633
11266120544452,11266120545081,629
11266120775699,11266120776331,632
11266121006169,11266121006798,629
11266121236034,11266121236633,599
11266121465519,11266121466198,679
11266121694000,11266121694652,652
11266121924080,11266121924676,596
11266122153455,11266122154091,636
11266122388916,11266122389550,634
11266122622978,11266122623644,666
11266122854154,11266122854790,636
11266123085585,11266123086199,614
11266123315925,11266123316546,621
11266123545355,11266123545944,589
11266123774100,11266123774720,620
11266124004071,11266124004710,639
11266124235084,11266124235735,651
11266124466282,11266124466874,592
11266124696551,11266124697194,643
11266124926807,11266124927401,594
11266125156903,11266125157519,616
11266125405232,11266125405850,618
11266125643744,11266125644419,675
11266125875515,11266125876131,616
11266126105236,11266126105822,586
11266126336269,11266126336861,592
11266126567152,11266126567756,604
11266126796791,11266126797424,633
11266127027965,11266127028594,629
11266127275629,11266127276244,615
11266127505672,11266127506285,613
11266127735806,11266127736416,610
11266127965001,11266127965599,598
11266128194257,11266128195211,954
11266128427272,11266128427928,656
11266128657507,11266128658101,594
11266128893358,11266128893960,602
11266129131792,11266129132708,916
11266129364493,11266129365135,642
11266129596406,11266129597026,620
11266129830349,11266129830979,630
11266130060916,11266130061529,613
11266130291901,11266130292483,582
11266130522820,11266130523415,595
11266130754004,11266130754609,605
11266130984388,11266130985009,621
11266131214078,11266131214696,618
11266131443886,11266131444529,643
11266131673748,11266131674329,581
11266131903665,11266131904297,632
11266132133695,11266132134331,636
11266132401367,11266132401976,609
11266132633020,11266132633657,637
11266132863510,11266132864143,633
11266133093592,11266133094218,626
11266133324265,11266133324880,615
11266133578310,11266133578906,596
11266133808041,11266133808627,586
11266134039108,11266134039673,565
11266134268374,11266134268964,590
11266134497759,11266134498337,578
11266134727391,11266134727977,586
11266134957387,11266134958278,891
11266135188781,11266135189398,617
11266135418977,11266135419606,629
11266135657619,11266135658222,603
11266135890843,11266135891467,624
11266136122426,11266136123038,612
11266136353137,11266136353728,591
11266136583434,11266136584051,617
11266136812770,11266136813437,667
11266137043526,11266137044131,605
11266137274108,11266137274729,621
11266137503895,11266137504488,593
11266137735613,11266137736211,598
11266137967400,11266137968039,639
11266138198103,11266138198719,616
11266138427912,11266138428482,570
11266138659011,11266138659584,573
11266138899124,11266138899674,550
11266139131982,11266139132593,611
11266139365029,11266139365628,599
11266139597736,11266139598394,658
11266139830652,11266139831269,617
11266140061761,11266140062369,608
11266140294467,11266140295050,583
11266140525451,11266140526037,586
11266140757217,11266140757807,590
11266140987939,11266140988530,591
11266141218803,11266141219393,590
11266141452967,11266141453614,647
11266141683869,11266141684536,667
11266141915805,11266141916434,629
11266142147136,11266142147796,660
11266142382233,11266142382913,680
11266142614552,11266142615265,713
11266142847432,11266142848071,639
11266143078673,11266143079285,612
11266143309932,11266143310489,557
11266143539519,11266143540163,644
11266143771276,11266143771852,576
11266144002946,11266144003563,617
11266144233963,11266144234553,590
11266144465657,11266144466280,623
11266144697423,11266144698011,588
11266144927649,11266144928269,620
11266145158242,11266145158830,588
11266145389377,11266145389995,618
11266145628644,11266145629230,586
11266145861087,11266145861718,631
11266146091200,11266146091765,565
11266146322992,11266146323594,602
11266146552978,11266146553555,577
11266146782717,11266146783304,587
11266147012715,11266147013300,585
11266147242940,11266147243542,602
11266147473246,11266147473854,608
11266147704717,11266147705326,609
11266147934803,11266147935408,605
11266148164897,11266148165509,612
11266148395777,11266148396414,637
11266148625396,11266148626001,605
11266148856295,11266148856897,602
11266149095100,11266149095751,651
11266149330031,11266149330988,957
11266149563124,11266149563764,640
11266149795767,11266149796406,639
11266150029103,11266150029702,599
11266150262416,11266150263056,640
11266150511061,11266150511665,604
11266150741825,11266150742440,615
11266150972404,11266150973024,620
11266151215027,11266151215676,649
11266151446520,11266151447124,604
11266151677368,11266151678012,644
11266151907236,11266151907889,653
11266152138981,11266152139600,619
11266152413098,11266152413770,672
11266152639096,11266152639762,666
11266152847985,11266152848594,609
11266153072630,11266153073335,705
11266153284508,11266153285099,591
11266153494176,11266153494728,552
11266153702351,11266153702950,599
11266153909884,11266153910461,577
11266154120017,11266154120558,541
11266154327620,11266154328169,549
11266154537934,11266154538476,542
11266154756514,11266154757079,565
11266154969134,11266154969637,503
11266155178874,11266155179403,529
11266155389818,11266155390336,518
11266155603209,11266155603805,596
11266155814453,11266155815640,1187
11266156024957,11266156025516,559
11266156235309,11266156235844,535
11266156444089,11266156444610,521
11266156651631,11266156652199,568
11266156859523,11266156860095,572
11266157067862,11266157068642,780
11266157276345,11266157276900,555
11266157484335,11266157484892,557
11266157690643,11266157691197,554
11266157896538,11266157897102,564
11266158103380,11266158103917,537
11266158310424,11266158310970,546
11266158517074,11266158517626,552
11266158723389,11266158723919,530
11266158934136,11266158934693,557
11266159142485,11266159143035,550
11266159353511,11266159354067,556
11266159560118,11266159560648,530
11266159767872,11266159768402,530
11266159974762,11266159975314,552
11266160181334,11266160181882,548
11266160390434,11266160390981,547
11266160598215,11266160598707,492
11266160804169,11266160804746,577
11266161012615,11266161013129,514
11266161222146,11266161222685,539
11266161429083,11266161429626,543
11266161637592,11266161638140,548
11266161844635,11266161845164,529
11266162051387,11266162051952,565
11266162262399,11266162262998,599
11266162470976,11266162471543,567
11266162679557,11266162680220,663
11266162888683,11266162889272,589
11266163096787,11266163097326,539
11266163302134,11266163302697,563
11266163512342,11266163512932,590
11266163722440,11266163723011,571
11266163930471,11266163931003,532
11266164137489,11266164138054,565
11266164342969,11266164343555,586
11266164552595,11266164553191,596
11266164757682,11266164758257,575
11266164962408,11266164962945,537
11266165168867,11266165169418,551
11266165375301,11266165375871,570
11266165588013,11266165588598,585
11266165796872,11266165797412,540
11266166029616,11266166030237,621
11266166287879,11266166288966,1087
11266166513254,11266166513929,675
11266166728094,11266166728683,589
11266166936577,11266166937169,592
11266167145359,11266167145904,545
11266167354135,11266167354751,616
11266167565188,11266167565730,542
11266167772722,11266167773286,564
11266167981612,11266167982154,542
11266168189590,11266168190147,557
11266168400164,11266168400759,595
11266168609907,11266168610456,549
11266168820296,11266168821184,888
11266169035514,11266169036082,568
11266169242976,11266169243522,546
11266169447615,11266169448145,530
11266169654438,11266169655011,573
11266169877391,11266169878095,704
11266170083888,11266170084475,587
11266170293179,11266170293715,536
11266170495799,11266170496373,574
11266170699137,11266170699688,551
11266170902572,11266170903137,565
11266171106421,11266171106974,553
11266171310784,11266171311360,576
11266171514859,11266171515423,564
11266171720825,11266171721353,528
11266171925051,11266171925690,639
11266172131138,11266172131698,560
11266172339929,11266172340448,519
11266172545178,11266172545733,555
11266172748700,11266172749258,558
11266172953313,11266172953873,560
11266173156463,11266173157034,571
11266173360022,11266173360601,579
11266173563390,11266173563932,542
11266173766685,11266173767222,537
11266173974071,11266173974756,685
11266174179353,11266174179905,552
11266174382712,11266174383238,526
11266174585267,11266174585790,523
11266174788574,11266174789119,545
11266174992137,11266174992697,560
11266175195032,11266175195599,567
11266175398738,11266175399272,534
11266175611317,11266175611866,549
11266175816875,11266175817785,910
11266176022612,11266176023174,562
11266176227059,11266176227614,555
11266176432382,11266176432925,543
11266176636272,11266176636874,602
11266176840302,11266176840866,564
11266177044060,11266177044607,547
11266177248887,11266177249409,522
11266177452038,11266177452576,538
11266177656255,11266177656834,579
11266177873216,11266177873780,564
11266178080039,11266178080596,557
11266178284411,11266178284972,561
11266178489473,11266178490030,557
11266178693227,11266178693736,509
11266178902013,11266178902573,560
11266179106919,11266179107497,578
11266179312357,11266179312914,557
11266179515799,11266179516328,529
11266179720253,11266179720774,521
11266179923662,11266179924210,548
11266180127603,11266180128137,534
11266180331039,11266180331552,513
11266180534161,11266180534707,546
11266180739781,11266180740326,545
11266180943814,11266180944344,530
11266181146845,11266181147375,530
11266181349321,11266181349842,521
11266181553278,11266181553735,457
11266181757386,11266181758197,811
11266181961283,11266181961795,512
11266182163316,11266182163805,489
11266182372789,11266182373320,531
11266182577411,11266182577948,537
11266182780810,11266182781325,515
11266182983722,11266182984254,532
11266183189024,11266183189578,554
11266183393944,11266183394510,566
11266183599314,11266183599816,502
11266183801534,11266183802026,492
11266184006513,11266184007027,514
11266184213417,11266184213996,579
11266184418884,11266184419420,536
11266184623304,11266184623828,524
11266184826191,11266184826695,504
11266185029706,11266185030248,542
11266185234278,11266185234819,541
11266185437325,11266185437867,542
11266185646698,11266185647255,557
11266185852753,11266185853311,558
11266186056808,11266186057364,556
11266186262465,11266186263038,573
11266186466238,11266186466766,528
11266186669034,11266186669577,543
11266186872366,11266186872915,549
11266187076524,11266187077089,565
11266187280750,11266187281306,556
11266187484390,11266187484955,565
11266187687995,11266187688814,819
11266187892781,11266187893348,567
11266188095005,11266188095560,555
11266188299081,11266188299609,528
11266188502193,11266188502764,571
11266188705498,11266188706041,543
11266188912897,11266188913440,543
11266189118402,11266189118898,496
11266189322128,11266189322673,545
11266189526117,11266189526628,511
11266189729655,11266189730135,480
11266189934020,11266189934546,526
11266190137927,11266190138479,552
11266190342310,11266190342854,544
11266190547078,11266190547619,541
11266190749057,11266190749582,525
11266190952826,11266190953392,566
11266191157412,11266191157937,525
11266191361332,11266191361832,500
11266191563806,11266191564306,500
11266191766999,11266191767550,551
11266191970899,11266191971417,518
11266192175680,11266192176174,494
11266192383795,11266192384306,511
11266192587527,11266192588041,514
11266192791648,11266192792153,505
11266192995604,11266192996105,501
11266193200120,11266193200650,530
11266193404124,11266193404741,617
11266193608030,11266193608585,555
11266193812440,11266193812980,540
11266194016416,11266194016955,539
11266194218983,11266194219513,530
11266194428126,11266194428980,854
11266194634073,11266194634566,493
11266194838690,11266194839229,539
11266195043505,11266195044003,498
11266195248686,11266195249227,541
11266195453909,11266195454441,532
11266195663829,11266195664364,535
11266195868558,11266195869090,532
11266196073195,11266196073715,520
11266196279439,11266196279976,537
11266196483559,11266196484099,540
11266196686982,11266196687543,561
11266196892539,11266196893092,553
11266197096604,11266197097133,529
11266197301424,11266197301927,503
11266197505237,11266197505774,537
11266197708776,11266197709557,781
11266197912830,11266197913366,536
11266198117827,11266198118360,533
11266198321283,11266198321796,513
11266198524516,11266198525127,611
11266198728779,11266198729334,555
11266198937682,11266198938228,546
11266199142442,11266199142957,515
11266199347128,11266199347614,486
11266199551633,11266199552139,506
11266199754944,11266199755469,525
11266199961155,11266199961658,503
11266200166082,11266200166587,505
11266200376549,11266200377529,980
11266200583680,11266200584226,546
11266200789208,11266200789739,531
11266200994533,11266200995090,557
11266201199029,11266201199603,574
11266201404089,11266201404643,554
11266201609846,11266201610391,545
11266201816663,11266201817233,570
11266202019950,11266202020526,576
11266202230015,11266202230551,536
11266202435696,11266202436225,529
11266202640136,11266202640693,557
11266202843800,11266202844394,594
11266203048949,11266203049502,553
11266203253827,11266203254369,542
11266203457730,11266203458211,481
11266203660551,11266203661113,562
11266203865515,11266203866043,528
11266204069610,11266204070128,518
11266204274561,11266204275086,525
11266204476676,11266204477279,603
11266204684503,11266204685043,540
11266204889273,11266204889862,589
11266205094029,11266205094571,542
11266205296780,11266205297311,531
11266205501602,11266205502112,510
11266205710467,11266205711004,537
11266205914166,11266205914672,506
11266206118100,11266206118619,519
11266206322684,11266206323516,832
11266206528077,11266206528605,528
11266206732103,11266206732646,543
11266206936177,11266206936698,521
11266207139057,11266207139649,592
11266207342789,11266207343293,504
11266207545574,11266207546090,516
11266207748091,11266207748565,474
11266207950609,11266207951165,556
11266208155859,11266208156350,491
11266208358718,11266208359225,507
11266208561545,11266208562067,522
11266208765196,11266208765761,565
11266208972914,11266208973477,563
11266209177378,11266209177931,553
11266209380207,11266209380709,502
11266209583323,11266209583899,576
11266209786218,11266209786733,515
11266209989568,11266209990120,552
11266210192015,11266210192541,526
11266210395647,11266210396221,574
11266210599892,11266210600477,585
11266210802548,11266210803077,529
11266211006188,11266211006693,505
11266211208758,11266211209315,557
11266211412914,11266211413438,524
11266211615646,11266211616205,559
11266211818365,11266211818912,547
11266212021352,11266212021877,525
11266212228898,11266212229467,569
11266212434834,11266212435381,547
11266212638044,11266212638577,533
11266212842650,11266212843205,555
11266213046120,11266213047037,917
11266213249455,11266213250006,551
11266213454082,11266213454642,560
11266213658815,11266213659366,551
11266213863288,11266213863871,583
11266214067682,11266214068231,549
11266214272385,11266214272912,527
11266214475279,11266214475778,499
11266214678939,11266214679484,545
11266214887110,11266214887636,526
11266215092629,11266215093125,496
11266215296875,11266215297357,482
11266215501446,11266215502005,559
11266215710380,11266215710951,571
11266215914421,11266215914924,503
11266216117380,11266216117883,503
11266216320021,11266216320555,534
11266216524980,11266216525476,496
11266216729899,11266216730384,485
11266216933979,11266216934472,493
11266217136986,11266217137493,507
11266217341229,11266217341710,481
11266217543910,11266217544390,480
11266217746235,11266217746753,518
11266217949014,11266217949538,524
11266218151635,11266218152121,486
11266218355037,11266218355548,511
11266218559661,11266218560163,502
11266218763166,11266218763613,447
11266218970460,11266218971346,886
11266219175996,11266219176536,540
11266219379156,11266219379699,543
11266219581640,11266219582186,546
11266219785483,11266219786026,543
11266219989019,11266219989560,541
11266220191409,11266220191948,539
11266220394259,11266220394812,553
11266220596247,11266220596803,556
11266220799823,11266220800356,533
11266221002761,11266221003266,505
11266221206004,11266221206504,500
11266221409073,11266221409594,521
11266221612854,11266221613405,551
11266221816475,11266221816997,522
11266222020076,11266222020602,526
11266222227621,11266222228213,592
11266222432805,11266222433337,532
11266222636499,11266222637034,535
11266222838570,11266222839109,539
11266223054471,11266223055048,577
11266223261022,11266223261537,515
11266223465228,11266223465771,543
11266223668378,11266223668908,530
11266223872085,11266223872612,527
11266224074954,11266224075483,529
11266224278300,11266224278820,520
11266224481951,11266224482463,512
11266224683541,11266224684063,522
11266224887416,11266224888141,725
11266225094458,11266225095025,567
11266225297859,11266225298379,520
11266225501674,11266225502192,518
11266225712182,11266225712755,573
11266225918307,11266225918821,514
11266226122513,11266226123030,517
11266226325926,11266226326448,522
11266226529535,11266226530106,571
11266226732787,11266226733326,539
11266226935287,11266226935805,518
11266227138380,11266227138909,529
11266227341678,11266227342219,541
11266227545752,11266227546272,520
11266227749512,11266227750041,529
11266227951891,11266227952451,560
11266228154333,11266228154896,563
11266228358356,11266228358901,545
11266228562110,11266228562648,538
11266228764740,11266228765280,540
11266228989637,11266228990304,667
11266229193056,11266229193610,554
11266229396975,11266229397530,555
11266229599661,11266229600209,548
11266229800649,11266229801156,507
11266230003927,11266230004489,562
11266230207251,11266230207771,520
11266230410072,11266230410595,523
11266230611586,11266230612107,521
11266230813166,11266230813688,522
11266231015460,11266231016003,543
11266231217590,11266231218104,514
11266231419214,11266231419761,547
11266231620713,11266231621258,545
11266231822558,11266231823313,755
11266232024400,11266232024945,545
11266232231419,11266232232002,583
11266232434709,11266232435245,536
11266232636748,11266232637319,571
11266232840435,11266232840936,501
11266233043126,11266233043689,563
11266233245812,11266233246364,552
11266233449151,11266233449732,581
11266233650774,11266233651322,548
11266233854004,11266233854566,562
11266234056656,11266234057203,547
11266234258514,11266234259106,592
11266234462681,11266234463232,551
11266234663953,11266234664542,589
11266234866197,11266234866745,548
11266235067695,11266235068259,564
11266235272151,11266235272686,535
11266235473697,11266235474185,488
11266235680023,11266235680596,573
11266235883065,11266235883642,577
11266236084618,11266236085140,522
11266236286980,11266236287513,533
11266236488637,11266236489228,591
11266236689372,11266236689915,543
11266236891374,11266236891946,572
11266237093152,11266237093730,578
11266237295448,11266237295989,541
11266237496512,11266237497085,573
11266237699523,11266237700031,508
11266237901368,11266237901906,538
11266238104728,11266238105283,555
11266238308570,11266238309137,567
11266238510198,11266238510828,630
11266238711700,11266238712272,572
11266238920530,11266238921056,526
11266239124593,11266239125133,540
11266239328861,11266239329375,514
11266239532215,11266239532747,532
11266239734219,11266239734770,551
11266239937139,11266239937678,539
11266240139025,11266240139583,558
11266240341419,11266240341966,547
11266240543913,11266240544463,550
11266240747818,11266240748362,544
11266240949867,11266240950446,579
11266241152055,11266241152595,540
11266241355617,11266241356168,551
11266241558398,11266241558935,537
11266241761836,11266241762421,585
11266241965371,11266241965903,532
11266242168801,11266242169357,556
11266242375229,11266242375754,525
11266242578781,11266242579352,571
11266242781861,11266242782440,579
11266242985640,11266242986199,559
11266243187628,11266243188160,532
11266243391624,11266243392172,548
11266243593360,11266243593862,502
11266243795592,11266243796117,525
11266243998239,11266243998789,550
11266244199780,11266244200279,499
11266244402640,11266244403582,942
11266244605691,11266244606232,541
11266244806582,11266244807142,560
11266245007315,11266245007870,555
11266245209734,11266245210322,588
11266245533923,11266245534621,698
11266245777931,11266245778611,680
11266245988248,11266245988819,571
11266246197165,11266246197757,592
11266246409199,11266246409744,545
11266246616837,11266246617360,523
11266246825737,11266246826291,554
11266247031138,11266247031735,597
11266247237497,11266247238068,571
11266247443385,11266247443945,560
11266247648235,11266247648746,511
11266247853386,11266247853916,530
11266248058576,11266248059139,563
11266248261716,11266248262298,582
11266248468478,11266248469036,558
11266248672732,11266248673314,582
11266248883179,11266248883742,563
11266249089965,11266249090524,559
11266249294448,11266249294991,543
11266249499560,11266249500106,546
11266249706011,11266249706584,573
11266249915303,11266249915863,560
11266250126399,11266250126917,518
11266250335509,11266250336065,556
11266250544426,11266250545287,861
11266250751368,11266250751917,549
11266250958834,11266250959381,547
11266251167272,11266251167815,543
11266251376389,11266251376934,545
11266251587382,11266251587933,551
11266251808610,11266251809181,571
11266252036973,11266252037572,599
11266252275104,11266252275718,614
11266252536363,11266252537008,645
11266252774038,11266252774652,614
11266253000974,11266253001583,609
11266253232336,11266253232964,628
11266253528135,11266253528949,814
11266253799126,11266253799873,747
11266254065380,11266254066089,709
11266254339653,11266254340330,677
11266254575621,11266254576248,627
11266254802045,11266254802633,588
11266255030517,11266255031053,536
11266255273522,11266255274154,632
11266255571791,11266255572729,938
11266255956883,11266255957596,713
11266256283227,11266256284144,917
11266256648878,11266256650068,1190
11266257278663,11266257280208,1545
11266257760341,11266257761459,1118
11266258200316,11266258201836,1520
11266258570375,11266258571335,960
11266258951876,11266258952898,1022
11266259282944,11266259283819,875
11266259554279,11266259554901,622
11266259786573,11266259787159,586
11266260008975,11266260009583,608
11266260225463,11266260226082,619
11266260548669,11266260549595,926
11266260870260,11266260871252,992
11266261147297,11266261147924,627
11266261396832,11266261397423,591
11266261621085,11266261621657,572
11266261840812,11266261841441,629
11266262060781,11266262061397,616
11266262316863,11266262317479,616
11266262540557,11266262541193,636
11266262761678,11266262762292,614
11266262980347,11266262981002,655
11266263199442,11266263200092,650
11266263419250,11266263419866,616
11266263637803,11266263638378,575
11266263857370,11266263858032,662
11266264076849,11266264077477,628
11266264294000,11266264294598,598
11266264511017,11266264511632,615
11266264728615,11266264729258,643
11266264946319,11266264946932,613
11266265163878,11266265164455,577
11266265391771,11266265392398,627
11266265624894,11266265625534,640
11266265849853,11266265850527,674
11266266068878,11266266069521,643
11266266289210,11266266289853,643
11266266541580,11266266542335,755
11266266963512,11266266964795,1283
11266267274707,11266267275299,592
11266267518045,11266267518664,619
11266267737222,11266267737831,609
11266267955630,11266267956248,618
11266268173544,11266268174143,599
11266268399282,11266268399844,562
11266268615835,11266268616423,588
11266268832808,11266268833436,628
11266269062382,11266269062969,587
11266269286282,11266269286805,523
11266269562925,11266269563499,574
11266269782686,11266269783287,601
11266269999318,11266269999880,562
11266270222914,11266270223526,612
11266270440200,11266270440805,605
11266270655663,11266270656285,622
11266270872920,11266270873463,543
11266271089336,11266271089876,540
11266271304969,11266271305575,606
11266271518692,11266271519433,741
11266271733853,11266271734408,555
11266271948895,11266271949476,581
11266272165003,11266272165602,599
11266272419813,11266272420616,803
11266272786251,11266272787188,937
11266273176916,11266273177610,694
11266273507224,11266273507979,755
11266273762009,11266273762676,667
11266274008903,11266274009987,1084
11266274257448,11266274258166,718
11266274519047,11266274519716,669
11266274767540,11266274768196,656
11266275013871,11266275014638,767
11266275259817,11266275260418,601
11266275497203,11266275497856,653
11266275838269,11266275838943,674
11266276081155,11266276081760,605
11266276334387,11266276334976,589
11266276573215,11266276573712,497
11266276796548,11266276797136,588
11266277022010,11266277022661,651
11266277241431,11266277241995,564
11266277463370,11266277464039,669
11266277691930,11266277692535,605
11266277923780,11266277924383,603
11266278158212,11266278158847,635
11266278381289,11266278381880,591
11266278595402,11266278596010,608
11266278804951,11266278805525,574
11266279033199,11266279033823,624
11266279248035,11266279248600,565
11266279456430,11266279457037,607
11266279664584,11266279665180,596
11266279872310,11266279872897,587
11266280080126,11266280080749,623
11266280298151,11266280298732,581
11266280505415,11266280505981,566
11266280713138,11266280713721,583
11266280921100,11266280921672,572
11266281128416,11266281129013,597
11266281336566,11266281337173,607
11266281554205,11266281554856,651
11266281761069,11266281761627,558
11266281979251,11266281979824,573
11266282188834,11266282189412,578
11266282409417,11266282410014,597
11266282620619,11266282621189,570
11266282830371,11266282830962,591
11266283041445,11266283042032,587
11266283247627,11266283248203,576
11266283459609,11266283460219,610
11266283668308,11266283668855,547
11266283875082,11266283875650,568
11266284083109,11266284083686,577
11266284352266,11266284352876,610
11266284724754,11266284725473,719
11266284993023,11266284993698,675
11266285207801,11266285208372,571
11266285421110,11266285421691,581
11266285642187,11266285642786,599
11266285852312,11266285852891,579
11266286060298,11266286060896,598
11266286269453,11266286270077,624
11266286480717,11266286481279,562
11266286690281,11266286690889,608
11266286899959,11266286900564,605
11266287136224,11266287136819,595
11266287342577,11266287343128,551
11266287547053,11266287547599,546
11266287765746,11266287766324,578
11266287974041,11266287974994,953
11266288181562,11266288182149,587
11266288403936,11266288404515,579
11266288613893,11266288614446,553
11266288826190,11266288826765,575
11266289046409,11266289046953,544
11266289255493,11266289256000,507
11266289480248,11266289480799,551
11266289686405,11266289686954,549
11266289894513,11266289895103,590
11266290101251,11266290101806,555
11266290307945,11266290308527,582
11266290513555,11266290514119,564
11266290721161,11266290721732,571
11266290926013,11266290926584,571
11266291130387,11266291130975,588
11266291337312,11266291337883,571
11266291544378,11266291544924,546
11266291752192,11266291752752,560
11266291961763,11266291962301,538
11266292167941,11266292168513,572
11266292447777,11266292448405,628
11266292705547,11266292706169,622
11266292931124,11266292931782,658
11266293149502,11266293150106,604
11266293382340,11266293382940,600
11266293598377,11266293598936,559
11266293891621,11266293892277,656
11266294122467,11266294123114,647
11266294341554,11266294342588,1034
11266294559331,11266294559978,647
11266294777582,11266294778198,616
11266294994056,11266294994667,611
11266295234591,11266295235266,675
11266295454316,11266295455360,1044
11266295681446,11266295682058,612
11266295899085,11266295899715,630
11266296114031,11266296114646,615
11266296328960,11266296329567,607
11266296555356,11266296555981,625
11266296770357,11266296770959,602
11266296985052,11266296985627,575
11266297199090,11266297199715,625
11266297431833,11266297432451,618
11266297645852,11266297646450,598
11266297873867,11266297874447,580
11266298087998,11266298088602,604
11266298302215,11266298302813,598
11266298516483,11266298517078,595
11266298730978,11266298731554,576
11266298956325,11266298956949,624
11266299234597,11266299235352,755
11266299482040,11266299482720,680
11266299709314,11266299709928,614
11266299930535,11266299931177,642
11266300148198,11266300148832,634
11266300367003,11266300367612,609
11266300598636,11266300599231,595
11266300846768,11266300847751,983
11266301100271,11266301100907,636
11266301351337,11266301351997,660
11266301611241,11266301611937,696
11266301838190,11266301838785,595
11266302080674,11266302081711,1037
11266302346992,11266302347642,650
11266302576798,11266302577417,619
11266302805339,11266302806005,666
11266303027447,11266303028043,596
11266303249694,11266303250336,642
11266303483848,11266303484498,650
11266303753781,11266303754575,794
11266304015712,11266304016384,672
11266304285037,11266304285674,637
11266304526067,11266304526674,607
11266304761059,11266304761672,613
11266304982625,11266304983238,613
11266305199920,11266305200528,608
11266305416217,11266305416808,591
11266305641353,11266305641968,615
11266305861195,11266305861834,639
11266306078172,11266306078790,618
11266306295731,11266306296319,588
11266306511708,11266306512312,604
11266306728551,11266306729165,614
11266306945007,11266306945584,577
11266307159710,11266307160240,530
11266307374116,11266307374706,590
11266307586920,11266307587537,617
11266307801206,11266307801779,573
11266308014946,11266308015567,621
11266308228569,11266308229152,583
11266308457868,11266308458434,566
11266308671516,11266308672414,898
11266308900379,11266308900961,582
11266309121535,11266309122122,587
11266309359667,11266309360306,639
11266309576745,11266309577405,660
11266309792636,11266309793255,619
11266310009312,11266310009893,581
11266310224925,11266310225528,603
11266310454272,11266310454888,616
11266310667866,11266310668457,591
11266310883162,11266310883718,556
11266311097054,11266311097646,592
11266311310248,11266311310879,631
11266311537048,11266311537650,602
11266311751264,11266311751868,604
11266311967286,11266311967888,602
11266312181073,11266312181698,625
11266312410872,11266312411496,624
11266312629270,11266312629907,637
11266312846463,11266312847012,549
11266313062049,11266313062688,639
11266313278411,11266313278993,582
11266313493908,11266313494517,609
11266313709873,11266313710463,590
11266313924503,11266313925129,626
11266314140330,11266314140920,590
11266314354065,11266314354646,581
11266314570831,11266314571417,586
11266314785209,11266314785797,588
11266314999825,11266315000441,616
11266315214912,11266315215472,560
11266315452520,11266315453152,632
11266315677589,11266315678210,621
11266315895984,11266315897053,1069
11266316114327,11266316114940,613
11266316346883,11266316347477,594
11266316563541,11266316564172,631
11266316778187,11266316778822,635
11266316994128,11266316994754,626
11266317211593,11266317212200,607
11266317425648,11266317426257,609
11266317640126,11266317640732,606
11266317854951,11266317855550,599
11266318071287,11266318071843,556
11266318285906,11266318286471,565
11266318500507,11266318501184,677
11266318713690,11266318714257,567
11266318936179,11266318936787,608
11266319152734,11266319153379,645
11266319370153,11266319370761,608
11266319587011,11266319587613,602
11266319804236,11266319804835,599
11266320019911,11266320020544,633
11266320235737,11266320236366,629
11266320451200,11266320451825,625
11266320665124,11266320665742,618
11266320880172,11266320880801,629
11266321096285,11266321096893,608
11266321312391,11266321313022,631
11266321528677,11266321529277,600
11266321743330,11266321743897,567
11266321957191,11266321957791,600
11266322171397,11266322172317,920
11266322399237,11266322399845,608
11266322630605,11266322631260,655
11266322847070,11266322847691,621
11266323063191,11266323063827,636
11266323280150,11266323280783,633
11266323497603,11266323498221,618
11266323712377,11266323713004,627
11266323928648,11266323929232,584
11266324143176,11266324143761,585
11266324357729,11266324358295,566
11266324571700,11266324572530,830
11266324787451,11266324788013,562
11266325003157,11266325003744,587
11266325217686,11266325218255,569
11266325449053,11266325449646,593
11266325670948,11266325671595,647
11266325890062,11266325890709,647
11266326107114,11266326107665,551
11266326327078,11266326327677,599
11266326560489,11266326561069,580
11266326776766,11266326777328,562
11266326992882,11266326993501,619
11266327206836,11266327207487,651
11266327437993,11266327438596,603
11266327653334,11266327653945,611
11266327866997,11266327867574,577
11266328081619,11266328082223,604
11266328297529,11266328298137,608
11266328530228,11266328531074,846
11266328747700,11266328748322,622
11266328971930,11266328972561,631
11266329190265,11266329190900,635
11266329406678,11266329407324,646
11266329621689,11266329622323,634
11266329837254,11266329837845,591
11266330054058,11266330054677,619
11266330269858,11266330270464,606
11266330493286,11266330493881,595
11266330707654,11266330708236,582
11266330922887,11266330923425,538
11266331137998,11266331138606,608
11266331360741,11266331361330,589
11266331575043,11266331575635,592
11266331789895,11266331790469,574
11266332003748,11266332004313,565
11266332226106,11266332226722,616
11266332442796,11266332443419,623
11266332658872,11266332659465,593
11266332875833,11266332876460,627
11266333092408,11266333093012,604
11266333307879,11266333308470,591
11266333523042,11266333523639,597
11266333738743,11266333739330,587
11266333955668,11266333956301,633
11266334171758,11266334172301,543
11266334400363,11266334400957,594
11266334615176,11266334615735,559
11266334829233,11266334829847,614
11266335044228,11266335044792,564
11266335258172,11266335258776,604
11266335490053,11266335490623,570
11266335711899,11266335712798,899
11266335930343,11266335930983,640
11266336145859,11266336146501,642
11266336360831,11266336361436,605
11266336575674,11266336576303,629
11266336790194,11266336790751,557
11266337004825,11266337005383,558
11266337223288,11266337223886,598
11266337439464,11266337440056,592
11266337655670,11266337656276,606
11266337871152,11266337871765,613
11266338085975,11266338086584,609
11266338304414,11266338306531,2117
11266338520894,11266338521445,551
11266338736037,11266338736653,616
11266338959129,11266338959762,633
11266339177310,11266339177950,640
11266339394581,11266339399278,4697
11266339613691,11266339614330,639
11266339829829,11266339830482,653
11266340044572,11266340045240,668
11266340259964,11266340260579,615
11266340476400,11266340477057,657
11266340690780,11266340691394,614
11266340904770,11266340905389,619
11266341121245,11266341121872,627
11266341336255,11266341336813,558
11266341550171,11266341551119,948
11266341764917,11266341765560,643
11266341979529,11266341980353,824
11266342195999,11266342196619,620
11266342450360,11266342450983,623
11266342665540,11266342666141,601
11266342881411,11266342882027,616
11266343096618,11266343097251,633
11266343310504,11266343311096,592
11266343524771,11266343525363,592
11266343741648,11266343742282,634
11266343956518,11266343957140,622
11266344172699,11266344173269,570
11266344388444,11266344389074,630
11266344604696,11266344605274,578
11266344820557,11266344821156,599
11266345035943,11266345036523,580
11266345250976,11266345251594,618
11266345466342,11266345466959,617
11266345689358,11266345690031,673
11266345908581,11266345909245,664
11266346126345,11266346126963,618
11266346359180,11266346359825,645
11266346576828,11266346577452,624
11266346801652,11266346802287,635
11266347019475,11266347020082,607
11266347235787,11266347236420,633
11266347466875,11266347467465,590
11266347682385,11266347683001,616
11266347896324,11266347896917,593
11266348114344,11266348114956,612
11266348328898,11266348329726,828
11266348557311,11266348557915,604
11266348771495,11266348772088,593
11266348994435,11266348995055,620
11266349222409,11266349223062,653
11266349438169,11266349438789,620
11266349654272,11266349654887,615
11266349869346,11266349869927,581
11266350084132,11266350084768,636
11266350298537,11266350299149,612
11266350513645,11266350514255,610
11266350728416,11266350729009,593
11266350943765,11266350944387,622
11266351160183,11266351160777,594
11266351380741,11266351381348,607
11266351595787,11266351596383,596
11266351812073,11266351812686,613
11266352027112,11266352027700,588
11266352251601,11266352252239,638
11266352485017,11266352485650,633
11266352701048,11266352701673,625
11266352917044,11266352917701,657
11266353131066,11266353131694,628
11266353345822,11266353346428,606
11266353560364,11266353560971,607
11266353775495,11266353776154,659
11266353990598,11266353991180,582
11266354205319,11266354205928,609
11266354420081,11266354420736,655
11266354635131,11266354635695,564
11266354850035,11266354850626,591
11266355065426,11266355066061,635
11266355281026,11266355281633,607
11266355495785,11266355496627,842
11266355719377,11266355719997,620
11266355949850,11266355950472,622
11266356169186,11266356169798,612
11266356386599,11266356387228,629
11266356604251,11266356604886,635
11266356820257,11266356820876,619
11266357034536,11266357035117,581
11266357250352,11266357250957,605
11266357481586,11266357482175,589
11266357696082,11266357696678,596
11266357911052,11266357911651,599
11266358125766,11266358126365,599
11266358340331,11266358340934,603
11266358570770,11266358571383,613
11266358786880,11266358787489,609
11266359014155,11266359014820,665
11266359233241,11266359233874,633
11266359448018,11266359448587,569
11266359662844,11266359663453,609
11266359877812,11266359878429,617
11266360092515,11266360093160,645
11266360322861,11266360323492,631
11266360537647,11266360538268,621
11266360753180,11266360753823,643
11266360969841,11266360970456,615
11266361186062,11266361186713,651
11266361403669,11266361404322,653
11266361618471,11266361619077,606
11266361834130,11266361835042,912
11266362050620,11266362051177,557
11266362274270,11266362274901,631
11266362493196,11266362493847,651
11266362707809,11266362708530,721
11266362923700,11266362924311,611
11266363138658,11266363139261,603
11266363367990,11266363368602,612
11266363583651,11266363584212,561
11266363801640,11266363802218,578
11266364015844,11266364016391,547
11266364230331,11266364230917,586
11266364481307,11266364481876,569
11266364695619,11266364696246,627
11266364909576,11266364910205,629
11266365123199,11266365123785,586
11266365336499,11266365337096,597
11266365562043,11266365562662,619
11266365787499,11266365788138,639
11266366004253,11266366004907,654
11266366220921,11266366221529,608
11266366448168,11266366448771,603
11266366662795,11266366663412,617
11266366877290,11266366877911,621
11266367092796,11266367093409,613
11266367307797,11266367308448,651
11266367540872,11266367541469,597
11266367755978,11266367756527,549
11266367969500,11266367970062,562
11266368183171,11266368183753,582
11266368395780,11266368396374,594
11266368608854,11266368609419,565
11266368820252,11266368820816,564
11266369038879,11266369039460,581
11266369256041,11266369257019,978
11266369481260,11266369481838,578
11266369695118,11266369695688,570
11266369913210,11266369913818,608
11266370138047,11266370138808,761
11266370395641,11266370396294,653
11266370716645,11266370717470,825
11266371005401,11266371006129,728
11266371229559,11266371230225,666
11266371457928,11266371458565,637
11266371668074,11266371668646,572
11266371878331,11266371878927,596
11266372087607,11266372088252,645
11266372309008,11266372309614,606
11266372521078,11266372521632,554
11266372729909,11266372730394,485
11266372940124,11266372940721,597
11266373149386,11266373149962,576
11266373357041,11266373357622,581
11266373566625,11266373567151,526
11266373772616,11266373773202,586
11266373978629,11266373979176,547
11266374185031,11266374185614,583
11266374395338,11266374395882,544
11266374603086,11266374603642,556
11266374813921,11266374814436,515
11266375020973,11266375021564,591
11266375226668,11266375227247,579
11266375435913,11266375436452,539
11266375651542,11266375652560,1018
11266375859957,11266375860552,595
11266376066284,11266376066859,575
11266376285480,11266376286035,555
11266376489553,11266376490152,599
11266376695113,11266376695685,572
11266376899349,11266376899914,565
11266377103083,11266377103591,508
11266377325313,11266377325899,586
11266377529947,11266377530558,611
11266377734631,11266377735176,545
11266377937263,11266377937832,569
11266378141374,11266378141973,599
11266378346449,11266378346993,544
11266378550549,11266378551054,505
11266378754294,11266378754837,543
11266378969283,11266378969863,580
11266379181078,11266379181669,591
11266379388868,11266379389442,574
11266379598226,11266379598799,573
11266379807450,11266379808054,604
11266380015680,11266380016280,600
11266380224981,11266380225545,564
11266380436509,11266380437067,558
11266380650671,11266380651269,598
11266380862446,11266380863035,589
11266381074654,11266381075251,597
11266381285307,11266381285867,560
11266381496593,11266381497152,559
11266381707146,11266381707674,528
11266381915151,11266381915722,571
11266382121747,11266382122320,573
11266382350507,11266382351054,547
11266382557317,11266382557954,637
11266382763094,11266382763655,561
11266382968099,11266382968620,521
11266383172238,11266383172796,558
11266383386983,11266383387556,573
11266383592597,11266383593137,540
11266383796306,11266383796832,526
11266384001200,11266384001719,519
11266384204867,11266384205407,540
11266384409667,11266384410166,499
11266384613531,11266384614107,576
11266384816826,11266384817430,604
11266385020703,11266385021331,628
11266385226572,11266385227201,629
11266385440235,11266385440764,529
11266385653904,11266385654467,563
11266385862673,11266385863281,608
11266386068005,11266386068629,624
11266386289063,11266386289670,607
11266386493273,11266386493828,555
11266386698360,11266386698921,561
11266386903071,11266386903653,582
11266387106995,11266387107560,565
11266387309599,11266387310176,577
11266387514474,11266387515071,597
11266387718432,11266387719079,647
11266387924332,11266387924901,569
11266388127579,11266388128163,584
11266388331027,11266388331599,572
11266388534033,11266388534997,964
11266388738830,11266388739348,518
11266388951736,11266388952325,589
11266389160847,11266389161376,529
11266389364942,11266389365489,547
11266389568906,11266389569436,530
11266389773175,11266389773684,509
11266389977840,11266389978374,534
11266390182999,11266390183567,568
11266390389065,11266390389586,521
11266390592828,11266390593367,539
11266390796091,11266390796665,574
11266391004461,11266391005012,551
11266391209623,11266391210154,531
11266391415782,11266391416312,530
11266391619403,11266391619947,544
11266391823872,11266391824392,520
11266392029655,11266392030207,552
11266392242663,11266392243224,561
11266392451442,11266392452012,570
11266392657461,11266392658027,566
11266392862160,11266392862708,548
11266393065672,11266393066177,505
11266393270373,11266393270930,557
11266393486612,11266393487144,532
11266393690055,11266393690594,539
11266393892967,11266393893509,542
11266394108674,11266394109273,599
11266394313841,11266394314331,490
11266394535693,11266394536571,878
11266394739899,11266394740435,536
11266394943817,11266394944326,509
11266395147884,11266395148374,490
11266395353270,11266395353827,557
11266395569186,11266395569693,507
11266395780405,11266395780952,547
11266395986088,11266395986641,553
11266396192252,11266396192857,605
11266396398516,11266396399081,565
11266396605765,11266396606301,536
11266396811709,11266396812256,547
11266397016495,11266397017102,607
11266397222205,11266397222749,544
11266397427912,11266397428500,588
11266397632755,11266397633346,591
11266397837665,11266397838223,558
11266398042926,11266398043469,543
11266398247223,11266398247767,544
11266398450714,11266398451219,505
11266398655789,11266398656324,535
11266398861122,11266398861648,526
11266399078315,11266399078889,574
11266399284803,11266399285335,532
11266399489603,11266399490144,541
11266399694612,11266399695134,522
11266399901172,11266399901749,577
11266400106683,11266400107256,573
11266400311231,11266400311799,568
11266400517551,11266400518112,561
11266400722936,11266400723509,573
11266400927898,11266400928454,556
11266401134317,11266401134842,525
11266401342054,11266401342689,635
11266401547498,11266401548060,562
11266401754129,11266401754693,564
11266401960182,11266401960748,566
11266402165462,11266402166039,577
11266402377798,11266402378381,583
11266402585898,11266402586493,595
11266402790508,11266402791079,571
11266402995233,11266402995810,577
11266403202422,11266403202978,556
11266403407097,11266403407636,539
11266403611890,11266403612428,538
11266403817051,11266403817583,532
11266404022978,11266404023517,539
11266404228327,11266404228918,591
11266404433560,11266404434090,530
11266404638897,11266404639467,570
11266404843655,11266404844224,569
11266405048321,11266405048855,534
11266405252612,11266405253165,553
11266405456841,11266405457363,522
11266405671493,11266405672058,565
11266405881412,11266405881974,562
11266406086930,11266406087518,588
11266406293496,11266406294066,570
11266406499621,11266406500235,614
11266406704503,11266406705068,565
11266406909400,11266406909966,566
11266407114791,11266407115310,519
11266407319582,11266407320677,1095
11266407525569,11266407526098,529
11266407731194,11266407731735,541
11266407936960,11266407937487,527
11266408141766,11266408142358,592
11266408348164,11266408348738,574
11266408553472,11266408554019,547
11266408757799,11266408758353,554
11266408969984,11266408970580,596
11266409179180,11266409179736,556
11266409384083,11266409384643,560
11266409589825,11266409590397,572
11266409794847,11266409795398,551
11266410000437,11266410000981,544
11266410204132,11266410204672,540
11266410409407,11266410409975,568
11266410614814,11266410615366,552
11266410820707,11266410821312,605
11266411025304,11266411025858,554
11266411230257,11266411230815,558
11266411434195,11266411434806,611
11266411642147,11266411642707,560
11266411850277,11266411850834,557
11266412062063,11266412062589,526
11266412278986,11266412279565,579
11266412487904,11266412488462,558
11266412693017,11266412693585,568
11266412899029,11266412899565,536
11266413104364,11266413104910,546
11266413315271,11266413316238,967
11266413520321,11266413520886,565
11266413725045,11266413725618,573
11266413930298,11266413930862,564
11266414135518,11266414136127,609
11266414354461,11266414355006,545
11266414558701,11266414559245,544
11266414763857,11266414764384,527
11266414967085,11266414967668,583
11266415172419,11266415172949,530
11266415376346,11266415376881,535
11266415587250,11266415587814,564
11266415794020,11266415794588,568
11266416004176,11266416004757,581
11266416213898,11266416214455,557
11266416424309,11266416424864,555
11266416634297,11266416634881,584
11266416846114,11266416846659,545
11266417063567,11266417064162,595
11266417273127,11266417273648,521
11266417483378,11266417483943,565
11266417694765,11266417695343,578
11266417901694,11266417902203,509
11266418112445,11266418112981,536
11266418323447,11266418324001,554
11266418531853,11266418532390,537
11266418740342,11266418740868,526
11266418957443,11266418957986,543
11266419166291,11266419166819,528
11266419376016,11266419376611,595
11266419581868,11266419582449,581
11266419787947,11266419788510,563
11266419993643,11266419994236,593
11266420198779,11266420199346,567
11266420404329,11266420404903,574
11266420609280,11266420609869,589
11266420815452,11266420816032,580
11266421019665,11266421020398,733
11266421223307,11266421223865,558
11266421428213,11266421428747,534
11266421632874,11266421633448,574
11266421836083,11266421836615,532
11266422044014,11266422044582,568
11266422257211,11266422257796,585
11266422464742,11266422465314,572
11266422669390,11266422669941,551
11266422874750,11266422875332,582
11266423080480,11266423081060,580
11266423288015,11266423288600,585
11266423493663,11266423494193,530
11266423698224,11266423699150,926
11266423903114,11266423903679,565
11266424108258,11266424108790,532
11266424313166,11266424313692,526
11266424517751,11266424518307,556
11266424722749,11266424723331,582
11266424927420,11266424927969,549
11266425132506,11266425133089,583
11266425337340,11266425337897,557
11266425547145,11266425547723,578
11266425755200,11266425755751,551
11266425962340,11266425962903,563
11266426169110,11266426169701,591
11266426373688,11266426374244,556
11266426596313,11266426596876,563
11266426819847,11266426820454,607
11266427023586,11266427024177,591
11266427245260,11266427245829,569
11266427449269,11266427449823,554
11266427652890,11266427653400,510
11266427856341,11266427856851,510
11266428058859,11266428059431,572
11266428262773,11266428263305,532
11266428466931,11266428467478,547
11266428670113,11266428670670,557
11266428879589,11266428880149,560
11266429086689,11266429087231,542
11266429289898,11266429290458,560
11266429492240,11266429492777,537
11266429693696,11266429694239,543
11266429897055,11266429897621,566
11266430100910,11266430101438,528
11266430304037,11266430304589,552
11266430507834,11266430508357,523
11266430710547,11266430711078,531
11266430915942,11266430916496,554
11266431119826,11266431120687,861
11266431324340,11266431324934,594
11266431528202,11266431528798,596
11266431732151,11266431732702,551
11266431936590,11266431937205,615
11266432140827,11266432141396,569
11266432354707,11266432355297,590
11266432561847,11266432562361,514
11266432766070,11266432766630,560
11266432970152,11266432970734,582
11266433172335,11266433172900,565
11266433391110,11266433392033,923
11266433596220,11266433596753,533
11266433800432,11266433800957,525
11266434004543,11266434005060,517
11266434208433,11266434209010,577
11266434426956,11266434427520,564
11266434631342,11266434631893,551
11266434834991,11266434835552,561
11266435039673,11266435040253,580
11266435259955,11266435260548,593
11266435463965,11266435464521,556
11266435673378,11266435673933,555
11266435879384,11266435879944,560
11266436085109,11266436085654,545
11266436289522,11266436290064,542
11266436524087,11266436524707,620
11266436747246,11266436747904,658
11266436964795,11266436965405,610
11266437182511,11266437183135,624
11266437418495,11266437419161,666
11266437633840,11266437634497,657
11266437848807,11266437849525,718
11266438065085,11266438065732,647
11266438296763,11266438297432,669
11266438511001,11266438511673,672
11266438726934,11266438727631,697
11266438951435,11266438952098,663
11266439169859,11266439170514,655
11266439385955,11266439386532,577
11266439600936,11266439601531,595
11266439817054,11266439817653,599
11266440038382,11266440038969,587
11266440253092,11266440253680,588
11266440467921,11266440468521,600
11266440685038,11266440685625,587
11266440897695,11266440898293,598
11266441113636,11266441114270,634
11266441329754,11266441330412,658
11266441544987,11266441545561,574
11266441758765,11266441759372,607
11266441973426,11266441974017,591
11266442187068,11266442187676,608
11266442413991,11266442414596,605
11266442633383,11266442634028,645
11266442850011,11266442850674,663
11266443068490,11266443069128,638
11266443284259,11266443285249,990
11266443499766,11266443500423,657
11266443714524,11266443715131,607
11266443928265,11266443928832,567
11266444141174,11266444141784,610
11266444355648,11266444356278,630
11266444569839,11266444570463,624
11266444784725,11266444785332,607
11266444998762,11266444999392,630
11266445213703,11266445214340,637
11266445427315,11266445427919,604
11266445649976,11266445650590,614
11266445868638,11266445869233,595
11266446086224,11266446086806,582
11266446302445,11266446303063,618
11266446518021,11266446518640,619
11266446733632,11266446734275,643
11266446949638,11266446950245,607
11266447164108,11266447164699,591
11266447378429,11266447379062,633
11266447594212,11266447594844,632
11266447811341,11266447811942,601
11266448026984,11266448027561,577
11266448242983,11266448243610,627
11266448458886,11266448459474,588
11266448673635,11266448674268,633
11266448897550,11266448898188,638
11266449114047,11266449114681,634
11266449330272,11266449330909,637
11266449546841,11266449547484,643
11266449763399,11266449764060,661
11266449979103,11266449979736,633
11266450195465,11266450196110,645
11266450410720,11266450411329,609
11266450627735,11266450628355,620
11266450841935,11266450842525,590
11266451057419,11266451058030,611
11266451273711,11266451274345,634
11266451496122,11266451496770,648
11266451711811,11266451712430,619
11266451927893,11266451928504,611
11266452142523,11266452143148,625
11266452371836,11266452372459,623
11266452589925,11266452590583,658
11266452805648,11266452806260,612
11266453021429,11266453022049,620
11266453236413,11266453237291,878
11266453453991,11266453454612,621
11266453671835,11266453672427,592
11266453889363,11266453889957,594
11266454104752,11266454105360,608
11266454321681,11266454322418,737
11266454537428,11266454538022,594
11266454753317,11266454753920,603
11266454994952,11266454995641,689
11266455246266,11266455246904,638
11266455487072,11266455487730,658
11266455732146,11266455732805,659
11266455972216,11266455972859,643
11266456208917,11266456209543,626
11266456476080,11266456476745,665
11266456723365,11266456724002,637
11266456963171,11266456963875,704
11266457200274,11266457200957,683
11266457435807,11266457436478,671
11266457675002,11266457675681,679
11266457914115,11266457914751,636
11266458154519,11266458155189,670
11266458392816,11266458393507,691
11266458636214,11266458636891,677
11266458889633,11266458890278,645
11266459132976,11266459133594,618
11266459375492,11266459376099,607
11266459623222,11266459623858,636
11266459893268,11266459893953,685
11266460246272,11266460247419,1147
11266460580175,11266460581246,1071
11266460971504,11266460972586,1082
11266461350185,11266461350908,723
11266461723779,11266461724622,843
11266462069321,11266462070390,1069
11266462423659,11266462424755,1096
11266462745374,11266462746149,775
11266463038938,11266463039862,924
11266463316387,11266463317021,634
11266463589663,11266463590297,634
11266463835677,11266463836319,642
11266464085198,11266464085834,636
11266464341205,11266464341916,711
11266464594802,11266464595427,625
11266464843603,11266464844230,627
11266465087328,11266465088018,690
11266465330686,11266465331389,703
11266465585008,11266465585636,628
11266465831690,11266465832346,656
11266466076741,11266466077406,665
11266466348893,11266466349622,729
11266466586982,11266466587642,660
11266466823660,11266466824336,676
11266467066697,11266467067352,655
11266467306725,11266467307402,677
11266467544605,11266467545247,642
11266467783159,11266467783798,639
11266468019750,11266468020378,628
11266468256740,11266468257403,663
11266468494409,11266468495623,1214
11266468761226,11266468761875,649
11266469058594,11266469059234,640
11266469288658,11266469289268,610
11266469517403,11266469517999,596
11266469736555,11266469737081,526
11266469951522,11266469952087,565
11266470256234,11266470257029,795
11266470564015,11266470564744,729
11266470830414,11266470831293,879
11266471193136,11266471194066,930
11266471583558,11266471584471,913
11266471961763,11266471962696,933
11266472240056,11266472240713,657
11266472464265,11266472464900,635
11266472736294,11266472737303,1009
11266473018242,11266473018945,703
11266473241237,11266473241837,600
11266473454940,11266473455555,615
11266473668811,11266473669417,606
11266473882246,11266473882832,586
11266474094034,11266474094665,631
11266474309502,11266474310088,586
11266474524831,11266474525426,595
11266474739542,11266474740154,612
11266474951172,11266474951795,623
11266475166177,11266475166764,587
11266475408798,11266475409341,543
11266475704429,11266475705243,814
11266475975056,11266475975654,598
11266476231148,11266476231814,666
11266476488984,11266476489664,680
11266476742644,11266476743240,596
11266476996359,11266476996956,597
11266477222917,11266477223484,567
11266477461137,11266477461768,631
11266477707896,11266477708526,630
11266477951036,11266477951549,513
11266478180175,11266478181412,1237
11266478403211,11266478403809,598
11266478618719,11266478619326,607
11266478839986,11266478840595,609
11266479085918,11266479086611,693
11266479320120,11266479320745,625
11266479546570,11266479547171,601
11266479763261,11266479763888,627
11266479977082,11266479977677,595
11266480190402,11266480190951,549
11266480402443,11266480403064,621
11266480615623,11266480616226,603
11266480827821,11266480828453,632
11266481044205,11266481044892,687
11266481255310,11266481255916,606
11266481465164,11266481465831,667
11266481771268,11266481771929,661
11266482003699,11266482004374,675
11266482239117,11266482239729,612
11266482458925,11266482459549,624
11266482671013,11266482671652,639
11266482880160,11266482880838,678
11266483090047,11266483090651,604
11266483302976,11266483303545,569
11266483511701,11266483512310,609
11266483720723,11266483721327,604
11266483930003,11266483930599,596
11266484137918,11266484138531,613
11266484346724,11266484347351,627
11266484617699,11266484618305,606
11266484891746,11266484892321,575
11266485189056,11266485189647,591
11266485434106,11266485434792,686
11266485669431,11266485670074,643
11266485887209,11266485887842,633
11266486123559,11266486124542,983
11266486407098,11266486407786,688
11266486639237,11266486639814,577
11266486852158,11266486852789,631
11266487097114,11266487097717,603
11266487307697,11266487308291,594
11266487519032,11266487519573,541
11266487741360,11266487742007,647
11266487953088,11266487953650,562
11266488162528,11266488163066,538
11266488386774,11266488387350,576
11266488602894,11266488603487,593
11266488815907,11266488816472,565
11266489101830,11266489102388,558
11266489315951,11266489316523,572
11266489523050,11266489523643,593
11266489751785,11266489752288,503
11266489957460,11266489958039,579
11266490162407,11266490162961,554
11266490366472,11266490367024,552
11266490571698,11266490572605,907
11266490785098,11266490785707,609
11266490990955,11266490991504,549
11266491196815,11266491197402,587
11266491403250,11266491403875,625
11266491609567,11266491610136,569
11266491816564,11266491817176,612
11266492025019,11266492025566,547
11266492240281,11266492240895,614
11266492510945,11266492511564,619
11266492744103,11266492744679,576
11266492950848,11266492951391,543
11266493156447,11266493157035,588
11266493401708,11266493402317,609
11266493609353,11266493609904,551
11266493879191,11266493879817,626
11266494099749,11266494100320,571
11266494308608,11266494309192,584
11266494533162,11266494533728,566
11266494742071,11266494742646,575
11266494947633,11266494948269,636
11266495154235,11266495154801,566
11266495378858,11266495379466,608
11266495592476,11266495593059,583
11266495800632,11266495801189,557
11266496007020,11266496007615,595
11266496212293,11266496212876,583
11266496431569,11266496432120,551
11266496636478,11266496637039,561
11266496845963,11266496846516,553
11266497053554,11266497054127,573
11266497260377,11266497260920,543
11266497469140,11266497469682,542
11266497678920,11266497679502,582
11266497892199,11266497892774,575
11266498098159,11266498098696,537
11266498305802,11266498306360,558
11266498531556,11266498532084,528
11266498735506,11266498736042,536
11266498946060,11266498946582,522
11266499154516,11266499155073,557
11266499359672,11266499360234,562
11266499567479,11266499567991,512
11266499772858,11266499773398,540
11266499982070,11266499982592,522
11266500188022,11266500188535,513
11266500414122,11266500414661,539
11266500624490,11266500625051,561
11266500831160,11266500831723,563
11266501037550,11266501038127,577
11266501272037,11266501272685,648
11266501521271,11266501521909,638
11266501728581,11266501729681,1100
11266501934906,11266501935482,576
11266502139887,11266502140445,558
11266502373690,11266502374305,615
11266502588884,11266502589491,607
11266502795415,11266502795971,556
11266503000771,11266503001376,605
11266503204995,11266503205579,584
11266503432857,11266503433478,621
11266503659581,11266503660234,653
11266503880448,11266503881080,632
11266504097161,11266504097784,623
11266504316345,11266504316956,611
11266504534014,11266504534625,611
11266504751429,11266504752038,609
11266504967183,11266504967818,635
11266505183016,11266505183631,615
11266505399928,11266505400544,616
11266505631875,11266505632551,676
11266505852463,11266505853147,684
11266506069568,11266506070235,667
11266506286126,11266506286785,659
11266506504801,11266506505476,675
11266506722149,11266506722800,651
11266506938220,11266506938894,674
11266507152527,11266507153169,642
11266507387872,11266507388542,670
11266507605397,11266507606017,620
11266507820526,11266507821140,614
11266508038545,11266508039164,619
11266508255520,11266508256106,586
11266508475634,11266508476255,621
11266508692214,11266508692847,633
11266508917687,11266508918262,575
11266509136270,11266509136853,583
11266509352805,11266509353378,573
11266509568830,11266509569450,620
11266509783491,11266509784098,607
11266509997781,11266509998418,637
11266510213340,11266510213953,613
11266510439256,11266510439869,613
11266510653886,11266510654478,592
11266510869082,11266510869729,647
11266511085041,11266511085666,625
11266511299771,11266511300352,581
11266511514812,11266511515397,585
11266511728733,11266511729344,611
11266511942980,11266511943889,909
11266512158844,11266512159448,604
11266512410163,11266512410783,620
11266512627723,11266512628374,651
11266512844543,11266512845106,563
11266513059679,11266513060273,594
11266513288914,11266513289504,590
11266513503083,11266513503639,556
11266513718407,11266513719036,629
11266513934447,11266513935080,633
11266514149043,11266514149662,619
11266514363345,11266514363948,603
11266514578085,11266514578696,611
11266514793441,11266514794067,626
11266515009229,11266515009835,606
11266515221595,11266515222198,603
11266515435799,11266515436402,603
11266515660022,11266515660659,637
11266515879774,11266515880400,626
11266516095901,11266516096513,612
11266516312303,11266516312923,620
11266516544801,11266516545434,633
11266516763238,11266516763863,625
11266516978848,11266516979431,583
11266517194758,11266517195315,557
11266517409048,11266517409669,621
11266517624865,11266517625425,560
11266517841876,11266517842488,612
11266518058610,11266518059170,560
11266518272682,11266518273197,515
11266518489414,11266518489999,585
11266518706182,11266518706768,586
11266518930442,11266518931043,601
11266519150757,11266519151613,856
11266519369199,11266519369845,646
11266519586623,11266519587256,633
11266519804131,11266519804726,595
11266520020447,11266520021094,647
11266520236506,11266520237150,644
11266520452522,11266520453164,642
11266520668080,11266520668718,638
11266520885083,11266520885693,610
11266521102061,11266521102728,667
11266521318998,11266521319617,619
11266521535872,11266521536505,633
11266521751129,11266521751710,581
11266521967875,11266521968475,600
11266522184168,11266522185165,997
11266522413062,11266522413717,655
11266522632158,11266522632820,662
11266522849702,11266522850291,589
11266523065146,11266523065776,630
11266523284423,11266523285076,653
11266523501324,11266523501955,631
11266523717736,11266523718375,639
11266523934077,11266523934736,659
11266524149412,11266524150051,639
11266524363376,11266524364011,635
11266524577338,11266524577954,616
11266524792287,11266524792880,593
11266525007542,11266525008152,610
11266525222770,11266525223352,582
11266525438507,11266525439141,634
11266525659719,11266525660306,587
11266525878278,11266525878958,680
11266526096133,11266526096763,630
11266526313677,11266526314297,620
11266526530893,11266526531493,600
11266526747706,11266526748373,667
11266526964050,11266526964656,606
11266527179653,11266527180259,606
11266527394744,11266527395385,641
11266527608464,11266527609071,607
11266527823051,11266527823665,614
11266528039648,11266528040255,607
11266528255305,11266528255955,650
11266528469298,11266528469931,633
11266528684636,11266528685255,619
11266528910122,11266528910758,636
11266529128909,11266529129570,661
11266529345859,11266529346508,649
11266529562711,11266529563370,659
11266529779251,11266529779877,626
11266529994440,11266529995047,607
11266530210247,11266530210884,637
11266530426591,11266530427202,611
11266530643385,11266530644011,626
11266530859074,11266530859709,635
11266531074278,11266531074907,629
11266531288724,11266531289342,618
11266531504488,11266531505121,633
11266531719157,11266531719882,725
11266531934195,11266531934795,600
11266532149604,11266532150221,617
11266532419402,11266532420428,1026
11266532637877,11266532638530,653
11266532854244,11266532854892,648
11266533070586,11266533071194,608
11266533288920,11266533289599,679
11266533505643,11266533506274,631
11266533722515,11266533723085,570
11266533936887,11266533937491,604
11266534155942,11266534156550,608
11266534371821,11266534372422,601
11266534586790,11266534587382,592
11266534801345,11266534801900,555
11266535016632,11266535017178,546
11266535231118,11266535231709,591
11266535444865,11266535445500,635
11266535669191,11266535669844,653
11266535887810,11266535888411,601
11266536103333,11266536103944,611
11266536318101,11266536318722,621
11266536533299,11266536533916,617
11266536749092,11266536749717,625
11266536964443,11266536965046,603
11266537181194,11266537181802,608
11266537413105,11266537413691,586
11266537628502,11266537629118,616
11266537843058,11266537843702,644
11266538057873,11266538058461,588
11266538272904,11266538273507,603
11266538503963,11266538504558,595
11266538718511,11266538719107,596
11266538942277,11266538943104,827
11266539160511,11266539161161,650
11266539376669,11266539377278,609
11266539592168,11266539592750,582
11266539806755,11266539807369,614
11266540021813,11266540022455,642
11266540236696,11266540237303,607
11266540461332,11266540461932,600
11266540676074,11266540676684,610
11266540891824,11266540892417,593
11266541106942,11266541107538,596
11266541321338,11266541321963,625
11266541534817,11266541535410,593
11266541749963,11266541750889,926
11266541964955,11266541965554,599
11266542178679,11266542179278,599
11266542400832,11266542401446,614
11266542618800,11266542619413,613
11266542836364,11266542836969,605
11266543052235,11266543052858,623
11266543266653,11266543267250,597
11266543480784,11266543481391,607
11266543699038,11266543699636,598
11266543914653,11266543915285,632
11266544130044,11266544130693,649
11266544344374,11266544344965,591
11266544559908,11266544560487,579
11266544775311,11266544775924,613
11266544995927,11266544996534,607
11266545213285,11266545213843,558
11266545428360,11266545428956,596
11266545650901,11266545651512,611
11266545869014,11266545869633,619
11266546084733,11266546085338,605
11266546301398,11266546302012,614
11266546516667,11266546517262,595
11266546730976,11266546731557,581
11266546945416,11266546945998,582
11266547160211,11266547160834,623
11266547376428,11266547376969,541
11266547591888,11266547592512,624
11266547806631,11266547807197,566
11266548021977,11266548022528,551
11266548236860,11266548237421,561
11266548451290,11266548451824,534
11266548665888,11266548666486,598
11266548886891,11266548887517,626
11266549104865,11266549105491,626
11266549321047,11266549321646,599
11266549535575,11266549536153,578
11266549749663,11266549750224,561
11266549965048,11266549965647,599
11266550181475,11266550182059,584
11266550396697,11266550397278,581
11266550611893,11266550612497,604
11266550828463,11266550829064,601
11266551042853,11266551043482,629
11266551257171,11266551257705,534
11266551473531,11266551474130,599
11266551689383,11266551689953,570
11266551906080,11266551906731,651
11266552123325,11266552123912,587
11266552345472,11266552346072,600
11266552562125,11266552562746,621
11266552776383,11266552777044,661
11266552991831,11266552992456,625
11266553209528,11266553210144,616
11266553425083,11266553425711,628
11266553639724,11266553640341,617
11266553855003,11266553855648,645
11266554070890,11266554071511,621
11266554286039,11266554286684,645
11266554501277,11266554501902,625
11266554715942,11266554716573,631
11266554930325,11266554930943,618
11266555146107,11266555146734,627
11266555359867,11266555360485,618
11266555586521,11266555587150,629
11266555808637,11266555809261,624
11266556024932,11266556025532,600
11266556241082,11266556241701,619
11266556455915,11266556456514,599
11266556671780,11266556672395,615
11266556888029,11266556888645,616
11266557103298,11266557103900,602
11266557317876,11266557318450,574
11266557532839,11266557533482,643
11266557772624,11266557773264,640
11266557991378,11266557992009,631
11266558206235,11266558206867,632
11266558420299,11266558420913,614
11266558633827,11266558634440,613
11266558846115,11266558846770,655
11266559067886,11266559068515,629
11266559307711,11266559308287,576
11266559551541,11266559552451,910
11266559794591,11266559795261,670
11266560030579,11266560031256,677
11266560263499,11266560264150,651
11266560497794,11266560498449,655
11266560734792,11266560735414,622
11266560968774,11266560969348,574
11266561252936,11266561253653,717
11266561506326,11266561506990,664
11266561746758,11266561747402,644
11266561981881,11266561982783,902
11266562228994,11266562229612,618
11266562463695,11266562464321,626
11266562695853,11266562696493,640
11266562931511,11266562932168,657
11266563166727,11266563167299,572
11266563402357,11266563402971,614
11266563637629,11266563638225,596
11266563870746,11266563871380,634
11266564104766,11266564105397,631
11266564337763,11266564338410,647
11266564570284,11266564571027,743
11266564802045,11266564802681,636
11266565047016,11266565047656,640
11266565280956,11266565281578,622
11266565514649,11266565515258,609
11266565772458,11266565773079,621
11266566007907,11266566008567,660
11266566244025,11266566244678,653
11266566478613,11266566479244,631
11266566712006,11266566712609,603
11266566944436,11266566945035,599
11266567177438,11266567178561,1123
11266567416974,11266567417568,594
11266567649658,11266567650280,622
11266567884138,11266567884817,679
11266568119557,11266568120193,636
11266568371034,11266568371633,599
11266568603227,11266568603874,647
11266568836615,11266568837253,638
11266569078434,11266569079036,602
11266569330513,11266569331131,618
11266569565330,11266569565989,659
11266569802467,11266569803131,664
11266570034943,11266570035576,633
11266570265915,11266570266580,665
11266570515223,11266570515879,656
11266570752702,11266570753379,677
11266570986217,11266570986867,650
11266571218162,11266571218795,633
11266571471945,11266571472573,628
11266571703579,11266571704188,609
11266571936137,11266571936733,596
11266572169221,11266572169826,605
11266572411539,11266572412506,967
11266572649306,11266572650012,706
11266572883952,11266572884583,631
11266573116984,11266573117620,636
11266573350143,11266573350758,615
11266573584744,11266573585395,651
11266573820657,11266573821341,684
11266574054171,11266574054808,637
11266574290874,11266574291528,654
11266574525310,11266574525935,625
11266574759160,11266574759758,598
11266574992741,11266574993372,631
11266575226005,11266575226618,613
11266575463494,11266575464129,635
11266575707651,11266575708251,600
11266575941169,11266575941786,617
11266576176072,11266576176699,627
11266576410443,11266576411068,625
11266576658771,11266576659380,609
11266576894436,11266576895092,656
11266577128101,11266577128708,607
11266577360202,11266577360842,640
11266577592941,11266577593679,738
11266577826425,11266577827072,647
11266578063446,11266578064096,650
11266578295834,11266578296480,646
11266578527676,11266578528334,658
11266578761200,11266578761804,604
11266579046927,11266579047552,625
11266579329016,11266579329661,645
11266579606875,11266579607530,655
11266579869855,11266579870482,627
11266580135740,11266580136501,761
11266580397896,11266580398481,585
11266580706857,11266580707503,646
11266580975595,11266580976221,626
11266581241544,11266581242176,632
11266581498490,11266581499117,627
11266581755725,11266581756379,654
11266582017674,11266582018294,620
11266582305460,11266582306122,662
11266582561480,11266582562077,597
11266582846576,11266582847247,671
11266583132002,11266583132828,826
11266583408521,11266583409176,655
11266583674911,11266583675787,876
11266583935580,11266583936213,633
11266584193176,11266584193804,628
11266584450250,11266584450897,647
11266584709779,11266584710434,655
11266584970579,11266584971215,636
11266585231866,11266585232541,675
11266585496988,11266585497780,792
11266585768333,11266585768988,655
11266586007278,11266586007948,670
11266586238688,11266586239289,601
11266586563080,11266586563685,605
11266586798780,11266586799370,590
11266587027767,11266587028387,620
11266587251976,11266587252592,616
11266587481666,11266587482231,565
11266587715094,11266587716083,989
11266587951938,11266587952537,599
11266588190406,11266588191003,597
11266588427326,11266588428215,889
11266588733985,11266588734580,595
11266588979004,11266588979659,655
11266589221779,11266589222641,862
11266589464573,11266589465140,567
11266589700719,11266589701443,724
11266589936960,11266589937551,591
11266590224077,11266590224939,862
11266590510275,11266590510869,594
11266590747175,11266590747790,615
11266590989995,11266590990596,601
11266591225566,11266591226529,963
11266591473000,11266591473586,586
11266591706713,11266591707324,611
11266592000221,11266592000846,625
11266592305196,11266592305847,651
11266592565498,11266592566086,588
11266592802107,11266592802684,577
11266593027352,11266593027940,588
11266593291367,11266593291940,573
11266593520888,11266593521469,581
11266593728828,11266593729431,603
11266593938013,11266593938617,604
11266594147309,11266594147888,579
11266594355632,11266594356203,571
11266594590315,11266594590894,579
11266594799372,11266594799925,553
11266595007971,11266595008506,535
11266595215521,11266595216111,590
11266595443162,11266595443726,564
11266595662459,11266595663034,575
11266595874004,11266595874553,549
11266596081709,11266596082215,506
11266596290853,11266596291796,943
11266596517635,11266596518184,549
11266596727303,11266596727825,522
11266596935364,11266596935842,478
11266597143332,11266597143909,577
11266597372807,11266597373376,569
11266597581524,11266597582049,525
11266597791179,11266597791705,526
11266598001526,11266598002085,559
11266598210804,11266598211389,585
11266598430978,11266598431534,556
11266598638552,11266598639087,535
11266598846807,11266598847367,560
11266599061669,11266599062205,536
11266599270811,11266599271347,536
11266599485764,11266599486294,530
11266599694334,11266599694888,554
11266599901871,11266599902398,527
11266600115743,11266600116342,599
11266600334606,11266600335200,594
11266600546337,11266600546901,564
11266600753088,11266600753937,849
11266600961129,11266600961745,616
11266601167854,11266601168466,612
11266601376816,11266601377371,555
11266601584441,11266601585024,583
11266601793902,11266601794458,556
11266602003763,11266602004314,551
11266602214820,11266602215351,531
11266602440753,11266602441327,574
11266602651968,11266602652568,600
11266602861727,11266602862323,596
11266603074568,11266603075167,599
11266603284540,11266603285094,554
11266603506399,11266603507006,607
11266603714079,11266603714652,573
11266603922090,11266603922672,582
11266604128444,11266604129046,602
11266604338354,11266604338897,543
11266604546883,11266604547450,567
11266604757717,11266604758306,589
11266604968671,11266604969270,599
11266605178970,11266605179548,578
11266605406273,11266605406871,598
11266605622382,11266605622938,556
11266605834713,11266605835261,548
11266606042477,11266606043016,539
11266606250031,11266606250587,556
11266606458093,11266606458664,571
11266606667313,11266606667944,631
11266606876090,11266606876671,581
11266607083622,11266607084203,581
11266607290980,11266607291544,564
11266607514266,11266607514880,614
11266607722411,11266607723008,597
11266607930885,11266607931462,577
11266608138198,11266608138744,546
11266608347907,11266608348489,582
11266608587350,11266608588000,650
11266608822747,11266608823349,602
11266609064437,11266609065076,639
11266609303711,11266609304392,681
11266609540329,11266609540977,648
11266609775146,11266609775783,637
11266610009924,11266610010538,614
11266610243825,11266610244468,643
11266610479043,11266610479652,609
11266610712798,11266610713416,618
11266610946255,11266610946856,601
11266611179805,11266611180419,614
11266611430219,11266611430855,636
11266611663911,11266611664555,644
11266611896241,11266611896854,613
11266612129671,11266612130330,659
11266612369602,11266612370217,615
11266612604601,11266612605912,1311
11266612840926,11266612841555,629
11266613075049,11266613075690,641
11266613308445,11266613309079,634
11266613561782,11266613562419,637
11266613794978,11266613795621,643
11266614028153,11266614028789,636
11266614263121,11266614263780,659
11266614495527,11266614496180,653
11266614728717,11266614729339,622
11266614961733,11266614962321,588
11266615194774,11266615195389,615
11266615427711,11266615428336,625
11266615672808,11266615673456,648
11266615909040,11266615909631,591
11266616141787,11266616142453,666
11266616375893,11266616376526,633
11266616608803,11266616609459,656
11266616851793,11266616852451,658
11266617085445,11266617086091,646
11266617318480,11266617319109,629
11266617563430,11266617564064,634
11266617796859,11266617797833,974
11266618030868,11266618031503,635
11266618263901,11266618264572,671
11266618496235,11266618496905,670
11266618729920,11266618730566,646
11266618973045,11266618973668,623
11266619207935,11266619208584,649
11266619452086,11266619452751,665
11266619685472,11266619686112,640
11266619918799,11266619919425,626
11266620152260,11266620152899,639
11266620384373,11266620385035,662
11266620615960,11266620616547,587
11266620849558,11266620850191,633
11266621082486,11266621083094,608
11266621314162,11266621314794,632
11266621547088,11266621547691,603
11266621779596,11266621780248,652
11266622012606,11266622013230,624
11266622251922,11266622252569,647
11266622486040,11266622486671,631
11266622721542,11266622722176,634
11266622956409,11266622957092,683
11266623192188,11266623192764,576
11266623429670,11266623430283,613
11266623663543,11266623664194,651
11266623897721,11266623898320,599
11266624133384,11266624133993,609
11266624366851,11266624376717,9866
11266624608300,11266624608903,603
11266624841298,11266624841933,635
11266625076206,11266625076829,623
11266625320952,11266625321570,618
11266625561995,11266625562582,587
11266625797549,11266625798163,614
11266626034328,11266626034983,655
11266626269648,11266626270307,659
11266626503480,11266626504104,624
11266626737227,11266626737871,644
11266626970731,11266626971393,662
11266627204929,11266627205536,607
11266627437101,11266627437716,615
11266627670305,11266627670954,649
11266627921762,11266627922355,593
11266628156846,11266628157455,609
11266628393600,11266628394225,625
11266628626626,11266628627232,606
11266628857870,11266628858472,602
11266629096350,11266629096998,648
11266629344779,11266629345418,639
11266629579974,11266629580622,648
11266629811946,11266629812594,648
11266630046991,11266630047655,664
11266630311628,11266630312278,650
11266630544187,11266630544863,676
11266630778082,11266630778717,635
11266631009802,11266631010458,656
11266631242766,11266631243382,616
11266631494071,11266631494706,635
11266631726978,11266631727611,633
11266631958554,11266631959200,646
11266632190541,11266632191186,645
11266632448077,11266632448711,634
11266632681768,11266632682397,629
11266632917445,11266632918068,623
11266633149048,11266633149693,645
11266633382761,11266633383428,667
11266633615391,11266633616027,636
11266633847986,11266633848602,616
11266634079955,11266634080619,664
11266634312248,11266634312874,626
11266634551413,11266634552032,619
11266634785825,11266634786467,642
11266635019933,11266635020542,609
11266635254250,11266635254850,600
11266635486985,11266635487616,631
11266635725905,11266635726575,670
11266635960681,11266635961301,620
11266636194487,11266636195098,611
11266636427180,11266636427775,595
11266636659675,11266636660291,616
11266636893153,11266636893706,553
11266637127440,11266637128044,604
11266637372857,11266637373457,600
11266637606105,11266637606697,592
11266637841039,11266637841678,639
11266638075202,11266638075847,645
11266638306718,11266638307326,608
11266638558673,11266638559305,632
11266638791084,11266638791680,596
11266639030404,11266639031379,975
11266639266073,11266639266706,633
11266639498680,11266639499340,660
11266639730974,11266639731587,613
11266639963578,11266639964219,641
11266640196483,11266640197103,620
11266640439091,11266640439712,621
11266640670222,11266640670869,647
11266640901889,11266640902568,679
11266641134656,11266641135289,633
11266641367704,11266641368319,615
11266641599616,11266641600255,639
11266641830650,11266641831277,627
11266642061962,11266642062613,651
11266642333962,11266642334615,653
11266642567490,11266642568143,653
11266642799300,11266642799950,650
11266643040558,11266643041198,640
11266643273656,11266643274257,601
11266643521488,11266643522043,555
11266643757694,11266643758283,589
11266644000679,11266644001274,595
11266644246407,11266644247044,637
11266644514321,11266644514939,618
11266644747494,11266644748113,619
11266644981344,11266644981993,649
11266645212721,11266645213334,613
11266645464110,11266645464717,607
11266645707865,11266645708501,636
11266645943508,11266645944135,627
11266646176865,11266646177484,619
11266646410874,11266646411504,630
11266646645560,11266646646191,631
11266646879068,11266646879674,606
11266647113371,11266647113995,624
11266647367210,11266647367847,637
11266647601334,11266647601956,622
11266647833529,11266647834138,609
11266648065100,11266648065704,604
11266648299156,11266648299748,592
11266648532417,11266648533040,623
11266648766336,11266648766957,621
11266649007024,11266649007639,615
11266649241264,11266649241857,593
11266649490981,11266649491597,616
11266649729846,11266649730494,648
11266649962795,11266649963388,593
11266650195368,11266650195987,619
11266650428403,11266650429033,630
11266650661870,11266650662828,958
11266650896532,11266650897160,628
11266651129088,11266651129717,629
11266651362305,11266651362931,626
11266651594865,11266651595509,644
11266651825992,11266651826609,617
11266652057867,11266652058493,626
11266652299425,11266652300081,656
11266652533185,11266652533822,637
11266652766440,11266652767091,651
11266653000927,11266653001540,613
11266653235166,11266653235776,610
11266653468953,11266653469554,601
11266653702300,11266653702911,611
11266653936006,11266653936629,623
11266654168554,11266654169168,614
11266654417513,11266654418122,609
11266654649748,11266654650357,609
11266654882251,11266654882869,618
11266655114468,11266655115094,626
11266655363070,11266655363725,655
11266655604960,11266655605596,636
11266655839358,11266655839983,625
11266656073261,11266656073915,654
11266656306065,11266656306689,624
11266656539178,11266656539849,671
11266656771428,11266656772091,663
11266657003173,11266657003823,650
11266657235566,11266657236216,650
11266657471495,11266657472144,649
11266657703616,11266657704235,619
11266657934987,11266657935635,648
11266658167287,11266658167921,634
11266658398792,11266658399402,610
11266658631400,11266658632036,636
11266658865564,11266658866192,628
11266659107557,11266659108199,642
11266659340005,11266659340632,627
11266659573941,11266659574602,661
11266659807790,11266659808435,645
11266660041480,11266660042161,681
11266660276622,11266660277269,647
11266660515600,11266660516231,631
11266660752431,11266660753081,650
11266660986792,11266660987423,631
11266661220465,11266661221097,632
11266661455348,11266661455987,639
11266661688503,11266661689155,652
11266661921469,11266661922112,643
11266662154200,11266662155105,905
11266662390980,11266662391587,607
11266662623725,11266662624347,622
11266662857482,11266662858106,624
11266663089933,11266663090560,627
11266663323825,11266663324419,594
11266663555589,11266663556217,628
11266663788868,11266663789501,633
11266664021787,11266664022441,654
11266664262053,11266664263020,967
11266664494609,11266664495220,611
11266664728762,11266664729393,631
11266664961376,11266664961999,623
11266665194405,11266665195088,683
11266665443113,11266665443734,621
11266665683214,11266665683841,627
11266665918354,11266665918981,627
11266666151715,11266666152355,640
11266666401482,11266666402488,1006
11266666634051,11266666634665,614
11266666867020,11266666867632,612
11266667100186,11266667100781,595
11266667332800,11266667333425,625
11266667566732,11266667567359,627
11266667798523,11266667799145,622
11266668030472,11266668031087,615
11266668262701,11266668263326,625
11266668494826,11266668495761,935
11266668728350,11266668728986,636
11266668973170,11266668973889,719
11266669226477,11266669227144,667
11266669473371,11266669474004,633
11266669707057,11266669707693,636
11266669940624,11266669941249,625
11266670174523,11266670175144,621
11266670407365,11266670407974,609
11266670640037,11266670640930,893
11266670873693,11266670874319,626
11266671108513,11266671109130,617
11266671349887,11266671350483,596
11266671583657,11266671584296,639
11266671816871,11266671817481,610
11266672049523,11266672050120,597
11266672291134,11266672291748,614
11266672552916,11266672553555,639
11266672786498,11266672787415,917
11266673018123,11266673018747,624
11266673254528,11266673255177,649
11266673501972,11266673502574,602
11266673736037,11266673736683,646
11266673970003,11266673970628,625
11266674203208,11266674203831,623
11266674437507,11266674438100,593
11266674670557,11266674671166,609
11266674903294,11266674904304,1010
11266675137051,11266675137685,634
11266675391772,11266675392411,639
11266675633119,11266675633712,593
11266675868303,11266675868934,631
11266676101075,11266676101718,643
11266676334442,11266676335073,631
11266676576445,11266676577068,623
11266676809604,11266676810233,629
11266677042232,11266677043210,978
11266677303057,11266677303700,643
11266677535819,11266677536458,639
11266677769757,11266677770391,634
11266678002012,11266678002652,640
11266678235717,11266678236348,631
11266678475400,11266678476077,677
11266678708445,11266678709086,641
11266678949323,11266678949941,618
11266679182672,11266679183600,928
11266679443905,11266679444568,663
11266679677926,11266679678613,687
11266679913126,11266679913803,677
11266680145583,11266680146282,699
11266680379327,11266680380001,674
11266680618946,11266680619568,622
11266680850478,11266680851122,644
11266681082720,11266681083351,631
11266681314645,11266681315574,929
11266681547408,11266681548053,645
11266681780948,11266681781600,652
11266682013494,11266682014148,654
11266682256173,11266682256806,633
11266682507861,11266682508490,629
11266682740575,11266682741200,625
11266682973266,11266682973879,613
11266683205623,11266683206233,610
11266683451320,11266683452602,1282
11266683684948,11266683685589,641
11266683918874,11266683919469,595
11266684151479,11266684152129,650
11266684385691,11266684386367,676
11266684619822,11266684620452,630
11266684852555,11266684853160,605
11266685088142,11266685088741,599
11266685337461,11266685338059,598
11266685582803,11266685583767,964
11266685819599,11266685820225,626
11266686053292,11266686053913,621
11266686286065,11266686286668,603
11266686519633,11266686520272,639
11266686753782,11266686754394,612
11266686985928,11266686986536,608
11266687218851,11266687219494,643
11266687452954,11266687453575,621
11266687686298,11266687687231,933
11266687919739,11266687920332,593
11266688152321,11266688152938,617
11266688412066,11266688412684,618
11266688644828,11266688645432,604
11266688885168,11266688885833,665
11266689119663,11266689120311,648
11266689353728,11266689354375,647
11266689588035,11266689588693,658
11266689822925,11266689823933,1008
11266690056512,11266690057160,648
11266690291484,11266690292113,629
11266690525029,11266690525687,658
11266690760866,11266690761514,648
11266690994562,11266690995172,610
11266691229099,11266691229699,600
11266691475702,11266691476301,599
11266691707700,11266691708326,626
11266691942066,11266691943005,939
11266692175362,11266692175979,617
11266692422452,11266692423051,599
11266692657992,11266692658656,664
11266692893088,11266692893745,657
11266693126181,11266693126812,631
11266693396363,11266693396993,630
11266693630011,11266693630642,631
11266693863715,11266693864356,641
11266694097431,11266694098402,971
11266694337870,11266694338530,660
11266694570214,11266694570821,607
11266694801955,11266694802594,639
11266695035716,11266695036345,629
11266695278523,11266695279141,618
11266695518269,11266695518870,601
11266695758486,11266695759116,630
11266695993919,11266695994593,674
11266696227568,11266696228254,686
11266696478698,11266696479337,639
11266696712963,11266696713638,675
11266696948878,11266696949537,659
11266697183311,11266697183955,644
11266697417710,11266697418325,615
11266697650644,11266697651269,625
11266697883329,11266697883965,636
11266698115953,11266698116589,636
11266698349115,11266698349782,667
11266698581256,11266698581872,616
11266698813141,11266698813777,636
11266699053020,11266699053667,647
11266699287297,11266699287947,650
11266699521690,11266699522340,650
11266699755290,11266699755914,624
11266699987602,11266699988298,696
11266700219327,11266700219956,629
11266700462686,11266700463325,639
11266700697052,11266700697698,646
11266700930754,11266700931405,651
11266701164989,11266701165601,612
11266701411710,11266701412332,622
11266701644290,11266701644903,613
11266701876963,11266701877571,608
11266702128200,11266702128879,679
11266702367632,11266702368287,655
11266702600627,11266702601270,643
11266702832971,11266702833633,662
11266703064871,11266703065488,617
11266703296039,11266703296671,632
11266703527752,11266703528415,663
11266703759262,11266703759880,618
11266703990216,11266703990846,630
11266704220825,11266704221474,649
11266704466511,11266704467127,616
11266704698210,11266704698844,634
11266704928978,11266704929591,613
11266705159760,11266705160410,650
11266705390907,11266705391550,643
11266705630046,11266705630689,643
11266705862364,11266705862971,607
11266706094487,11266706095142,655
11266706327367,11266706328044,677
11266706559977,11266706560628,651
11266706792482,11266706793128,646
11266707024146,11266707024789,643
11266707275635,11266707276270,635
11266707508878,11266707509543,665
11266707741003,11266707741661,658
11266707973387,11266707974040,653
11266708204434,11266708205098,664
11266708456577,11266708457252,675
11266708691041,11266708691711,670
11266708930997,11266708931922,925
11266709163046,11266709163675,629
11266709395293,11266709396263,970
11266709627999,11266709628653,654
11266709859171,11266709859837,666
11266710090956,11266710091638,682
11266710324949,11266710325605,656
11266710558705,11266710559360,655
11266710791002,11266710791653,651
11266711021867,11266711022531,664
11266711254231,11266711254865,634
11266711492461,11266711493109,648
11266711724198,11266711724837,639
11266711956051,11266711956680,629
11266712187616,11266712188280,664
11266712431882,11266712432553,671
11266712664739,11266712665419,680
11266712897217,11266712897853,636
11266713129635,11266713130270,635
11266713376655,11266713377271,616
11266713608818,11266713609439,621
11266713840969,11266713841584,615
11266714073239,11266714073852,613
11266714305855,11266714306495,640
11266714536916,11266714537583,667
11266714769198,11266714769859,661
11266715000681,11266715001341,660
11266715234550,11266715235161,611
11266715472436,11266715473087,651
11266715710304,11266715710958,654
11266715945749,11266715946407,658
11266716178871,11266716179515,644
11266716435961,11266716436626,665
11266716669284,11266716669956,672
11266716900783,11266716901452,669
11266717132544,11266717133221,677
11266717363044,11266717363703,659
11266717594865,11266717595479,614
11266717827392,11266717828078,686
11266718059650,11266718060307,657
11266718291164,11266718291813,649
11266718524215,11266718524885,670
11266718756719,11266718757362,643
11266718996950,11266718997593,643
11266719256160,11266719256783,623
11266719489141,11266719489774,633
11266719721068,11266719721730,662
11266719952187,11266719952838,651
11266720184489,11266720185199,710
11266720455096,11266720455757,661
11266720686445,11266720687095,650
11266720919223,11266720919869,646
11266721151330,11266721152219,889
11266721391909,11266721392570,661
11266721624798,11266721625473,675
11266721856445,11266721857116,671
11266722088273,11266722088965,692
11266722342768,11266722343459,691
11266722576066,11266722576717,651
11266722808043,11266722808658,615
11266723038480,11266723039119,639
11266723269466,11266723294965,25499
11266723528259,11266723528888,629
11266723760784,11266723761452,668
11266723992669,11266723993315,646
11266724224036,11266724224655,619
11266724462473,11266724463088,615
11266724693933,11266724694587,654
11266724926529,11266724927211,682
11266725157789,11266725158443,654
11266725397488,11266725398144,656
11266725637657,11266725638313,656
11266725870376,11266725871048,672
11266726102729,11266726103385,656
11266726334620,11266726335260,640
11266726568390,11266726569034,644
11266726800897,11266726801544,647
11266727032959,11266727033611,652
11266727264603,11266727265239,636
11266727523368,11266727524007,639
11266727756156,11266727756794,638
11266727987882,11266727988511,629
11266728220403,11266728221042,639
11266728458186,11266728458828,642
11266728691420,11266728692039,619
11266728930736,11266728931371,635
11266729164776,11266729165392,616
11266729410602,11266729411237,635
11266729643845,11266729644530,685
11266729876912,11266729877580,668
11266730110538,11266730111155,617
11266730356496,11266730357155,659
11266730588635,11266730589253,618
11266730821870,11266730822478,608
11266731055105,11266731055719,614
11266731287598,11266731288236,638
11266731520125,11266731520776,651
11266731753069,11266731753726,657
11266731986721,11266731987360,639
11266732229026,11266732229672,646
11266732461972,11266732462599,627
11266732695475,11266732696114,639
11266732928263,11266732929306,1043
11266733162000,11266733162657,657
11266733393702,11266733394354,652
11266733626236,11266733626884,648
11266733857848,11266733858500,652
11266734090482,11266734091123,641
11266734340956,11266734341575,619
11266734571840,11266734572451,611
11266734804594,11266734805217,623
11266735035469,11266735036083,614
11266735267144,11266735267782,638
11266735524119,11266735524780,661
11266735763157,11266735763814,657
11266735996842,11266735997516,674
11266736230579,11266736231223,644
11266736469620,11266736470263,643
11266736702228,11266736702870,642
11266736935323,11266736935954,631
11266737170457,11266737171104,647
11266737431580,11266737432247,667
11266737662787,11266737663398,611
11266737894920,11266737895553,633
11266738128674,11266738129322,648
11266738386399,11266738387006,607
11266738619046,11266738619692,646
11266738851751,11266738852375,624
11266739091563,11266739092178,615
11266739337548,11266739338180,632
11266739571278,11266739571925,647
11266739803540,11266739804172,632
11266740037155,11266740037806,651
11266740270370,11266740271062,692
11266740509605,11266740510257,652
11266740740984,11266740741611,627
11266740973463,11266740974134,671
11266741206609,11266741207256,647
11266741440479,11266741441149,670
11266741674146,11266741674778,632
11266741907781,11266741908406,625
11266742139183,11266742139816,633
11266742379159,11266742379812,653
11266742611845,11266742612493,648
11266742844772,11266742845363,591
11266743075659,11266743076285,626
11266743307943,11266743308583,640
11266743541201,11266743541865,664
11266743774680,11266743775331,651
11266744008965,11266744009609,644
11266744241986,11266744242617,631
11266744476546,11266744477190,644
11266744708910,11266744709536,626
11266744941168,11266744941814,646
11266745174638,11266745175293,655
11266745424749,11266745425520,771
11266745666234,11266745666872,638
11266745901837,11266745902501,664
11266746135092,11266746135746,654
11266746369386,11266746370006,620
11266746601977,11266746602587,610
11266746834433,11266746835069,636
11266747068206,11266747068861,655
11266747301463,11266747302098,635
11266747540366,11266747541032,666
11266747773288,11266747773925,637
11266748005789,11266748006829,1040
11266748239607,11266748240270,663
11266748477939,11266748478598,659
11266748710560,11266748711216,656
11266748950191,11266748950820,629
11266749183940,11266749184590,650
11266749423961,11266749424636,675
11266749656541,11266749657184,643
11266749889599,11266749890292,693
11266750122247,11266750122896,649
11266750356353,11266750357037,684
11266750600996,11266750601637,641
11266750833921,11266750834574,653
11266751066813,11266751067461,648
11266751300096,11266751301066,970
11266751534482,11266751535147,665
11266751768677,11266751769352,675
11266752001774,11266752002467,693
11266752244371,11266752245021,650
11266752513082,11266752513755,673
11266752746334,11266752746977,643
11266752983494,11266752984149,655
11266753225319,11266753225964,645
11266753463334,11266753464006,672
11266753713058,11266753713745,687
11266753967701,11266753968450,749
11266754216963,11266754217644,681
11266754522790,11266754523608,818
11266754791765,11266754792456,691
11266755040182,11266755040857,675
11266755275056,11266755275733,677
11266755517197,11266755517824,627
11266755763837,11266755764517,680
11266756005815,11266756006482,667
11266756310759,11266756311439,680
11266756567779,11266756568445,666
11266756817710,11266756818354,644
11266757055970,11266757056634,664
11266757292117,11266757292810,693
11266757526611,11266757527298,687
11266757760059,11266757760718,659
11266757994150,11266757994826,676
11266758228124,11266758228782,658
11266758461408,11266758462074,666
11266758694293,11266758694969,676
11266758938944,11266758939565,621
11266759174622,11266759175229,607
11266759409604,11266759410282,678
11266759643104,11266759643725,621
11266759876662,11266759877314,652
11266760111709,11266760112359,650
11266760345769,11266760346897,1128
11266760580284,11266760580987,703
11266760814854,11266760815540,686
11266761047851,11266761048517,666
11266761280995,11266761281711,716
11266761541423,11266761542110,687
11266761773965,11266761774650,685
11266762006948,11266762007647,699
11266762277709,11266762278404,695
11266762517863,11266762518502,639
11266762751842,11266762752476,634
11266762984623,11266762985291,668
11266763218249,11266763218897,648
11266763469366,11266763470027,661
11266763702416,11266763703342,926
11266763936561,11266763937258,697
11266764170170,11266764170855,685
11266764421672,11266764422351,679
11266764655632,11266764656309,677
11266764889878,11266764890567,689
11266765124407,11266765125047,640
11266765362903,11266765363571,668
11266765610133,11266765610790,657
11266765845368,11266765846036,668
11266766079041,11266766079696,655
11266766332543,11266766333207,664
11266766566710,11266766567371,661
11266766800569,11266766801196,627
11266767033991,11266767034639,648
11266767267005,11266767267642,637
11266767518267,11266767518894,627
11266767752177,11266767752825,648
11266767991442,11266767992093,651
11266768231959,11266768232570,611
11266768465569,11266768466178,609
11266768698724,11266768699379,655
11266768939236,11266768939843,607
11266769173430,11266769174081,651
11266769408720,11266769409350,630
11266769666898,11266769667527,629
11266769899492,11266769900105,613
11266770133594,11266770134280,686
11266770377531,11266770378147,616
11266770610409,11266770611072,663
11266770843349,11266770843998,649
11266771075959,11266771076569,610
11266771317084,11266771317702,618
11266771551955,11266771552566,611
11266771785219,11266771785820,601
11266772035918,11266772036540,622
11266772278419,11266772279068,649
11266772540471,11266772541162,691
11266772773384,11266772774033,649
11266773005882,11266773006526,644
11266773237382,11266773238025,643
11266773475625,11266773476280,655
11266773707736,11266773708364,628
11266773940708,11266773941346,638
11266774185850,11266774186515,665
11266774418851,11266774419441,590
11266774650622,11266774651243,621
11266774883333,11266774883989,656
11266775116947,11266775117567,620
11266775349103,11266775349733,630
11266775588533,11266775589180,647
11266775831152,11266775831793,641
11266776064734,11266776065398,664
11266776297718,11266776298373,655
11266776548360,11266776549001,641
11266776780934,11266776781571,637
11266777012236,11266777012869,633
11266777243100,11266777243983,883
11266777475299,11266777475924,625
11266777707309,11266777707939,630
11266777940115,11266777940787,672
11266778173631,11266778174282,651
11266778420430,11266778421093,663
11266778653789,11266778654449,660
11266778895538,11266778896157,619
11266779130006,11266779130619,613
11266779365329,11266779365960,631
11266779598372,11266779598998,626
11266779834222,11266779834837,615
11266780067137,11266780067788,651
11266780299207,11266780299833,626
11266780531978,11266780533047,1069
11266780765588,11266780766210,622
11266780997858,11266780998503,645
11266781231311,11266781231944,633
11266781463922,11266781464564,642
11266781696776,11266781697421,645
11266781930015,11266781930620,605
11266782161585,11266782162251,666
11266782407198,11266782407857,659
11266782640882,11266782641537,655
11266782873136,11266782873784,648
11266783105285,11266783105937,652
11266783337712,11266783338347,635
11266783569585,11266783570229,644
11266783801743,11266783802673,930
11266784033923,11266784034576,653
11266784291470,11266784292112,642
11266784522889,11266784523520,631
11266784754408,11266784755058,650
11266784986078,11266784986754,676
11266785217726,11266785218367,641
11266785450104,11266785450761,657
11266785691212,11266785691854,642
11266785926058,11266785926734,676
11266786158886,11266786159559,673
11266786390907,11266786391558,651
11266786627437,11266786628072,635
11266786859061,11266786859711,650
11266787089512,11266787090523,1011
11266787328109,11266787328755,646
11266787558700,11266787559339,639
11266787790236,11266787790898,662
11266788021696,11266788022341,645
11266788252100,11266788252758,658
11266788497663,11266788498277,614
11266788730723,11266788731346,623
11266788971003,11266788971716,713
11266789204185,11266789204821,636
11266789446765,11266789447416,651
11266789679185,11266789679815,630
11266789911219,11266789911850,631
11266790144919,11266790145555,636
11266790391252,11266790392225,973
11266790624185,11266790624829,644
11266790856286,11266790856911,625
11266791087476,11266791088111,635
11266791318406,11266791319051,645
11266791553929,11266791554556,627
11266791786837,11266791787464,627
11266792020364,11266792020990,626
11266792261603,11266792262277,674
11266792495483,11266792496135,652
11266792728476,11266792729117,641
11266792961277,11266792961893,616
11266793194470,11266793195114,644
11266793442510,11266793443176,666
11266793673457,11266793674126,669
11266793905721,11266793906334,613
11266794139097,11266794139758,661
11266794371465,11266794372086,621
11266794603520,11266794604174,654
11266794836049,11266794836677,628
11266795067756,11266795068368,612
11266795299898,11266795300532,634
11266795530956,11266795531615,659
11266795772777,11266795773467,690
11266796008050,11266796008707,657
11266796240758,11266796241407,649
11266796476686,11266796477333,647
11266796710243,11266796710900,657
11266796944062,11266796944715,653
11266797176743,11266797177381,638
11266797408680,11266797409329,649
11266797641751,11266797642398,647
11266797874965,11266797875616,651
11266798107935,11266798108557,622
11266798340903,11266798341556,653
11266798572341,11266798573010,669
11266798803567,11266798804206,639
11266799041558,11266799042284,726
11266799276076,11266799276722,646
11266799508444,11266799509118,674
11266799739703,11266799740372,669
11266799984214,11266799984882,668
11266800218495,11266800219158,663
11266800457368,11266800458012,644
11266800690528,11266800691164,636
11266800922561,11266800923196,635
11266801155393,11266801156033,640
11266801388591,11266801389234,643
11266801716765,11266801717655,890
11266802004117,11266802004817,700
11266802264747,11266802265405,658
11266802503234,11266802503937,703
11266802745026,11266802745688,662
11266802979727,11266802980405,678
11266803214808,11266803215446,638
11266803451378,11266803452072,694
11266803706684,11266803707539,855
11266804000055,11266804000720,665
11266804307491,11266804308372,881
11266804591763,11266804592484,721
11266804820292,11266804820942,650
11266805030396,11266805031085,689
11266805238169,11266805238782,613
11266805472588,11266805473155,567
11266805692525,11266805693132,607
11266805904047,11266805904658,611
11266806114626,11266806115176,550
11266806340817,11266806341338,521
11266806549891,11266806550400,509
11266806760461,11266806760995,534
11266806968478,11266806969029,551
11266807177491,11266807178058,567
11266807395050,11266807395587,537
11266807601852,11266807602426,574
11266807808970,11266807809530,560
11266808015447,11266808016148,701
11266808222312,11266808222870,558
11266808427093,11266808427666,573
11266808632435,11266808632956,521
11266808837011,11266808837594,583
11266809051484,11266809052077,593
11266809259552,11266809260131,579
11266809484202,11266809484748,546
11266809690833,11266809691355,522
11266809897024,11266809897600,576
11266810102986,11266810103568,582
11266810307610,11266810308162,552
11266810538715,11266810539266,551
11266810743094,11266810743671,577
11266810948091,11266810949188,1097
11266811153015,11266811153561,546
11266811380842,11266811381389,547
11266811587029,11266811587578,549
11266811792957,11266811793535,578
11266811998780,11266811999379,599
11266812204623,11266812205213,590
11266812429802,11266812430390,588
11266812637028,11266812637582,554
11266812843760,11266812844314,554
11266813051066,11266813051643,577
11266813281863,11266813282434,571
11266813486957,11266813487517,560
11266813691411,11266813691943,532
11266813897047,11266813897642,595
11266814101248,11266814101754,506
11266814456473,11266814457150,677
11266814675963,11266814676516,553
11266814888356,11266814888917,561
11266815099234,11266815099797,563
11266815311746,11266815312291,545
11266815551064,11266815551659,595
11266815762404,11266815762983,579
11266815968845,11266815969444,599
11266816175156,11266816175712,556
11266816388555,11266816389105,550
11266816594468,11266816594998,530
11266816799568,11266816800105,537
11266817004432,11266817004960,528
11266817210020,11266817210588,568
11266817432140,11266817432725,585
11266817637243,11266817637817,574
11266817841138,11266817841689,551
11266818044205,11266818044753,548
11266818248602,11266818249151,549
11266818463098,11266818463630,532
11266818667451,11266818667965,514
11266818870314,11266818870835,521
11266819088069,11266819088625,556
11266819294860,11266819295409,549
11266819500263,11266819500812,549
11266819706010,11266819706572,562
11266819911680,11266819912257,577
11266820115948,11266820116484,536
11266820320165,11266820320707,542
11266820524882,11266820525424,542
11266820796134,11266820796859,725
11266821061809,11266821062673,864
11266821343712,11266821344403,691
11266821621822,11266821622507,685
11266821887013,11266821887790,777
11266822132924,11266822133604,680
11266822393555,11266822394768,1213
11266822641502,11266822642151,649
11266822880576,11266822881187,611
11266823182304,11266823183154,850
11266823541513,11266823542235,722
11266823806347,11266823806993,646
11266824192578,11266824193357,779
11266824649569,11266824650697,1128
11266825067499,11266825069253,1754
11266825429548,11266825430464,916
11266825760262,11266825761056,794
11266826062759,11266826063485,726
11266826333571,11266826334647,1076
11266826609009,11266826609688,679
11266826862055,11266826862773,718
11266827156869,11266827157671,802
11266827501758,11266827502686,928
11266827809844,11266827810510,666
11266828073725,11266828074375,650
11266828315200,11266828315823,623
11266828560513,11266828561146,633
11266828829860,11266828830916,1056
11266829178768,11266829179533,765
11266829485895,11266829486591,696
11266829733691,11266829734391,700
11266829973766,11266829974448,682
11266830214843,11266830215459,616
11266830483422,11266830484069,647
11266830721428,11266830722092,664
11266830960853,11266830961537,684
11266831200675,11266831201363,688
11266831447137,11266831447818,681
11266831683783,11266831684460,677
11266831922541,11266831923219,678
11266832161852,11266832162508,656
11266832413303,11266832413957,654
11266832652150,11266832652823,673
11266832888716,11266832889433,717
11266833127877,11266833128536,659
11266833365204,11266833365878,674
11266833602875,11266833603539,664
11266833840302,11266833840958,656
11266834077460,11266834078138,678
11266834382866,11266834383527,661
11266834658230,11266834658906,676
11266834980056,11266834980793,737
11266835227429,11266835228102,673
11266835466855,11266835467522,667
11266835716384,11266835717013,629
11266835956974,11266835957635,661
11266836196246,11266836196904,658
11266836510390,11266836511077,687
11266836761226,11266836762407,1181
11266837050145,11266837050906,761
11266837378130,11266837378818,688
11266837658783,11266837659735,952
11266837926836,11266837927996,1160
11266838184074,11266838184727,653
11266838503418,11266838504392,974
11266838788813,11266838789724,911
11266839083390,11266839084155,765
11266839445525,11266839446672,1147
11266839756486,11266839757102,616
11266840020925,11266840021488,563
11266840303990,11266840304720,730
11266840537931,11266840538622,691
11266840779552,11266840780094,542
11266841030476,11266841031075,599
11266841278567,11266841279187,620
11266841522457,11266841523012,555
11266841745431,11266841745959,528
11266841958783,11266841959395,612
11266842178457,11266842179009,552
11266842427618,11266842428347,729
11266842663057,11266842663648,591
11266842877376,11266842878003,627
11266843090595,11266843091290,695
11266843300528,11266843301131,603
11266843508532,11266843509068,536
11266843715289,11266843715874,585
11266843923899,11266843924470,571
11266844131178,11266844131748,570
11266844345486,11266844346030,544
11266844554031,11266844554574,543
11266844781635,11266844782220,585
11266844991743,11266844992315,572
11266845198767,11266845199328,561
11266845406704,11266845407281,577
11266845627937,11266845628538,601
11266845838267,11266845838871,604
11266846048349,11266846048940,591
11266846259339,11266846260023,684
11266846468971,11266846469547,576
11266846684870,11266846685465,595
11266846897130,11266846897693,563
11266847108657,11266847109209,552
11266847319237,11266847319818,581
11266847527304,11266847527900,596
11266847737630,11266847738233,603
11266848037344,11266848037918,574
11266848282579,11266848283132,553
11266848577723,11266848578287,564
11266848801147,11266848801709,562
11266849023947,11266849024553,606
11266849234674,11266849235279,605
11266849448246,11266849448864,618
11266849654974,11266849655563,589
11266849861121,11266849861685,564
11266850064233,11266850064852,619
11266850269391,11266850269970,579
11266850515097,11266850515711,614
11266850718567,11266850719116,549
11266850921681,11266850922240,559
11266851124290,11266851124825,535
11266851371957,11266851372542,585
11266851580207,11266851580784,577
11266851785452,11266851785989,537
11266851989910,11266851990508,598
11266852194310,11266852194855,545
11266852413708,11266852414250,542
11266852620750,11266852621321,571
11266852997057,11266852997748,691
11266853262743,11266853263334,591
11266853472448,11266853473046,598
11266853686426,11266853687003,577
11266853892962,11266853893881,919
11266854099132,11266854099727,595
11266854302874,11266854303452,578
11266854513259,11266854513853,594
11266854716788,11266854717346,558
11266854920757,11266854921345,588
11266855124942,11266855125497,555
11266855329770,11266855330331,561
11266855548015,11266855548884,869
11266855824163,11266855824745,582
11266856058904,11266856059563,659
11266856265676,11266856266281,605
11266856472030,11266856472624,594
11266856681855,11266856682424,569
11266856889895,11266856890489,594
11266857097590,11266857098169,579
11266857306730,11266857307282,552
11266857580227,11266857580899,672
11266857797775,11266857798410,635
11266858007503,11266858008509,1006
11266858216044,11266858216608,564
11266858425918,11266858426489,571
11266858633754,11266858634322,568
11266858841247,11266858841846,599
11266859061780,11266859062399,619
11266859270063,11266859270614,551
11266859474508,11266859475076,568
11266859678921,11266859679533,612
11266859882982,11266859883577,595
11266860089324,11266860089914,590
11266860294565,11266860295377,812
11266860497528,11266860498058,530
11266860700782,11266860701335,553
11266860903172,11266860903714,542
11266861106529,11266861107094,565
11266861309770,11266861310353,583
11266861512721,11266861513316,595
11266861715913,11266861716505,592
11266861919742,11266861920426,684
11266862128996,11266862129557,561
11266862339979,11266862340528,549
11266862545976,11266862546531,555
11266862751105,11266862751677,572
11266862956477,11266862957063,586
11266863161269,11266863161830,561
11266863365085,11266863365644,559
11266863587764,11266863588326,562
11266863793009,11266863793594,585
11266863997823,11266863998430,607
11266864202295,11266864202866,571
11266864418574,11266864419122,548
11266864622799,11266864623365,566
11266864827326,11266864827923,597
11266865031468,11266865031999,531
11266865234798,11266865235323,525
11266865439437,11266865439999,562
11266865647743,11266865648315,572
11266865854024,11266865854562,538
11266866059468,11266866060055,587
11266866263672,11266866264246,574
11266866469316,11266866469890,574
11266866673410,11266866673970,560
11266866879049,11266866880029,980
11266867085043,11266867085631,588
11266867304426,11266867304992,566
11266867506950,11266867507518,568
11266867710126,11266867710726,600
11266867914477,11266867915033,556
11266868119883,11266868120463,580
11266868323641,11266868324202,561
11266868526474,11266868527038,564
11266868730272,11266868730838,566
11266868938335,11266868938896,561
11266869174951,11266869175649,698
11266869404151,11266869404828,677
11266869631498,11266869632102,604
11266869838856,11266869839455,599
11266870046158,11266870046763,605
11266870252292,11266870252961,669
11266870464216,11266870464850,634
11266870670523,11266870671113,590
11266870874723,11266870875322,599
11266871079673,11266871080280,607
11266871284754,11266871285334,580
11266871518094,11266871518720,626
11266871723028,11266871723636,608
11266871930011,11266871930586,575
11266872144426,11266872144994,568
11266872453770,11266872454471,701
11266872709622,11266872710290,668
11266872923388,11266872924059,671
11266873132856,11266873133412,556
11266873354296,11266873354836,540
11266873561980,11266873562529,549
11266873771771,11266873772352,581
11266874031826,11266874032571,745
11266874357479,11266874358359,880
11266874634582,11266874635264,682
11266874856402,11266874857053,651
11266875067680,11266875068303,623
11266875277237,11266875277830,593
11266875488233,11266875488830,597
11266875715439,11266875716064,625
11266875927430,11266875928030,600
11266876134003,11266876134598,595
11266876340955,11266876341788,833
11266876548557,11266876549135,578
11266876769691,11266876770252,561
11266877577970,11266877578541,571
11266877787521,11266877788105,584
11266877995042,11266877995593,551
11266878201966,11266878202539,573
11266878424261,11266878424800,539
11266878631925,11266878632456,531
11266878838028,11266878838636,608
11266879053182,11266879053737,555
11266879263669,11266879264273,604
11266879470458,11266879470968,510
11266879676164,11266879676777,613
11266879881728,11266879882337,609
11266880088159,11266880088750,591
11266880293344,11266880293935,591
11266880517415,11266880518024,609
11266880722551,11266880723164,613
11266880928491,11266880929488,997
11266881134803,11266881135376,573
11266881352384,11266881352980,596
11266881559376,11266881559923,547
11266881767999,11266881768572,573
11266881974907,11266881975499,592
11266882180203,11266882180762,559
11266882396393,11266882396993,600
11266882604976,11266882605528,552
11266882810756,11266882811323,567
11266883016551,11266883017130,579
11266883221856,11266883222407,551
11266883444283,11266883444859,576
11266883649865,11266883650434,569
11266883854670,11266883855280,610
11266884068071,11266884068637,566
11266884274879,11266884275415,536
11266884481241,11266884481842,601
11266884687407,11266884687968,561
11266884892557,11266884893132,575
11266885098178,11266885098727,549
11266885303549,11266885304090,541
11266885506851,11266885507424,573
11266885718574,11266885719127,553
11266885926686,11266885927504,818
11266886133685,11266886134218,533
11266886349421,11266886349953,532
11266886554358,11266886554911,553
11266886758108,11266886758681,573
11266886964098,11266886964613,515
11266887168667,11266887169200,533
11266887374889,11266887375465,576
11266887597074,11266887597633,559
11266887802623,11266887803196,573
11266888007317,11266888007853,536
11266888210798,11266888211329,531
11266888414728,11266888415295,567
11266888620424,11266888621002,578
11266888823753,11266888824312,559
11266889038175,11266889038791,616
11266889246899,11266889247469,570
11266889451753,11266889452306,553
11266889657035,11266889657586,551
11266889863231,11266889863803,572
11266890069032,11266890069556,524
11266890275181,11266890275705,524
11266890479213,11266890479770,557
11266890683872,11266890684404,532
11266890888293,11266890889236,943
11266891094483,11266891095042,559
11266891299119,11266891299617,498
11266891503205,11266891503727,522
11266891708465,11266891708971,506
11266891913957,11266891914501,544
11266892117667,11266892118236,569
11266892335463,11266892336042,579
11266892547605,11266892548185,580
11266892753955,11266892754535,580
11266892961038,11266892961573,535
11266893167415,11266893170442,3027
11266893377620,11266893378188,568
11266893583418,11266893583961,543
11266893787955,11266893788532,577
11266893992153,11266893992713,560
11266894196230,11266894196755,525
11266894407605,11266894408136,531
11266894613406,11266894613997,591
11266894817847,11266894818452,605
11266895024718,11266895025286,568
11266895229261,11266895229812,551
11266895432323,11266895432848,525
11266895647874,11266895648457,583
11266895860653,11266895861262,609
11266896071099,11266896071697,598
11266896279596,11266896280161,565
11266896488384,11266896488965,581
11266896696921,11266896697490,569
11266896908145,11266896908955,810
11266897113022,11266897113595,573
11266897316731,11266897317268,537
11266897521702,11266897522266,564
11266897726949,11266897727538,589
11266897931530,11266897932093,563
11266898134290,11266898134781,491
11266898338032,11266898338548,516
11266898542758,11266898543317,559
11266898749481,11266898750071,590
11266898962867,11266898963524,657
11266899169796,11266899170312,516
11266899373805,11266899374347,542
11266899578856,11266899579433,577
11266899783226,11266899783765,539
11266899987808,11266899988378,570
11266900192372,11266900192930,558
11266900408554,11266900409107,553
11266900618983,11266900619526,543
11266900825611,11266900826206,595
11266901034293,11266901034886,593
11266901241678,11266901242256,578
11266901459950,11266901460520,570
11266901667758,11266901668342,584
11266901875500,11266901876511,1011
11266902083488,11266902084074,586
11266902325104,11266902325684,580
11266902536434,11266902537006,572
11266902744638,11266902745197,559
11266902951815,11266902952389,574
11266903157824,11266903158428,604
11266903381919,11266903382482,563
11266903587160,11266903587663,503
11266903793548,11266903794147,599
11266903999613,11266904000141,528
11266904206161,11266904206686,525
11266904427376,11266904427935,559
11266904633476,11266904634029,553
11266904842053,11266904842667,614
11266905048470,11266905049023,553
11266905265956,11266905266536,580
11266905473163,11266905473739,576
11266905685543,11266905686120,577
11266905895315,11266905895926,611
11266906101512,11266906102091,579
11266906306446,11266906306971,525
11266906511469,11266906512014,545
11266906718120,11266906718681,561
11266906924460,11266906925052,592
11266907131873,11266907132439,566
11266907342989,11266907343534,545
11266907549382,11266907549918,536
11266907755461,11266907756002,541
11266907966024,11266907966844,820
11266908173036,11266908173592,556
11266908395880,11266908396403,523
11266908619865,11266908620434,569
11266908826780,11266908827329,549
11266909063945,11266909064486,541
11266909282257,11266909282855,598
11266909493796,11266909494391,595
11266909700816,11266909701381,565
11266909907307,11266909907881,574
11266910113186,11266910113721,535
11266910320139,11266910320710,571
11266910527848,11266910528392,544
11266910733022,11266910733573,551
11266910938036,11266910938544,508
11266911146389,11266911146908,519
11266911354512,11266911355392,880
11266911564881,11266911565410,529
11266911774974,11266911775449,475
11266911983651,11266911984180,529
11266912190985,11266912191517,532
11266912405370,11266912405915,545
11266912610786,11266912611356,570
11266912819142,11266912819676,534
11266913026892,11266913027407,515
11266913230723,11266913231256,533
11266913436106,11266913436684,578
11266913641150,11266913641736,586
11266913845840,11266913846388,548
11266914049284,11266914049809,525
11266914252713,11266914253307,594
11266914458284,11266914458830,546
11266914662185,11266914662745,560
11266914867475,11266914868026,551
11266915070883,11266915071427,544
11266915291602,11266915292162,560
11266915498122,11266915498674,552
11266915713354,11266915713959,605
11266915923028,11266915923581,553
11266916128811,11266916129378,567
11266916334345,11266916334923,578
11266916538676,11266916539276,600
11266916743787,11266916744328,541
11266916947728,11266916948292,564
11266917152863,11266917153410,547
11266917361212,11266917362115,903
11266917567736,11266917568306,570
11266917773475,11266917774079,604
11266917977190,11266917977744,554
11266918181996,11266918182569,573
11266918402871,11266918403406,535
11266918606156,11266918606689,533
11266918809944,11266918810523,579
11266919020659,11266919021219,560
11266919225962,11266919226502,540
11266919447920,11266919448492,572
11266919652463,11266919652971,508
11266919857527,11266919858046,519
11266920061210,11266920061762,552
11266920265737,11266920266301,564
11266920483112,11266920483694,582
11266920687463,11266920687973,510
11266920891052,11266920891629,577
11266921094902,11266921095465,563
11266921299965,11266921300504,539
11266921505518,11266921506070,552
11266921709736,11266921710283,547
11266921913819,11266921914347,528
11266922119097,11266922119633,536
11266922330545,11266922331524,979
11266922537898,11266922538419,521
11266922743177,11266922743683,506
11266922948399,11266922948900,501
11266923158684,11266923159196,512
11266923373177,11266923373667,490
11266923587856,11266923588384,528
11266923794160,11266923794680,520
11266923998913,11266923999432,519
11266924202752,11266924203363,611
11266924408340,11266924408895,555
11266924613148,11266924613697,549
11266924819794,11266924820379,585
11266925027465,11266925027969,504
11266925237724,11266925238311,587
11266925458273,11266925458914,641
11266925678858,11266925679477,619
11266925887468,11266925888049,581
11266926091849,11266926092386,537
11266926304659,11266926305221,562
11266926512052,11266926512575,523
11266926716490,11266926716990,500
11266926926329,11266926926857,528
11266927133136,11266927133645,509
11266927342197,11266927342810,613
11266927558872,11266927559392,520
11266927771041,11266927771605,564
11266927979493,11266927980025,532
11266928188753,11266928189279,526
11266928398531,11266928399166,635
11266928606569,11266928607106,537
11266928816082,11266928816613,531
11266929029044,11266929029574,530
11266929242548,11266929243035,487
11266929453881,11266929454368,487
11266929664393,11266929664895,502
11266929871072,11266929871546,474
11266930080038,11266930080547,509
11266930309274,11266930309816,542
11266930512796,11266930513302,506
11266930719912,11266930720459,547
11266930926659,11266930927183,524
11266931133278,11266931133793,515
11266931339613,11266931340168,555
11266931549830,11266931550377,547
11266931759856,11266931760404,548
11266931971472,11266931972020,548
11266932180310,11266932180828,518
11266932391244,11266932391792,548
11266932603122,11266932603659,537
11266932809348,11266932809890,542
11266933016645,11266933017132,487
11266933222351,11266933222909,558
11266933450997,11266933452032,1035
11266933658676,11266933659185,509
11266933869114,11266933869610,496
11266934075193,11266934075691,498
11266934285821,11266934286340,519
11266934493464,11266934493989,525
11266934703338,11266934703883,545
11266934911500,11266934912023,523
11266935119320,11266935119835,515
11266935323882,11266935324433,551
11266935556506,11266935557075,569
11266935766834,11266935767392,558
11266935975254,11266935975803,549
11266936183868,11266936184446,578
11266936390922,11266936391466,544
11266936598329,11266936598843,514
11266936803710,11266936804237,527
11266937008256,11266937008724,468
11266937212714,11266937213212,498
11266937419031,11266937419566,535
11266937627015,11266937627510,495
11266937837746,11266937838251,505
11266938046456,11266938046965,509
11266938255334,11266938255832,498
11266938485314,11266938485877,563
11266938693154,11266938693710,556
11266938909215,11266938909779,564
11266939116880,11266939117423,543
11266939341343,11266939341847,504
11266939550202,11266939550895,693
11266939758267,11266939758792,525
11266939962863,11266939963408,545
11266940172754,11266940173328,574
11266940393450,11266940393998,548
11266940604265,11266940604800,535
11266940811405,11266940811931,526
11266941018767,11266941019311,544
11266941225799,11266941226326,527
11266941428618,11266941429160,542
11266941632473,11266941633079,606
11266941839080,11266941839659,579
11266942042722,11266942043237,515
11266942273333,11266942273854,521
11266942486390,11266942486956,566
11266942692274,11266942692870,596
11266942896856,11266942897407,551
11266943101383,11266943101944,561
11266943304217,11266943304775,558
11266943515596,11266943516236,640
11266943722457,11266943723057,600
11266943926452,11266943927008,556
11266944129156,11266944129741,585
11266944332812,11266944333353,541
11266944536397,11266944537376,979
11266944740635,11266944741179,544
11266944945166,11266944945729,563
11266945148587,11266945149118,531
11266945370257,11266945370825,568
11266945579770,11266945580350,580
11266945784861,11266945785399,538
11266945988569,11266945989120,551
11266946192380,11266946192973,593
11266946401660,11266946402224,564
11266946609019,11266946609605,586
11266946816725,11266946817294,569
11266947026038,11266947026628,590
11266947232569,11266947233129,560
11266947437840,11266947438416,576
11266947642519,11266947643095,576
11266947847487,11266947848058,571
11266948051289,11266948051827,538
11266948270543,11266948271056,513
11266948474887,11266948475420,533
11266948678835,11266948679394,559
11266948888294,11266948888874,580
11266949094855,11266949095436,581
11266949299468,11266949300041,573
11266949504406,11266949505008,602
11266949707690,11266949708256,566
11266949910922,11266949911446,524
11266950114765,11266950115317,552
11266950317935,11266950318453,518
11266950527901,11266950528587,686
11266950733562,11266950734131,569
11266950936614,11266950937175,561
11266951140052,11266951140600,548
11266951343666,11266951344237,571
11266951547172,11266951547738,566
11266951750853,11266951751372,519
11266951954532,11266951955096,564
11266952158487,11266952159053,566
11266952368241,11266952368805,564
11266952573892,11266952574465,573
11266952781246,11266952781779,533
11266952988716,11266952989307,591
11266953191965,11266953192510,545
11266953409965,11266953410537,572
11266953623854,11266953624383,529
11266953828841,11266953829348,507
11266954033107,11266954033647,540
11266954235984,11266954236506,522
11266954439727,11266954440274,547
11266954643628,11266954644164,536
11266954846721,11266954847255,534
11266955050316,11266955050871,555
11266955255339,11266955255897,558
11266955475138,11266955476030,892
11266955683986,11266955684510,524
11266955889894,11266955890512,618
11266956094487,11266956095054,567
11266956299098,11266956299649,551
11266956503323,11266956503856,533
11266956707753,11266956708257,504
11266956915660,11266956916203,543
11266957120897,11266957121435,538
11266957341598,11266957342172,574
11266957545730,11266957546253,523
11266957750576,11266957751100,524
11266957954359,11266957954899,540
11266958158073,11266958158587,514
11266958362337,11266958362856,519
11266958567693,11266958568304,611
11266958771791,11266958772341,550
11266958996426,11266958997162,736
11266959224995,11266959225576,581
11266959434423,11266959435018,595
11266959641977,11266959642582,605
11266959848302,11266959848871,569
11266960054834,11266960055382,548
11266960260889,11266960261435,546
11266960467631,11266960468184,553
11266960673900,11266960674472,572
11266960879172,11266960879754,582
11266961086020,11266961086619,599
11266961291411,11266961291966,555
11266961497011,11266961497703,692
11266961702241,11266961702800,559
11266961907633,11266961908175,542
11266962114102,11266962114624,522
11266962324393,11266962324965,572
11266962532884,11266962533379,495
11266962738872,11266962739400,528
11266962944112,11266962944637,525
11266963148763,11266963149320,557
11266963353768,11266963354327,559
11266963560570,11266963561111,541
11266963766591,11266963767136,545
11266963969821,11266963970342,521
11266964175502,11266964176079,577
11266964380066,11266964380644,578
11266964584916,11266964585450,534
11266964790906,11266964791465,559
11266964994648,11266964995189,541
11266965198295,11266965198836,541
11266965402864,11266965403439,575
11266965611438,11266965611993,555
11266965817625,11266965818142,517
11266966022222,11266966022767,545
11266966227149,11266966227672,523
11266966431691,11266966432603,912
11266966641833,11266966642379,546
11266966849742,11266966850269,527
11266967057749,11266967058234,485
11266967268887,11266967269448,561
11266967478155,11266967478672,517
11266967686243,11266967686777,534
11266967894117,11266967894658,541
11266968101118,11266968101623,505
11266968307528,11266968308079,551
11266968512069,11266968512598,529
11266968723194,11266968723745,551
11266968933806,11266968934363,557
11266969140232,11266969140774,542
11266969362439,11266969363041,602
11266969576971,11266969577535,564
11266969782085,11266969782665,580
11266969989674,11266969990191,517
11266970197939,11266970198451,512
11266970408040,11266970408557,517
11266970617981,11266970618557,576
11266970823625,11266970824199,574
11266971033887,11266971034428,541
11266971240235,11266971240805,570
11266971445310,11266971445845,535
11266971648442,11266971648996,554
11266971852249,11266971853242,993
11266972059302,11266972059852,550
11266972269615,11266972270158,543
11266972492306,11266972492848,542
11266972694377,11266972694935,558
11266972897062,11266972897653,591
11266973101891,11266973102422,531
11266973319779,11266973320313,534
11266973522223,11266973522737,514
11266973724698,11266973725243,545
11266973929409,11266973929919,510
11266974132963,11266974133515,552
11266974334852,11266974335398,546
11266974536736,11266974537241,505
11266974738747,11266974739395,648
11266974941600,11266974942163,563
11266975144567,11266975145104,537
11266975348284,11266975348813,529
11266975554335,11266975554887,552
11266975757750,11266975758305,555
11266975964393,11266975964939,546
11266976168627,11266976169204,577
11266976372998,11266976373531,533
11266976575081,11266976575641,560
11266976777911,11266976778514,603
11266976981516,11266976982091,575
11266977184246,11266977184816,570
11266977394439,11266977395009,570
11266977600978,11266977601516,538
11266977805706,11266977806290,584
11266978010163,11266978010717,554
11266978211813,11266978212375,562
11266978440257,11266978440783,526
11266978643648,11266978644184,536
11266978846745,11266978847414,669
11266979056167,11266979056692,525
11266979261101,11266979261611,510
11266979490896,11266979491409,513
11266979694771,11266979695296,525
11266979900011,11266979900551,540
11266980103654,11266980104212,558
11266980312678,11266980313241,563
11266980517396,11266980517925,529
11266980721061,11266980721626,565
11266980926229,11266980926785,556
11266981130296,11266981130892,596
11266981334656,11266981335182,526
11266981538806,11266981539351,545
11266981742413,11266981742986,573
11266981946059,11266981946621,562
11266982151083,11266982151638,555
11266982360244,11266982360779,535
11266982565712,11266982566217,505
11266982770089,11266982770663,574
11266982975339,11266982975892,553
11266983180130,11266983180685,555
11266983384216,11266983384763,547
11266983588764,11266983589584,820
11266983799034,11266983799663,629
11266984004081,11266984004655,574
11266984208850,11266984209389,539
11266984426709,11266984427198,489
11266984631341,11266984631838,497
11266984835094,11266984835657,563
11266985040636,11266985041204,568
11266985245479,11266985246051,572
11266985459881,11266985460410,529
11266985675765,11266985676286,521
11266985893139,11266985893717,578
11266986101074,11266986101628,554
11266986329700,11266986330324,624
11266986544440,11266986545018,578
11266986753916,11266986754532,616
11266986961004,11266986961925,921
11266987169519,11266987170081,562
11266987377285,11266987377879,594
11266987583060,11266987583603,543
11266987788360,11266987788930,570
11266988002821,11266988003435,614
11266988210633,11266988211172,539
11266988417285,11266988417815,530
11266988623348,11266988623892,544
11266988829113,11266988829675,562
11266989041198,11266989041754,556
11266989247363,11266989247887,524
11266989451191,11266989451675,484
11266989655726,11266989656264,538
11266989861833,11266989862407,574
11266990068621,11266990069127,506
11266990272338,11266990272852,514
11266990477345,11266990477928,583
11266990680087,11266990680578,491
11266990884076,11266990884697,621
11266991089715,11266991090273,558
11266991297011,11266991297530,519
11266991504265,11266991504852,587
11266991709661,11266991710201,540
11266991917696,11266991918252,556
11266992123825,11266992124354,529
11266992334106,11266992334642,536
11266992549075,11266992549614,539
11266992758938,11266992759464,526
11266992965802,11266992966371,569
11266993172653,11266993173195,542
11266993378930,11266993379464,534
11266993588051,11266993588618,567
11266993798301,11266993798844,543
11266994006264,11266994007273,1009
11266994212779,11266994213343,564
11266994418495,11266994419026,531
11266994628791,11266994629361,570
11266994840603,11266994841139,536
11266995048860,11266995049413,553
11266995259062,11266995259610,548
11266995468520,11266995469112,592
11266995682899,11266995683458,559
11266995891908,11266995892450,542
11266996103163,11266996103705,542
11266996315156,11266996315696,540
11266996524529,11266996525116,587
11266996732498,11266996733057,559
11266996939178,11266996939785,607
11266997145649,11266997146213,564
11266997354921,11266997355477,556
11266997562788,11266997563354,566
11266997771610,11266997772161,551
11266997982089,11266997982676,587
11266998192447,11266998192997,550
11266998401415,11266998401967,552
11266998612176,11266998612702,526
11266998824022,11266998824571,549
11266999045339,11266999045896,557
11266999295488,11266999296181,693
11266999514318,11266999514975,657
11266999723382,11266999724012,630
11266999931101,11266999931714,613
11267000138236,11267000138861,625
11267000344962,11267000345582,620
11267000551966,11267000552570,604
11267000758397,11267000758968,571
11267000963412,11267000963979,567
11267001170148,11267001170770,622
11267001376709,11267001377304,595
11267001586175,11267001586768,593
11267001795184,11267001795764,580
11267002000280,11267002000805,525
11267002205170,11267002205701,531
11267002419091,11267002419679,588
11267002625196,11267002625777,581
11267002830824,11267002831428,604
11267003035537,11267003036146,609
11267003240831,11267003241410,579
11267003446646,11267003447253,607
11267003652036,11267003652541,505
11267003857693,11267003858286,593
11267004061901,11267004062488,587
11267004267202,11267004267822,620
11267004473222,11267004473828,606
11267004678159,11267004678690,531
11267004883896,11267004884480,584
11267005093860,11267005094411,551
11267005300790,11267005301351,561
11267005506862,11267005507482,620
11267005717751,11267005718303,552
11267005924662,11267005925223,561
11267006130489,11267006131024,535
11267006364924,11267006365520,596
11267006572425,11267006572994,569
11267006778098,11267006778656,558
11267006983533,11267006984072,539
11267007187934,11267007188521,587
11267007424697,11267007425262,565
11267007630140,11267007630738,598
11267007837074,11267007837626,552
11267008043379,11267008043980,601
11267008250438,11267008251054,616
11267008457228,11267008457827,599
11267008663040,11267008663622,582
11267008879053,11267008879626,573
11267009089298,11267009089805,507
11267009294887,11267009295491,604
11267009501453,11267009502065,612
11267009707869,11267009708432,563
11267009914589,11267009915157,568
11267010120146,11267010120681,535
11267010326412,11267010327000,588
11267010532727,11267010533264,537
11267010737371,11267010737954,583
11267010943356,11267010943920,564
11267011149563,11267011150092,529
11267011356340,11267011356888,548
11267011562376,11267011562935,559
11267011769708,11267011770279,571
11267011974276,11267011974813,537
11267012178478,11267012179036,558
11267012389357,11267012389930,573
11267012595866,11267012596394,528
11267012801350,11267012801880,530
11267013005114,11267013005617,503
11267013209230,11267013209778,548
11267013414913,11267013415483,570
11267013619564,11267013620111,547
11267013824338,11267013824876,538
11267014029203,11267014029718,515
11267014233324,11267014233859,535
11267014445029,11267014445577,548
11267014650496,11267014651022,526
11267014856005,11267014856538,533
11267015061326,11267015061914,588
11267015266350,11267015266930,580
11267015471999,11267015472562,563
11267015693677,11267015694264,587
11267015902763,11267015903366,603
11267016107889,11267016108463,574
11267016312369,11267016312899,530
11267016519343,11267016519949,606
11267016760964,11267016761613,649
11267017000188,11267017000822,634
11267017236482,11267017237145,663
11267017471533,11267017472154,621
11267017706567,11267017707208,641
11267017942387,11267017943026,639
11267018176980,11267018177600,620
11267018412792,11267018413435,643
11267018646982,11267018647647,665
11267018886801,11267018887512,711
11267019123536,11267019124207,671
11267019358132,11267019358750,618
11267019596449,11267019597090,641
11267019831662,11267019832302,640
11267020066936,11267020067586,650
11267020302475,11267020303099,624
11267020536412,11267020537046,634
11267020770134,11267020770771,637
11267021004389,11267021005015,626
11267021237564,11267021238197,633
11267021473499,11267021474116,617
11267021707569,11267021708216,647
11267021990427,11267021991371,944
11267022383230,11267022384154,924
11267022758394,11267022759271,877
11267023129375,11267023130290,915
11267023496250,11267023497128,878
11267023851286,11267023852090,804
11267024247725,11267024248779,1054
11267024632872,11267024633753,881
11267025008299,11267025009117,818
11267025358391,11267025359198,807
11267025732311,11267025733198,887
11267026108035,11267026108895,860
11267026478281,11267026479160,879
11267026849154,11267026850058,904
11267027222992,11267027223800,808
11267027592774,11267027593570,796
11267027938211,11267027939029,818
11267028290865,11267028291977,1112
11267028690212,11267028691148,936
11267029060627,11267029061521,894
11267029432298,11267029433161,863
11267029791529,11267029792361,832
11267030156181,11267030157118,937
11267030522130,11267030522978,848
11267030876467,11267030877267,800
11267031249935,11267031250740,805
11267031673569,11267031675143,1574
11267032067493,11267032068557,1064
11267032499953,11267032500832,879
11267032881703,11267032882894,1191
11267033301544,11267033302584,1040
11267033681546,11267033682438,892
11267034006895,11267034007608,713
11267034314099,11267034314883,784
11267034670007,11267034671106,1099
11267035075820,11267035077101,1281
11267035417663,11267035418445,782
11267035845077,11267035846385,1308
11267036223146,11267036224718,1572
11267036558218,11267036558941,723
11267036847340,11267036848039,699
11267037092767,11267037093485,718
11267037333966,11267037334712,746
11267037584057,11267037584711,654
11267037831648,11267037832288,640
11267038068066,11267038068669,603
11267038310696,11267038311368,672
11267038557560,11267038558228,668
11267038794761,11267038795428,667
11267039088475,11267039089213,738
11267039333413,11267039334085,672
11267039579227,11267039579864,637
11267039815565,11267039816216,651
11267040053674,11267040054252,578
11267040290902,11267040291569,667
11267040529901,11267040530571,670
11267040763500,11267040764080,580
11267040996952,11267040997583,631
11267041231439,11267041232074,635
11267041473345,11267041474032,687
11267041710737,11267041711381,644
11267041946446,11267041947082,636
11267042181032,11267042181607,575
11267042429993,11267042430648,655
11267042664835,11267042665481,646
11267042899343,11267042899987,644
11267043132087,11267043132738,651
11267043394264,11267043395170,906
11267043726642,11267043727307,665
11267043984769,11267043985467,698
11267044224828,11267044225461,633
11267044466427,11267044467085,658
11267044699379,11267044699993,614
11267044931449,11267044932073,624
11267045163782,11267045164406,624
11267045416339,11267045417015,676
11267045686076,11267045686848,772
11267045964272,11267045964970,698
11267046240976,11267046241627,651
11267046511087,11267046511721,634
11267046779610,11267046780383,773
11267047047119,11267047047793,674
11267047322102,11267047322669,567
11267047586323,11267047586842,519
11267047841454,11267047842067,613
11267048100093,11267048100695,602
11267048358033,11267048358588,555
11267048601019,11267048601700,681
11267048836257,11267048836877,620
11267049087638,11267049088241,603
11267049347624,11267049348321,697
11267049623474,11267049624212,738
11267049874900,11267049875574,674
11267050115163,11267050115846,683
11267050351388,11267050352052,664
11267050586036,11267050587102,1066
11267050821663,11267050822306,643
11267051057185,11267051057837,652
11267051382892,11267051383542,650
11267051633044,11267051633697,653
11267051868601,11267051869787,1186
11267052101885,11267052102561,676
11267052366018,11267052366655,637
11267052611688,11267052612354,666
11267052849066,11267052849697,631
11267053084961,11267053086087,1126
11267053321854,11267053322523,669
11267053562492,11267053563169,677
11267053797733,11267053798365,632
11267054031339,11267054032035,696
11267054285263,11267054285884,621
11267054589326,11267054589930,604
11267054937900,11267054938552,652
11267055193331,11267055193959,628
11267055430304,11267055430920,616
11267055675985,11267055676599,614
11267055916305,11267055916916,611
11267056151778,11267056152363,585
11267056408475,11267056409094,619
11267056664545,11267056665177,632
11267056896047,11267056896651,604
11267057127610,11267057128183,573
11267057386362,11267057386970,608
11267057618858,11267057619476,618
11267057850031,11267057850685,654
11267058081038,11267058081660,622
11267058311494,11267058312081,587
11267058544352,11267058544945,593
11267058799666,11267058800307,641
11267059138504,11267059139118,614
11267059382359,11267059383002,643
11267059622555,11267059623142,587
11267059853575,11267059854166,591
11267060085006,11267060085602,596
11267060315257,11267060315853,596
11267060546436,11267060547074,638
11267060817607,11267060818252,645
11267061089914,11267061090587,673
11267061321843,11267061322455,612
11267061552228,11267061552862,634
11267061788753,11267061789412,659
11267062024084,11267062024693,609
11267062303320,11267062303992,672
11267062586136,11267062586754,618
11267062865384,11267062866001,617
11267063098584,11267063099251,667
11267063332255,11267063332868,613
11267063633203,11267063633858,655
11267063869821,11267063870463,642
11267064114664,11267064115275,611
11267064386524,11267064387279,755
11267064627680,11267064628328,648
11267064865481,11267064866142,661
11267065103744,11267065104347,603
11267065353151,11267065353748,597
11267065604368,11267065604991,623
11267065855588,11267065856250,662
11267066100346,11267066101000,654
11267066361565,11267066362171,606
11267066595267,11267066595890,623
11267066829334,11267066829971,637
11267067062641,11267067063267,626
11267067295336,11267067295975,639
11267067564814,11267067565470,656
11267067796734,11267067797355,621
11267068027502,11267068028140,638
11267068260806,11267068261415,609
11267068502182,11267068502810,628
11267068733907,11267068734576,669
11267068978444,11267068979044,600
11267069214067,11267069214697,630
11267069447404,11267069448044,640
11267069679543,11267069680168,625
11267069912288,11267069912932,644
11267070144715,11267070145323,608
11267070376810,11267070377367,557
11267070625247,11267070625869,622
11267070855402,11267070856033,631
11267071087587,11267071088217,630
11267071318873,11267071319502,629
11267071549224,11267071549817,593
11267071780602,11267071781435,833
11267072012618,11267072013221,603
11267072252120,11267072252830,710
11267072491581,11267072492197,616
11267072724760,11267072725363,603
11267072963366,11267072964505,1139
11267073199264,11267073199872,608
11267073457409,11267073457985,576
11267073689398,11267073690004,606
11267073925469,11267073926090,621
11267074158339,11267074158956,617
11267074399693,11267074400269,576
11267074631127,11267074631681,554
11267074875178,11267074875781,603
11267075106967,11267075107563,596
11267075340186,11267075340789,603
11267075606419,11267075607003,584
11267075841481,11267075842093,612
11267076079306,11267076079926,620
11267076312394,11267076313009,615
11267076544967,11267076545598,631
11267076776146,11267076776787,641
11267077008730,11267077009324,594
11267077244746,11267077245362,616
11267077503247,11267077503872,625
11267077733162,11267077733783,621
11267077966763,11267077967352,589
11267078198055,11267078198688,633
11267078435105,11267078435726,621
11267078667081,11267078667694,613
11267078906403,11267078907045,642
11267079140572,11267079141194,622
11267079376036,11267079376637,601
11267079608983,11267079609627,644
11267079840810,11267079841412,602
11267080073161,11267080073798,637
11267080324025,11267080324663,638
11267080556635,11267080557253,618
11267080787602,11267080788203,601
11267081018541,11267081019168,627
11267081249947,11267081250587,640
11267081508389,11267081508991,602
11267081740782,11267081741409,627
11267081971209,11267081971832,623
11267082202946,11267082203531,585
11267082462668,11267082463271,603
11267082696393,11267082696982,589
11267082930097,11267082930691,594
11267083164466,11267083165054,588
11267083397177,11267083397740,563
11267083632701,11267083633279,578
11267083863955,11267083864530,575
11267084094485,11267084095064,579
11267084339564,11267084340136,572
11267084570577,11267084571161,584
11267084802194,11267084802745,551
11267085033618,11267085034621,1003
11267085264212,11267085264804,592
11267085520100,11267085520696,596
11267085765543,11267085766143,600
11267086000137,11267086000735,598
11267086233824,11267086234831,1007
11267086488721,11267086489316,595
11267086722512,11267086723103,591
11267086956914,11267086957509,595
11267087189910,11267087190492,582
11267087422644,11267087423249,605
11267087654552,11267087655150,598
11267087885722,11267087886321,599
11267088116704,11267088117309,605
11267088347982,11267088348585,603
11267088577686,11267088578284,598
11267088809705,11267088810312,607
11267089050727,11267089051332,605
11267089299934,11267089300561,627
11267089530845,11267089531433,588
11267089762540,11267089763159,619
11267089995183,11267089995787,604
11267090231512,11267090232086,574
11267090462993,11267090463537,544
11267090693885,11267090694463,578
11267090925836,11267090926468,632
11267091157730,11267091158314,584
11267091396580,11267091397144,564
11267091627769,11267091628362,593
11267091859809,11267091860428,619
11267092090664,11267092091248,584
11267092351570,11267092352165,595
11267092595492,11267092596132,640
11267092825705,11267092826304,599
11267093057276,11267093057872,596
11267093288032,11267093288633,601
11267093520266,11267093520882,616
11267093750773,11267093751362,589
11267093980343,11267093980937,594
11267094210690,11267094211276,586
11267094440852,11267094441455,603
11267094672964,11267094673538,574
11267094903866,11267094904453,587
11267095135596,11267095136200,604
11267095373455,11267095374050,595
11267095610876,11267095611453,577
11267095846039,11267095846680,641
11267096080873,11267096081494,621
11267096312930,11267096313541,611
11267096577992,11267096578593,601
11267096811869,11267096812452,583
11267097043342,11267097043954,612
11267097274855,11267097275462,607
11267097519876,11267097520471,595
11267097751611,11267097752235,624
11267097982221,11267097982840,619
11267098213653,11267098214559,906
11267098451410,11267098452034,624
11267098681615,11267098682227,612
11267098921597,11267098922200,603
11267099157378,11267099158049,671
11267099418392,11267099419384,992
11267099653140,11267099653756,616
11267099886316,11267099886960,644
11267100118814,11267100119470,656
11267100377972,11267100378606,634
11267100610581,11267100611391,810
11267100843896,11267100844535,639
11267101085004,11267101085657,653
11267101317030,11267101317662,632
11267101554541,11267101555160,619
11267101785931,11267101786585,654
11267102017618,11267102018292,674
11267102257306,11267102257919,613
11267102492755,11267102493409,654
11267102725221,11267102725833,612
11267102957124,11267102957741,617
11267103191835,11267103192479,644
11267103430192,11267103430833,641
11267103663788,11267103664427,639
11267103895858,11267103896498,640
11267104126969,11267104127583,614
11267104358415,11267104359048,633
11267104590937,11267104591557,620
11267104823294,11267104823941,647
11267105056190,11267105056807,617
11267105287193,11267105287903,710
11267105518600,11267105519236,636
11267105758671,11267105759310,639
11267105993189,11267105993850,661
11267106226028,11267106226658,630
11267106485678,11267106486339,661
11267106719235,11267106719871,636
11267106950981,11267106951623,642
11267107182129,11267107182784,655
11267107418963,11267107419593,630
11267107650339,11267107650958,619
11267107881916,11267107882543,627
11267108112783,11267108113404,621
11267108356213,11267108356864,651
11267108586310,11267108586922,612
11267108817180,11267108817789,609
11267109070813,11267109071442,629
11267109305924,11267109306585,661
11267109563769,11267109564426,657
11267109794311,11267109794962,651
11267110025299,11267110025902,603
11267110264234,11267110264853,619
11267110492390,11267110493048,658
11267110721882,11267110722513,631
11267110951563,11267110952211,648
11267111181408,11267111182020,612
11267111411222,11267111411859,637
11267111641162,11267111641779,617
11267111869982,11267111870576,594
11267112099401,11267112099994,593
11267112336898,11267112337506,608
11267112593856,11267112594473,617
11267112823755,11267112824354,599
11267113053968,11267113054573,605
11267113283948,11267113284545,597
11267113539887,11267113540502,615
11267113770616,11267113771252,636
11267114000075,11267114000683,608
11267114230647,11267114231353,706
11267114460342,11267114460933,591
11267114691778,11267114692387,609
11267114920262,11267114920869,607
11267115149443,11267115150049,606
11267115392584,11267115393245,661
11267115632226,11267115632848,622
11267115863982,11267115864585,603
11267116095075,11267116095673,598
11267116348991,11267116349558,567
11267116581020,11267116581668,648
11267116811601,11267116812209,608
11267117041693,11267117042269,576
11267117272977,11267117273579,602
11267117502631,11267117503268,637
11267117731287,11267117731913,626
11267117962091,11267117962670,579
11267118194299,11267118194874,575
11267118430297,11267118430925,628
11267118661307,11267118661937,630
11267118900268,11267118900905,637
11267119134334,11267119134981,647
11267119373806,11267119374435,629
11267119607147,11267119607752,605
11267119840110,11267119840735,625
11267120072301,11267120073081,780
11267120303847,11267120304470,623
11267120534093,11267120534715,622
11267120766097,11267120766741,644
11267121000001,11267121000666,665
11267121235285,11267121235943,658
11267121470328,11267121470954,626
11267121705284,11267121705876,592
11267121937932,11267121938553,621
11267122170106,11267122170716,610
11267122408560,11267122409185,625
11267122642590,11267122643652,1062
11267122875952,11267122876544,592
11267123107323,11267123107908,585
11267123337947,11267123338548,601
11267123568006,11267123568614,608
11267123799502,11267123800138,636
11267124032416,11267124033087,671
11267124279812,11267124280473,661
11267124520001,11267124520653,652
11267124752062,11267124752670,608
11267124984938,11267124985573,635
11267125217094,11267125217721,627
11267125454522,11267125455154,632
11267125695048,11267125695698,650
11267125928851,11267125929517,666
11267126162355,11267126163028,673
11267126421294,11267126421926,632
11267126652451,11267126653071,620
11267126897102,11267126897703,601
11267127130907,11267127131548,641
11267127367389,11267127368070,681
11267127603241,11267127603855,614
11267127837039,11267127837601,562
11267128070507,11267128071085,578
11267128327143,11267128327723,580
11267128562619,11267128563230,611
11267128800185,11267128800789,604
11267129043957,11267129044540,583
11267129320465,11267129321049,584
11267129552515,11267129553117,602
11267129784935,11267129785540,605
11267130016419,11267130017040,621
11267130248838,11267130249468,630
11267130496914,11267130497560,646
11267130727757,11267130728380,623
11267130959436,11267130960035,599
11267131190804,11267131191942,1138
11267131440940,11267131441579,639
11267131672119,11267131672734,615
11267131903507,11267131904091,584
11267132134637,11267132135253,616
11267132382386,11267132382973,587
11267132616058,11267132616671,613
11267132854173,11267132854777,604
11267133084852,11267133085461,609
11267133316190,11267133316792,602
11267133547585,11267133548174,589
11267133779735,11267133780363,628
11267134010592,11267134011187,595
11267134241051,11267134241639,588
11267134472565,11267134473175,610
11267134704063,11267134704694,631
11267134937336,11267134937953,617
11267135170970,11267135171555,585
11267135410036,11267135410648,612
11267135652922,11267135653497,575
11267135889452,11267135890099,647
11267136122083,11267136122707,624
11267136352704,11267136353329,625
11267136584444,11267136585032,588
11267136817057,11267136817634,577
11267137049709,11267137050276,567
11267137282029,11267137282582,553
11267137512802,11267137513415,613
11267137746935,11267137747548,613
11267137977552,11267137978161,609
11267138240263,11267138240855,592
11267138476318,11267138477297,979
11267138709994,11267138710575,581
11267138950615,11267138951246,631
11267139187489,11267139188136,647
11267139422772,11267139423378,606
11267139658760,11267139659378,618
11267139894018,11267139894616,598
11267140128667,11267140129257,590
11267140361833,11267140362426,593
11267140595174,11267140595772,598
11267140826744,11267140827339,595
11267141058784,11267141059377,593
11267141290013,11267141290620,607
11267141522082,11267141522692,610
11267141753032,11267141753628,596
11267141989742,11267141990360,618
11267142230471,11267142231062,591
11267142466440,11267142467053,613
11267142699332,11267142699906,574
11267142935596,11267142936197,601
11267143167053,11267143167621,568
11267143402972,11267143403574,602
11267143636130,11267143636767,637
11267143869063,11267143869677,614
11267144102663,11267144103274,611
11267144336151,11267144336717,566
11267144578591,11267144579219,628
11267144812936,11267144813524,588
11267145044745,11267145045331,586
11267145276747,11267145277331,584
11267145510782,11267145511320,538
11267145759038,11267145759700,662
11267145993766,11267145994363,597
11267146228855,11267146229456,601
11267146463673,11267146464270,597
11267146703242,11267146703844,602
11267146935476,11267146936105,629
11267147169660,11267147170258,598
11267147409656,11267147410230,574
11267147641013,11267147641606,593
11267147872763,11267147873377,614
11267148103758,11267148104367,609
11267148362878,11267148363456,578
11267148594242,11267148594821,579
11267148826240,11267148826828,588
11267149070189,11267149070796,607
11267149303781,11267149304422,641
11267149563526,11267149564129,603
11267149794650,11267149795271,621
11267150024614,11267150025207,593
11267150262566,11267150263169,603
11267150494345,11267150494927,582
11267150725314,11267150725904,590
11267150956752,11267150957367,615
11267151188891,11267151189520,629
11267151419771,11267151420382,611
11267151651069,11267151651682,613
11267151883151,11267151884131,980
11267152114487,11267152115115,628
11267152356228,11267152356883,655
11267152590716,11267152591356,640
11267152823326,11267152823955,629
11267153067513,11267153068206,693
11267153300678,11267153301352,674
11267153531482,11267153532096,614
11267153762590,11267153763192,602
11267153993864,11267153994494,630
11267154230086,11267154230734,648
11267154460163,11267154460807,644
11267154690247,11267154690858,611
11267154920550,11267154921128,578
11267155151353,11267155151940,587
11267155382482,11267155383099,617
11267155621399,11267155622032,633
11267155854910,11267155855517,607
11267156085087,11267156085717,630
11267156317563,11267156318181,618
11267156548954,11267156549522,568
11267156779283,11267156779835,552
11267157009870,11267157010456,586
11267157240014,11267157240574,560
11267157476849,11267157477440,591
11267157707300,11267157707889,589
11267157937359,11267157937960,601
11267158167937,11267158168504,567
11267158399417,11267158400021,604
11267158636251,11267158636826,575
11267158866435,11267158867015,580
11267159114004,11267159114622,618
11267159369394,11267159370016,622
11267159602631,11267159603263,632
11267159834927,11267159835583,656
11267160067590,11267160068244,654
11267160300230,11267160300859,629
11267160556667,11267160557309,642
11267160786459,11267160787068,609
11267161018479,11267161019083,604
11267161248510,11267161249089,579
11267161503656,11267161504280,624
11267161738986,11267161739600,614
11267161973821,11267161974421,600
11267162205625,11267162206242,617
11267162465658,11267162466274,616
11267162700489,11267162701069,580
11267162934470,11267162935395,925
11267163168377,11267163169027,650
11267163427498,11267163428135,637
11267163662549,11267163663194,645
11267163896256,11267163896870,614
11267164129561,11267164130413,852
11267164369385,11267164369968,583
11267164601046,11267164601623,577
11267164832780,11267164833377,597
11267165065090,11267165065704,614
11267165296944,11267165297580,636
11267165527865,11267165528462,597
11267165771308,11267165771879,571
11267166004814,11267166005412,598
11267166237936,11267166238582,646
11267166471284,11267166471935,651
11267166705493,11267166706154,661
11267166942278,11267166942879,601
11267167174765,11267167175344,579
11267167407164,11267167407774,610
11267167638452,11267167639111,659
11267167868866,11267167869456,590
11267168106686,11267168107304,618
11267168339471,11267168340112,641
11267168570754,11267168571367,613
11267168801279,11267168801919,640
11267169040756,11267169041373,617
11267169274160,11267169274803,643
11267169532139,11267169532769,630
11267169764449,11267169765029,580
11267169995235,11267169995842,607
11267170226403,11267170227037,634
11267170456753,11267170457373,620
11267170687555,11267170688177,622
11267170918279,11267170918908,629
11267171148865,11267171149494,629
11267171391650,11267171392290,640
11267171624003,11267171624606,603
11267171855071,11267171855700,629
11267172087118,11267172087717,599
11267172326977,11267172327606,629
11267172561611,11267172562221,610
11267172793820,11267172794424,604
11267173026495,11267173027108,613
11267173257964,11267173258615,651
11267173488978,11267173489616,638
11267173718764,11267173719426,662
11267173949414,11267173950078,664
11267174180565,11267174181145,580
11267174410314,11267174410909,595
11267174642125,11267174642736,611
11267174872893,11267174873466,573
11267175102507,11267175103152,645
11267175333897,11267175334490,593
11267175585231,11267175585907,676
11267175818654,11267175819256,602
11267176051887,11267176052550,663
11267176318494,11267176319145,651
11267176551603,11267176552203,600
11267176783623,11267176784254,631
11267177015927,11267177016552,625
11267177245841,11267177246454,613
11267177501870,11267177502525,655
11267177732097,11267177732998,901
11267177962545,11267177963174,629
11267178193070,11267178193662,592
11267178428688,11267178429329,641
11267178659725,11267178660329,604
11267178898980,11267178899574,594
11267179164064,11267179164669,605
11267179399926,11267179400515,589
11267179633621,11267179634260,639
11267179867996,11267179868648,652
11267180100180,11267180100805,625
11267180329985,11267180330598,613
11267180560956,11267180561564,608
11267180790451,11267180791078,627
11267181019878,11267181020510,632
11267181250432,11267181251066,634
11267181481480,11267181482088,608
11267181712267,11267181712912,645
11267181944245,11267181944871,626
11267182175115,11267182175795,680
11267182440724,11267182441358,634
11267182672097,11267182672739,642
11267182902674,11267182903292,618
11267183132901,11267183133515,614
11267183381439,11267183382018,579
11267183610933,11267183611553,620
11267183841352,11267183841988,636
11267184072438,11267184073061,623
11267184301754,11267184302371,617
11267184532694,11267184533322,628
11267184763320,11267184763958,638
11267184994397,11267184994992,595
11267185223343,11267185223988,645
11267185452265,11267185452838,573
11267185696172,11267185696758,586
11267185928534,11267185929138,604
11267186159387,11267186160022,635
11267186407048,11267186407677,629
11267186638213,11267186638812,599
11267186867090,11267186868158,1068
11267187097081,11267187097715,634
11267187326638,11267187327225,587
11267187567488,11267187568080,592
11267187796745,11267187797372,627
11267188027179,11267188027783,604
11267188261033,11267188261649,616
11267188491124,11267188491788,664
11267188720712,11267188721306,594
11267188957555,11267188958182,627
11267189189771,11267189190417,646
11267189432997,11267189433626,629
11267189663098,11267189663703,605
11267189892004,11267189892602,598
11267190120791,11267190121409,618
11267190349505,11267190350140,635
11267190579341,11267190579978,637
11267190807661,11267190808257,596
11267191036230,11267191036837,607
11267191266054,11267191266658,604
11267191503454,11267191504058,604
11267191734391,11267191735010,619
11267191965495,11267191966128,633
11267192194772,11267192195407,635
11267192440466,11267192441094,628
11267192672565,11267192673173,608
11267192905874,11267192906528,654
11267193138682,11267193139345,663
11267193375302,11267193375923,621
11267193606516,11267193607138,622
11267193838337,11267193838933,596
11267194069105,11267194069739,634
11267194299628,11267194300227,599
11267194538385,11267194539036,651
11267194767675,11267194768326,651
11267195000018,11267195000672,654
11267195230094,11267195230758,664
11267195460592,11267195461454,862
11267195699621,11267195700295,674
11267195943783,11267195944482,699
11267196175950,11267196176594,644
11267196424709,11267196425335,626
11267196656332,11267196656979,647
11267196888712,11267196889367,655
11267197121168,11267197121832,664
11267197365717,11267197366374,657
11267197596451,11267197597068,617
11267197826112,11267197826797,685
11267198057379,11267198058015,636
11267198288160,11267198288763,603
11267198517680,11267198518302,622
11267198747582,11267198748195,613
11267198988745,11267198989385,640
11267199223281,11267199224238,957
11267199457695,11267199458332,637
11267199691414,11267199692041,627
11267199923478,11267199924103,625
11267200155691,11267200156316,625
11267200402417,11267200403090,673
11267200632638,11267200633279,641
11267200862610,11267200863234,624
11267201093528,11267201094159,631
11267201339901,11267201340522,621
11267201570025,11267201570665,640
11267201799685,11267201800335,650
11267202029750,11267202030416,666
11267202268904,11267202269550,646
11267202501228,11267202501839,611
11267202735008,11267202735609,601
11267202966173,11267202967037,864
11267203202691,11267203203304,613
11267203442359,11267203442987,628
11267203675817,11267203676410,593
11267203907504,11267203908086,582
11267204138368,11267204139005,637
11267204371024,11267204371642,618
11267204601099,11267204601710,611
11267204831808,11267204832414,606
11267205070594,11267205071209,615
11267205318091,11267205318756,665
11267205555683,11267205556312,629
11267205790881,11267205791527,646
11267206024294,11267206024908,614
11267206256560,11267206257199,639
11267206502770,11267206503415,645
11267206736817,11267206737484,667
11267206967694,11267206968285,591
11267207199422,11267207200032,610
11267207430543,11267207431188,645
11267207661335,11267207661966,631
11267207891799,11267207892458,659
11267208122418,11267208123049,631
11267208352056,11267208352656,600
11267208585952,11267208586583,631
11267208815927,11267208816569,642
11267209055631,11267209056279,648
11267209288655,11267209289317,662
11267209518524,11267209519173,649
11267209750587,11267209751274,687
11267209981337,11267209981960,623
11267210211648,11267210212297,649
11267210469254,11267210469869,615
11267210700680,11267210701257,577
11267210930330,11267210930955,625
11267211159653,11267211160306,653
11267211389526,11267211390128,602
11267211635322,11267211635994,672
11267211866441,11267211867072,631
11267212097875,11267212098440,565
11267212336272,11267212336856,584
11267212568534,11267212569131,597
11267212799847,11267212800510,663
11267213030173,11267213030808,635
11267213260441,11267213261034,593
11267213490300,11267213490877,577
11267213721883,11267213722496,613
11267213952449,11267213953038,589
11267214183144,11267214183776,632
11267214413728,11267214414331,603
11267214644145,11267214644766,621
11267214877388,11267214877992,604
11267215107804,11267215108447,643
11267215359555,11267215360162,607
11267215601471,11267215602081,610
11267215835055,11267215835710,655
11267216068478,11267216069103,625
11267216300426,11267216301103,677
11267216536065,11267216536730,665
11267216768486,11267216769136,650
11267216999995,11267217000629,634
11267217230035,11267217230695,660
11267217460355,11267217460973,618
11267217691530,11267217692167,637
11267217923682,11267217924292,610
11267218153820,11267218154420,600
11267218384916,11267218385520,604
11267218617484,11267218618143,659
11267218848972,11267218849635,663
11267219089993,11267219090674,681
11267219324723,11267219325368,645
11267219557945,11267219558600,655
11267219790350,11267219790988,638
11267220023131,11267220023755,624
11267220255657,11267220256334,677
11267220487705,11267220488316,611
11267220720204,11267220720799,595
11267220950930,11267220951519,589
11267221181869,11267221182440,571
11267221415057,11267221415668,611
11267221647214,11267221647821,607
11267221879108,11267221879705,597
11267222110743,11267222111333,590
11267222361942,11267222362596,654
11267222595814,11267222596403,589
11267222827407,11267222828452,1045
11267223094461,11267223095091,630
11267223344628,11267223345274,646
11267223618686,11267223619358,672
11267223864105,11267223864760,655
11267224105900,11267224106558,658
11267224380269,11267224380924,655
11267224625055,11267224625667,612
11267224866096,11267224866703,607
11267225102214,11267225102830,616
11267225352944,11267225353581,637
11267225609327,11267225610010,683
11267225867480,11267225868099,619
11267226114550,11267226115153,603
11267226374393,11267226375023,630
11267226629139,11267226629805,666
11267226874583,11267226875225,642
11267227129927,11267227130532,605
11267227377394,11267227377994,600
11267227652533,11267227653109,576
11267227899564,11267227900160,596
11267228151504,11267228152250,746
11267228392714,11267228393300,586
11267228676368,11267228676976,608
11267228928697,11267228929279,582
11267229175797,11267229176407,610
11267229437506,11267229438206,700
11267229688053,11267229688698,645
11267229927394,11267229928016,622
11267230183268,11267230183850,582
11267230420866,11267230421440,574
11267230667364,11267230667977,613
11267230901910,11267230902599,689
11267231135282,11267231135908,626
11267231395770,11267231396430,660
11267231629132,11267231629799,667
11267231860845,11267231861494,649
11267232105808,11267232106435,627
11267232388508,11267232389138,630
11267232631409,11267232632072,663
11267232873765,11267232874425,660
11267233110793,11267233111413,620
11267233369467,11267233370105,638
11267233603596,11267233604274,678
11267233837222,11267233837862,640
11267234075692,11267234076286,594
11267234322378,11267234323004,626
11267234560839,11267234561471,632
11267234799495,11267234800114,619
11267235066304,11267235066970,666
11267235300708,11267235301318,610
11267235539112,11267235539720,608
11267235803978,11267235804636,658
11267236038583,11267236039232,649
11267236273014,11267236273950,936
11267236505968,11267236506617,649
11267236738476,11267236739143,667
11267236971713,11267236972341,628
11267237205459,11267237206114,655
11267237452685,11267237453333,648
11267237684970,11267237685565,595
11267237915719,11267237916414,695
11267238147507,11267238148143,636
11267238377759,11267238378351,592
11267238608283,11267238608899,616
11267238838810,11267238839755,945
11267239079172,11267239079840,668
11267239333664,11267239334339,675
11267239589099,11267239589794,695
11267239829776,11267239830417,641
11267240086204,11267240086849,645
11267240324176,11267240324836,660
11267240580310,11267240580945,635
11267240825184,11267240825822,638
11267241078438,11267241079086,648
11267241332648,11267241333295,647
11267241577886,11267241578543,657
11267241830317,11267241830958,641
11267242085192,11267242085837,645
11267242326310,11267242326984,674
11267242565633,11267242566252,619
11267242817600,11267242818215,615
11267243061285,11267243061918,633
11267243313218,11267243313839,621
11267243565291,11267243565918,627
11267243808650,11267243809304,654
11267244054042,11267244054681,639
11267244332120,11267244332714,594
11267244589293,11267244589915,622
11267244837431,11267244838071,640
11267245076315,11267245076969,654
11267245355011,11267245355644,633
11267245633693,11267245634326,633
11267245885085,11267245885733,648
11267246157812,11267246158490,678
11267246425909,11267246426536,627
11267246677698,11267246678357,659
11267246913233,11267246913890,657
11267247208630,11267247209242,612
11267247496733,11267247497397,664
11267247761878,11267247769714,7836
11267248026731,11267248027419,688
11267248302342,11267248302972,630
11267248576471,11267248577105,634
11267248852438,11267248853072,634
11267249164793,11267249165453,660
11267249426432,11267249427062,630
11267249802788,11267249803716,928
11267250182701,11267250183593,892
11267250589392,11267250590061,669
11267250900003,11267250900868,865
11267251212718,11267251213675,957
11267251544960,11267251545679,719
11267251908466,11267251909327,861
11267252247152,11267252248262,1110
11267252528187,11267252528823,636
11267252785273,11267252785870,597
11267253041589,11267253042222,633
11267253425467,11267253426163,696
11267253851660,11267253852722,1062
11267254332394,11267254333286,892
11267254870911,11267254871988,1077
11267255333405,11267255334106,701
11267255639444,11267255640009,565
11267255894389,11267255894972,583
11267256154643,11267256155457,814
11267256410237,11267256410906,669
11267256727348,11267256728192,844
11267257160405,11267257161146,741
11267257426182,11267257426788,606
11267257680073,11267257680644,571
11267257924080,11267257924658,578
11267258167347,11267258167920,573
11267258415057,11267258415630,573
11267258651191,11267258651776,585
11267258906876,11267258907459,583
11267259160688,11267259161261,573
11267259420842,11267259421445,603
11267259675240,11267259675831,591
11267259930462,11267259931055,593
11267260173722,11267260174467,745
11267260417073,11267260417651,578
11267260650109,11267260650652,543
11267260889408,11267260889977,569
11267261148785,11267261149343,558
11267261409015,11267261409597,582
11267261653856,11267261654389,533
11267261897546,11267261898123,577
11267262135306,11267262135896,590
11267262394427,11267262395035,608
11267262637209,11267262637809,600
11267262893281,11267262893876,595
11267263145929,11267263146487,558
11267263378513,11267263379072,559
11267263615394,11267263615928,534
11267263850184,11267263850772,588
11267264128832,11267264129479,647
11267264404113,11267264404686,573
11267264665767,11267264666364,597
11267264911192,11267264911789,597
11267265154181,11267265154798,617
11267265422520,11267265423094,574
11267265674794,11267265675402,608
11267265913685,11267265914258,573
11267266156740,11267266157303,563
11267266432522,11267266433109,587
11267266675344,11267266675911,567
11267266929714,11267266930294,580
11267267164959,11267267165570,611
11267267406752,11267267407323,571
11267267648016,11267267648575,559
11267267889674,11267267890246,572
11267268131435,11267268132005,570
11267268380191,11267268380779,588
11267268630153,11267268630713,560
11267268864696,11267268865220,524
11267269116061,11267269121017,4956
11267269353469,11267269354009,540
11267269582915,11267269583441,526
11267269821087,11267269821603,516
11267270055485,11267270056049,564
11267270296552,11267270297112,560
11267270538195,11267270538768,573
11267270773125,11267270773671,546
11267271011624,11267271012181,557
11267271270083,11267271270664,581
11267271513133,11267271513705,572
11267271759591,11267271760191,600
11267272005235,11267272005774,539
11267272273953,11267272274524,571
11267272526596,11267272527170,574
11267272765062,11267272765600,538
11267273002459,11267273002999,540
11267273242789,11267273243393,604
11267273482628,11267273483173,545
11267273730503,11267273731033,530
11267273966155,11267273966696,541
11267274203739,11267274204275,536
11267274461217,11267274461755,538
11267274699004,11267274699997,993
11267274941881,11267274942454,573
11267275176631,11267275177171,540
11267275424444,11267275425035,591
11267275673822,11267275674421,599
11267275919453,11267275920076,623
11267276164088,11267276164659,571
11267276400417,11267276400949,532
11267276643880,11267276644456,576
11267276882629,11267276883212,583
11267277134059,11267277134665,606
11267277366524,11267277367149,625
11267277611931,11267277612542,611
11267277850868,11267277851423,555
11267278085397,11267278085979,582
11267278324992,11267278325581,589
11267278563927,11267278564510,583
11267278826765,11267278827358,593
11267279082421,11267279083038,617
11267279329457,11267279330025,568
11267279595859,11267279596492,633
11267279844733,11267279845321,588
11267280085326,11267280085908,582
11267280321781,11267280322335,554
11267280566299,11267280566867,568
11267280803826,11267280804393,567
11267281042690,11267281043244,554
11267281274286,11267281274852,566
11267281510739,11267281511319,580
11267281745324,11267281750522,5198
11267281986715,11267281987284,569
11267282237083,11267282237614,531
11267282489388,11267282489954,566
11267282738129,11267282738698,569
11267282969506,11267282970099,593
11267283209641,11267283210209,568
11267283449898,11267283450434,536
11267283684514,11267283685084,570
11267283924513,11267283925115,602
11267284157923,11267284158499,576
11267284408442,11267284409019,577
11267284661861,11267284662454,593
11267284902622,11267284903184,562
11267285138486,11267285139049,563
11267285378673,11267285379291,618
11267285624184,11267285624762,578
11267285863745,11267285864322,577
11267286110165,11267286110759,594
11267286352575,11267286353162,587
11267286586977,11267286587515,538
11267286821265,11267286821868,603
11267287054460,11267287055037,577
11267287291463,11267287292011,548
11267287536637,11267287537213,576
11267287780240,11267287780812,572
11267288031986,11267288032547,561
11267288281456,11267288282451,995
11267288552933,11267288553550,617
11267288800223,11267288800829,606
11267289056322,11267289056871,549
11267289304604,11267289305209,605
11267289563195,11267289563780,585
11267289821446,11267289822012,566
11267290070018,11267290070650,632
11267290331332,11267290331908,576
11267290579104,11267290579650,546
11267290821316,11267290821849,533
11267291062870,11267291063436,566
11267291305027,11267291305597,570
11267291559452,11267291560047,595
11267291804876,11267291805448,572
11267292048990,11267292049611,621
11267292309253,11267292309850,597
11267292553947,11267292554499,552
11267292801057,11267292801669,612
11267293052634,11267293053229,595
11267293296290,11267293296852,562
11267293549324,11267293549910,586
11267293795457,11267293796037,580
11267294043096,11267294043681,585
11267294278511,11267294279054,543
11267294522766,11267294523316,550
11267294765272,11267294765834,562
11267295001917,11267295002492,575
11267295259161,11267295259709,548
11267295500727,11267295501262,535
11267295756077,11267295756680,603
11267296004291,11267296004864,573
11267296253280,11267296253853,573
11267296501055,11267296501619,564
11267296738686,11267296739777,1091
11267296991199,11267296991748,549
11267297236646,11267297237173,527
11267297479562,11267297480091,529
11267297719576,11267297720125,549
11267297966938,11267297967507,569
11267298208855,11267298209414,559
11267298447369,11267298447995,626
11267298702083,11267298702679,596
11267298958153,11267298958704,551
11267299207862,11267299208479,617
11267299454332,11267299454924,592
11267299705995,11267299706616,621
11267299952518,11267299953118,600
11267300206077,11267300206662,585
11267300448305,11267300448863,558
11267300709774,11267300710366,592
11267300955423,11267300956326,903
11267301205421,11267301205985,564
11267301457932,11267301458465,533
11267301703950,11267301704515,565
11267301951158,11267301951725,567
11267302196459,11267302197043,584
11267302479499,11267302480080,581
11267302735119,11267302735689,570
11267302983012,11267302983594,582
11267303220983,11267303221560,577
11267303466370,11267303466935,565
11267303714629,11267303715182,553
11267303962311,11267303962865,554
11267304213139,11267304213691,552
11267304462948,11267304463521,573
11267304716021,11267304716573,552
11267304969884,11267304970458,574
11267305251684,11267305252363,679
11267305522498,11267305523119,621
11267305806018,11267305806605,587
11267306058569,11267306059155,586
11267306307751,11267306308351,600
11267306583875,11267306584550,675
11267306851925,11267306852523,598
11267307108327,11267307108923,596
11267307375001,11267307375603,602
11267307620228,11267307620796,568
11267307871179,11267307871780,601
11267308149273,11267308149897,624
11267308413312,11267308413889,577
11267308674926,11267308675569,643
11267308961639,11267308962254,615
11267309227815,11267309228440,625
11267309495799,11267309496396,597
11267309763953,11267309764532,579
11267310020257,11267310020843,586
11267310302665,11267310303312,647
11267310565565,11267310566178,613
11267310826241,11267310826885,644
11267311120246,11267311120848,602
11267311377834,11267311378427,593
11267311641684,11267311642265,581
11267311911542,11267311912191,649
11267312167591,11267312168203,612
11267312446434,11267312447078,644
11267312726549,11267312727187,638
11267313000088,11267313000769,681
11267313261377,11267313262014,637
11267313516389,11267313517141,752
11267313791224,11267313791835,611
11267314050605,11267314051224,619
11267314315748,11267314316374,626
11267314578780,11267314579428,648
11267314856402,11267314857038,636
11267315134419,11267315135037,618
11267315362237,11267315362865,628
11267315597655,11267315598278,623
11267315825712,11267315826308,596
11267316052766,11267316053352,586
11267316328918,11267316329536,618
11267316599526,11267316600140,614
11267316892273,11267316892868,595
11267317116988,11267317117584,596
11267317338147,11267317338730,583
11267317559496,11267317560059,563
11267317777420,11267317778029,609
11267318133714,11267318134479,765
11267318481340,11267318482183,843
11267318809068,11267318809865,797
11267319149945,11267319150684,739
11267319483886,11267319484654,768
11267319807272,11267319807832,560
11267320020570,11267320021178,608
11267320229184,11267320229717,533
11267320437698,11267320438832,1134
11267320649307,11267320649880,573
11267320858747,11267320859293,546
11267321067368,11267321067951,583
11267321276201,11267321276757,556
11267321483733,11267321484307,574
11267321699428,11267321700039,611
11267321908447,11267321909028,581
11267322117022,11267322117569,547
11267322353680,11267322354243,563
11267322571639,11267322572207,568
11267322785520,11267322786106,586
11267323000192,11267323000779,587
11267323213073,11267323213663,590
11267323425362,11267323431634,6272
11267323646085,11267323646694,609
11267323865697,11267323866273,576
11267324084823,11267324085439,616
11267324306717,11267324307340,623
11267324526023,11267324526591,568
11267324745603,11267324746201,598
11267324961075,11267324961674,599
11267325177636,11267325178235,599
11267325394950,11267325395533,583
11267325624551,11267325625185,634
11267325848381,11267325849012,631
11267326068082,11267326068677,595
11267326285911,11267326286540,629
11267326506890,11267326507509,619
11267326725220,11267326725829,609
11267326945331,11267326946130,799
11267327162598,11267327163220,622
11267327379400,11267327379999,599
11267327595973,11267327596608,635
11267327813244,11267327813851,607
11267328032905,11267328033448,543
11267328256655,11267328257259,604
11267328473934,11267328474508,574
11267328688004,11267328688602,598
11267328912646,11267328913296,650
11267329131035,11267329131686,651
11267329369556,11267329370207,651
11267329623696,11267329624542,846
11267329862438,11267329863127,689
11267330084978,11267330085632,654
11267330301313,11267330301999,686
11267330517804,11267330518480,676
11267330732763,11267330733419,656
11267330947874,11267330948515,641
11267331163903,11267331164577,674
11267331380473,11267331381119,646
11267331598488,11267331599083,595
11267331816524,11267331817140,616
11267332053926,11267332054588,662
11267332293902,11267332294583,681
11267332508109,11267332508731,622
11267332717315,11267332717923,608
11267332927808,11267332928403,595
11267333136363,11267333136939,576
11267333343213,11267333343790,577
11267333561290,11267333561856,566
11267333772081,11267333772673,592
11267333979575,11267333980141,566
11267334186524,11267334187096,572
11267334392649,11267334393227,578
11267334609715,11267334610328,613
11267334817543,11267334818154,611
11267335027943,11267335028500,557
11267335238925,11267335239489,564
11267335445287,11267335445844,557
11267335658918,11267335659458,540
11267335869188,11267335869761,573
11267336076411,11267336076953,542
11267336283699,11267336284271,572
11267336490118,11267336490665,547
11267336696677,11267336697252,575
11267336903060,11267336903622,562
11267337113647,11267337114226,579
11267337324127,11267337324734,607
11267337544382,11267337544958,576
11267337755775,11267337756322,547
11267337962847,11267337963402,555
11267338168999,11267338169600,601
11267338375370,11267338376330,960
11267338583459,11267338584060,601
11267338790324,11267338790866,542
11267339014633,11267339015232,599
11267339222872,11267339223441,569
11267339428470,11267339429029,559
11267339634284,11267339634853,569
11267339838167,11267339838706,539
11267340042519,11267340043067,548
11267340245745,11267340246287,542
11267340449344,11267340449910,566
11267340654914,11267340655472,558
11267340858790,11267340859358,568
11267341063319,11267341063891,572
11267341279849,11267341280441,592
11267341484598,11267341485174,576
11267341687792,11267341688361,569
11267341892215,11267341892812,597
11267342097531,11267342098105,574
11267342310170,11267342310712,542
11267342516429,11267342517001,572
11267342721372,11267342721900,528
11267342924975,11267342925481,506
11267343127871,11267343129022,1151
11267343332900,11267343333436,536
11267343537702,11267343538265,563
11267343741645,11267343742175,530
11267343945004,11267343945521,517
11267344149312,11267344149819,507
11267344352382,11267344352923,541
11267344555423,11267344555969,546
11267344757685,11267344758261,576
11267344959014,11267344959527,513
11267345161257,11267345161819,562
11267345364665,11267345365238,573
11267345578733,11267345579328,595
11267345786180,11267345786715,535
11267345992730,11267345993273,543
11267346196073,11267346196629,556
11267346398939,11267346399436,497
11267346601097,11267346601672,575
11267346805135,11267346805681,546
11267347009585,11267347010099,514
11267347213161,11267347213686,525
11267347416944,11267347417474,530
11267347620536,11267347621052,516
11267347824523,11267347825071,548
11267348028758,11267348029314,556
11267348231507,11267348232032,525
11267348434130,11267348434658,528
11267348637742,11267348638294,552
11267348841424,11267348841999,575
11267349056317,11267349057138,821
11267349269332,11267349269853,521
11267349474246,11267349474818,572
11267349678634,11267349679142,508
11267349882125,11267349882668,543
11267350085502,11267350086019,517
11267350290985,11267350291533,548
11267350510287,11267350510846,559
11267350714371,11267350714921,550
11267350918660,11267350919183,523
11267351123751,11267351124269,518
11267351347905,11267351348445,540
11267351551497,11267351552044,547
11267351755095,11267351755584,489
11267351958414,11267351958915,501
11267352162926,11267352163432,506
11267352377719,11267352378292,573
11267352594590,11267352595167,577
11267352802949,11267352803523,574
11267353008145,11267353008687,542
11267353214022,11267353214562,540
11267353419390,11267353419915,525
11267353623870,11267353624390,520
11267353828711,11267353829279,568
11267354033547,11267354034074,527
11267354237561,11267354238192,631
11267354442850,11267354443391,541
11267354647274,11267354647775,501
11267354852920,11267354853449,529
11267355064059,11267355064567,508
11267355273879,11267355274415,536
11267355480848,11267355481377,529
11267355697372,11267355697938,566
11267355904921,11267355905494,573
11267356108197,11267356108748,551
11267356311712,11267356312285,573
11267356515788,11267356516321,533
11267356719981,11267356720525,544
11267356926790,11267356927316,526
11267357133241,11267357133789,548
11267357338105,11267357338638,533
11267357544033,11267357544570,537
11267357750635,11267357751168,533
11267357954580,11267357955365,785
11267358160065,11267358160597,532
11267358364538,11267358365081,543
11267358570600,11267358571144,544
11267358775504,11267358776029,525
11267358989969,11267358990537,568
11267359198582,11267359199103,521
11267359403356,11267359403849,493
11267359610036,11267359610569,533
11267359812337,11267359812907,570
11267360018336,11267360018899,563
11267360223136,11267360223658,522
11267360427336,11267360427882,546
11267360630576,11267360631078,502
11267360833002,11267360833540,538
11267361036648,11267361037201,553
11267361239689,11267361240221,532
11267361443254,11267361443776,522
11267361646535,11267361647064,529
11267361850216,11267361850756,540
11267362053890,11267362054433,543
11267362262431,11267362263449,1018
11267362469115,11267362469647,532
11267362673183,11267362673733,550
11267362876430,11267362876958,528
11267363080695,11267363081268,573
11267363284856,11267363285392,536
11267363487915,11267363488459,544
11267363691716,11267363692255,539
11267363895778,11267363896332,554
11267364109903,11267364110476,573
11267364331131,11267364331675,544
11267364536054,11267364536616,562
11267364740884,11267364741436,552
11267364944335,11267364944893,558
11267365149242,11267365149794,552
11267365357493,11267365358036,543
11267365566481,11267365567058,577
11267365771929,11267365772502,573
11267365977105,11267365977694,589
11267366181372,11267366181912,540
11267366386260,11267366386804,544
11267366588621,11267366589187,566
11267366791740,11267366792297,557
11267366994617,11267366995181,564
11267367208989,11267367209569,580
11267367424592,11267367425216,624
11267367645283,11267367645878,595
11267367860607,11267367861257,650
11267368075261,11267368075846,585
11267368290982,11267368291587,605
11267368506522,11267368507114,592
11267368720948,11267368721560,612
11267368943000,11267368943613,613
11267369159816,11267369160436,620
11267369374409,11267369375055,646
11267369589992,11267369591210,1218
11267369807707,11267369808345,638
11267370026883,11267370027529,646
11267370242870,11267370243491,621
11267370457875,11267370458511,636
11267370672893,11267370673498,605
11267370888728,11267370889360,632
11267371104486,11267371105142,656
11267371334901,11267371335541,640
11267371549890,11267371550510,620
11267371764932,11267371765554,622
11267371979590,11267371980218,628
11267372195192,11267372195811,619
11267372439611,11267372440234,623
11267372655546,11267372656190,644
11267372870690,11267372871340,650
11267373085806,11267373086417,611
11267373318551,11267373319197,646
11267373533108,11267373533737,629
11267373747712,11267373748346,634
11267373964585,11267373965208,623
11267374179088,11267374179723,635
11267374411347,11267374411954,607
11267374626580,11267374627208,628
11267374842823,11267374843413,590
11267375057745,11267375058349,604
11267375271066,11267375271665,599
11267375500734,11267375501342,608
11267375723858,11267375724449,591
11267375939550,11267375940168,618
11267376154277,11267376154907,630
11267376369653,11267376370272,619
11267376585231,11267376585846,615
11267376799824,11267376800465,641
11267377014566,11267377015164,598
11267377229031,11267377229660,629
11267377445407,11267377446005,598
11267377659504,11267377660094,590
11267377874793,11267377875379,586
11267378090129,11267378090750,621
11267378304563,11267378305175,612
11267378535969,11267378536561,592
11267378752042,11267378752678,636
11267378975217,11267378975863,646
11267379193283,11267379193937,654
11267379408256,11267379408885,629
11267379624015,11267379624660,645
11267379882554,11267379883223,669
11267380101241,11267380101831,590
11267380310072,11267380310712,640
11267380516557,11267380517177,620
11267380722782,11267380723415,633
11267380934438,11267380935022,584
11267381157701,11267381158370,669
11267381382856,11267381383535,679
11267381600273,11267381600885,612
11267381817193,11267381817806,613
11267382034882,11267382035509,627
11267382262545,11267382263182,637
11267382481958,11267382482891,933
11267382701129,11267382701763,634
11267382920540,11267382921190,650
11267383137686,11267383138317,631
11267383356196,11267383356834,638
11267383573628,11267383574273,645
11267383795126,11267383796045,919
11267384013330,11267384013938,608
11267384229550,11267384230163,613
11267384445907,11267384446514,607
11267384664303,11267384664911,608
11267384880716,11267384881295,579
11267385096723,11267385097319,596
11267385312090,11267385312711,621
11267385527489,11267385528123,634
11267385757132,11267385757809,677
11267385974357,11267385974987,630
11267386190576,11267386191186,610
11267386424843,11267386425474,631
11267386640223,11267386640863,640
11267386856302,11267386856893,591
11267387071416,11267387072051,635
11267387296050,11267387296630,580
11267387511091,11267387511690,599
11267387727093,11267387727682,589
11267387952910,11267387953459,549
11267388171699,11267388172292,593
11267388386963,11267388387599,636
11267388604022,11267388604609,587
11267388820271,11267388820866,595
11267389047841,11267389048475,634
11267389267377,11267389267965,588
11267389484704,11267389485333,629
11267389701501,11267389702113,612
11267389918420,11267389919025,605
11267390133895,11267390134444,549
11267390368930,11267390369591,661
11267390618702,11267390619265,563
11267390814852,11267390815532,680
11267391011627,11267391012225,598
11267391208198,11267391208785,587
11267391403079,11267391403639,560
11267391600050,11267391600626,576
11267391974828,11267391975524,696
11267392197917,11267392198579,662
11267392451867,11267392452460,593
11267392650723,11267392651300,577
11267392848259,11267392848820,561
11267393045653,11267393046240,587
11267393242749,11267393243330,581
11267393438737,11267393439284,547
11267393636324,11267393636896,572
11267393832318,11267393832840,522
11267394027647,11267394028231,584
11267394222651,11267394223250,599
11267394418908,11267394419456,548
11267394615076,11267394615620,544
11267394810800,11267394811339,539
11267395006129,11267395006672,543
11267395202297,11267395202838,541
11267395398571,11267395399126,555
11267395639600,11267395640274,674
11267395858239,11267395858928,689
11267396076972,11267396077612,640
11267396292584,11267396293222,638
11267396507247,11267396507882,635
11267396722617,11267396723207,590
11267396936845,11267396937444,599
11267397151617,11267397152253,636
11267397388285,11267397388925,640
11267397602517,11267397603134,617
11267397817109,11267397817761,652
11267398030861,11267398031463,602
11267398245012,11267398245626,614
11267398475886,11267398476448,562
11267398756404,11267398757097,693
11267399073265,11267399074102,837
11267399495208,11267399496018,810
11267399934907,11267399935596,689
11267400412081,11267400412846,765
11267400833301,11267400835727,2426
11267401184217,11267401185270,1053
11267401549420,11267401550304,884
11267401923608,11267401924514,906
11267402318380,11267402339642,21262
11267402819627,11267402820847,1220
11267403293387,11267403294923,1536
11267403839030,11267403840373,1343
11267404182602,11267404183458,856
11267404519865,11267404521123,1258
11267404835223,11267404836291,1068
11267405153718,11267405154607,889
11267405517267,11267405518542,1275
11267405952224,11267405953462,1238
11267406285675,11267406286295,620
11267406587241,11267406587989,748
11267407118608,11267407120988,2380
11267407715214,11267407716894,1680
11267408219126,11267408220455,1329
11267408562372,11267408563112,740
11267408790940,11267408791593,653
11267409023184,11267409023833,649
11267409237750,11267409238349,599
11267409449394,11267409449971,577
11267409660509,11267409661180,671
11267409870761,11267409871370,609
11267410081065,11267410081662,597
11267410306566,11267410307174,608
11267410516092,11267410516677,585
11267410725896,11267410726469,573
11267410935178,11267410935859,681
11267411145462,11267411146048,586
11267411376976,11267411377541,565
11267411585899,11267411586470,571
11267411795057,11267411795645,588
11267412003874,11267412004396,522
11267412223061,11267412223684,623
11267412458336,11267412458936,600
11267412669357,11267412669924,567
11267412882845,11267412883412,567
11267413135147,11267413135979,832
11267413448232,11267413449135,903
11267413729807,11267413730431,624
11267413983412,11267413984103,691
11267414233591,11267414234145,554
11267414488584,11267414489269,685
11267414732595,11267414733233,638
11267414977451,11267414978191,740
11267415200064,11267415200702,638
11267415431245,11267415431870,625
11267415652572,11267415653185,613
11267415864766,11267415865373,607
11267416074159,11267416074733,574
11267416282555,11267416283158,603
11267416491608,11267416492146,538
11267416699990,11267416700527,537
11267416927217,11267416927778,561
11267417135965,11267417136551,586
11267417347985,11267417348527,542
11267417572799,11267417573588,789
11267417813021,11267417813659,638
11267418046586,11267418047156,570
11267418273714,11267418274508,794
11267418504048,11267418504562,514
11267418719269,11267418719824,555
11267418969154,11267418969752,598
11267419202416,11267419202970,554
11267419450557,11267419451304,747
11267419680838,11267419681310,472
11267419891631,11267419892219,588
11267420106104,11267420106781,677
11267420316772,11267420317316,544
11267420538198,11267420538789,591
11267420747481,11267420748009,528
11267420958848,11267420959596,748
11267421212104,11267421212676,572
11267421432146,11267421432762,616
11267421644271,11267421644840,569
11267421854515,11267421855136,621
11267422064689,11267422065231,542
11267422290146,11267422290719,573
11267422508525,11267422509315,790
11267422825510,11267422826215,705
11267423051505,11267423052157,652
11267423265114,11267423265734,620
11267423484226,11267423484783,557
11267423694308,11267423694878,570
11267423901637,11267423902159,522
11267424112763,11267424113303,540
11267424329002,11267424329513,511
11267424537250,11267424537817,567
11267424743268,11267424743792,524
11267425017131,11267425017647,516
11267425265093,11267425265616,523
11267425530410,11267425531156,746
11267425772853,11267425773433,580
11267425984768,11267425985285,517
11267426192700,11267426193215,515
11267426433909,11267426434534,625
11267426672093,11267426672605,512
11267426881561,11267426882078,517
11267427099163,11267427099753,590
11267427308967,11267427309518,551
11267427552450,11267427552916,466
11267427757985,11267427758483,498
11267427965375,11267427965895,520
11267428172392,11267428172904,512
11267428378444,11267428378927,483
11267428583700,11267428584223,523
11267428789382,11267428790372,990
11267429003162,11267429003680,518
11267429211069,11267429211588,519
11267429418853,11267429419359,506
11267429631059,11267429631587,528
11267429837877,11267429838376,499
11267430042627,11267430043166,539
11267430248753,11267430249278,525
11267430452489,11267430452981,492
11267430657020,11267430657548,528
11267430863706,11267430864209,503
11267431068633,11267431069171,538
11267431271659,11267431272193,534
11267431477397,11267431477975,578
11267431682280,11267431682810,530
11267431886556,11267431887099,543
11267432092256,11267432092745,489
11267432355571,11267432356177,606
11267432590111,11267432590678,567
11267432822895,11267432823439,544
11267433028305,11267433028860,555
11267433273715,11267433274314,599
11267433493823,11267433494382,559
11267433706808,11267433707335,527
11267433918155,11267433918750,595
11267434127875,11267434128433,558
11267434358739,11267434359280,541
11267434567498,11267434568013,515
11267434774954,11267434775495,541
11267434983540,11267434984069,529
11267435191416,11267435191970,554
11267435401523,11267435402080,557
11267435621799,11267435622405,606
11267435833515,11267435834081,566
11267436040213,11267436040730,517
11267436247107,11267436247629,522
11267436463179,11267436463743,564
11267436669775,11267436670330,555
11267436875459,11267436876018,559
11267437080009,11267437080615,606
11267437285774,11267437286320,546
11267437491936,11267437492489,553
11267437698481,11267437699058,577
11267437904192,11267437904726,534
11267438109755,11267438110293,538
11267438314927,11267438315429,502
11267438519256,11267438519790,534
11267438724463,11267438725054,591
11267438939755,11267438940353,598
11267439158259,11267439158745,486
11267439378919,11267439379532,613
11267439588930,11267439589483,553
11267439794796,11267439795356,560
11267440001873,11267440002450,577
11267440215867,11267440216412,545
11267440423437,11267440423952,515
11267440631226,11267440631776,550
11267440838285,11267440838821,536
11267441060161,11267441060726,565
11267441268394,11267441268974,580
11267441475429,11267441475937,508
11267441682239,11267441682853,614
11267441889186,11267441889751,565
11267442096231,11267442096783,552
11267442309480,11267442310071,591
11267442517602,11267442518142,540
11267442724729,11267442725289,560
11267442932372,11267442933223,851
11267443140007,11267443140520,513
11267443347161,11267443347727,566
11267443553665,11267443554208,543
11267443758258,11267443758829,571
11267443963224,11267443963793,569
11267444169578,11267444170174,596
11267444393739,11267444394291,552
11267444599229,11267444599784,555
11267444804279,11267444804795,516
11267445009512,11267445010037,525
11267445214765,11267445215322,557
11267445436038,11267445436583,545
11267445647840,11267445648413,573
11267445854761,11267445855289,528
11267446060040,11267446060579,539
11267446265352,11267446265876,524
11267446472347,11267446472843,496
11267446678390,11267446678989,599
11267446884069,11267446884613,544
11267447090034,11267447090589,555
11267447295600,11267447296126,526
11267447501428,11267447501958,530
11267447707140,11267447707699,559
11267447913030,11267447913599,569
11267448119754,11267448120310,556
11267448325567,11267448326083,516
11267448530026,11267448530516,490
11267448735447,11267448736113,666
11267448946201,11267448946740,539
11267449152852,11267449153393,541
11267449359244,11267449359796,552
11267449566271,11267449566831,560
11267449771853,11267449772412,559
11267449982951,11267449983480,529
11267450210121,11267450210738,617
11267450472882,11267450473487,605
11267450703630,11267450704268,638
11267450914276,11267450914815,539
11267451125002,11267451125604,602
11267451333696,11267451334265,569
11267451542483,11267451543087,604
11267451786559,11267451787212,653
11267452068827,11267452069760,933
11267452308488,11267452309117,629
11267452554151,11267452554721,570
11267452763802,11267452764323,521
11267452971401,11267452971970,569
11267453176493,11267453177048,555
11267453380813,11267453381321,508
11267453585233,11267453585795,562
11267453788430,11267453788998,568
11267453991921,11267453992504,583
11267454196262,11267454196829,567
11267454398925,11267454399487,562
11267454602304,11267454602834,530
11267454806256,11267454806901,645
11267455009668,11267455010269,601
11267455213855,11267455214390,535
11267455416727,11267455417313,586
11267455625454,11267455625999,545
11267455828633,11267455829183,550
11267456032135,11267456032691,556
11267456235831,11267456236354,523
11267456439175,11267456439712,537
11267456642015,11267456642529,514
11267456846764,11267456847311,547
11267457050805,11267457051312,507
11267457254498,11267457255013,515
11267457457444,11267457457943,499
11267457661441,11267457661987,546
11267457863899,11267457864459,560
11267458066393,11267458066934,541
11267458270549,11267458271175,626
11267458473849,11267458474381,532
11267458676782,11267458677315,533
11267458884872,11267458885782,910
11267459091773,11267459092346,573
11267459312923,11267459313465,542
11267459516781,11267459517325,544
11267459718879,11267459719404,525
11267459922738,11267459923284,546
11267460125765,11267460126341,576
11267460343277,11267460343862,585
11267460546681,11267460547171,490
11267460750508,11267460751013,505
11267460953730,11267460954277,547
11267461164098,11267461164639,541
11267461368486,11267461369038,552
11267461572807,11267461573357,550
11267461775306,11267461775869,563
11267461978458,11267461979025,567
11267462180615,11267462181178,563
11267462390517,11267462391033,516
11267462616378,11267462616892,514
11267462821479,11267462821985,506
11267463023990,11267463024523,533
11267463226987,11267463227529,542
11267463445537,11267463446077,540
11267463647470,11267463648033,563
11267463850297,11267463850870,573
11267464055039,11267464055612,573
11267464272522,11267464273072,550
11267464477281,11267464477848,567
11267464680865,11267464681432,567
11267464884072,11267464884623,551
11267465087741,11267465088304,563
11267465290660,11267465291251,591
11267465502559,11267465503126,567
11267465710229,11267465710756,527
11267465913738,11267465914296,558
11267466116150,11267466116723,573
11267466341054,11267466341657,603
11267466546036,11267466546624,588
11267466749729,11267466750278,549
11267466959225,11267466959771,546
11267467162605,11267467163179,574
11267467366119,11267467366695,576
11267467570157,11267467570736,579
11267467773076,11267467773607,531
11267467975733,11267467976285,552
11267468177199,11267468177742,543
11267468379235,11267468379790,555
11267468584670,11267468585212,542
11267468786969,11267468787529,560
11267468999560,11267469000060,500
11267469205620,11267469206161,541
11267469410299,11267469410811,512
11267469614546,11267469615096,550
11267469818557,11267469819111,554
11267470021347,11267470021920,573
11267470224343,11267470225386,1043
11267470428445,11267470429004,559
11267470631923,11267470632501,578
11267470833881,11267470834411,530
11267471037251,11267471037776,525
11267471239878,11267471240430,552
11267471445811,11267471446416,605
11267471650867,11267471651421,554
11267471853312,11267471853875,563
11267472055522,11267472056079,557
11267472263988,11267472264591,603
11267472469995,11267472470603,608
11267472674095,11267472674666,571
11267472878182,11267472878708,526
11267473080939,11267473081467,528
11267473284009,11267473284576,567
11267473486617,11267473487143,526
11267473689608,11267473690198,590
11267473892693,11267473893314,621
11267474096161,11267474096707,546
11267474300011,11267474300571,560
11267474503862,11267474504405,543
11267474706686,11267474707212,526
11267474908737,11267474909275,538
11267475113067,11267475113595,528
11267475316432,11267475316997,565
11267475518671,11267475519185,514
11267475729149,11267475729748,599
11267475934545,11267475935114,569
11267476138264,11267476138807,543
11267476342374,11267476342918,544
11267476562326,11267476563199,873
11267476766964,11267476767569,605
11267476970521,11267476971093,572
11267477173930,11267477174485,555
11267477392322,11267477392884,562
11267477595318,11267477595886,568
11267477797735,11267477798334,599
11267478001540,11267478002102,562
11267478202771,11267478203318,547
11267478406777,11267478407309,532
11267478609111,11267478609628,517
11267478811753,11267478812313,560
11267479020388,11267479020986,598
11267479226496,11267479227070,574
11267479430945,11267479431492,547
11267479633998,11267479634531,533
11267479837476,11267479838024,548
11267480041670,11267480042235,565
11267480250619,11267480251190,571
11267480460206,11267480460812,606
11267480665639,11267480666194,555
11267480870023,11267480870606,583
11267481074297,11267481074875,578
11267481280908,11267481281461,553
11267481485961,11267481486561,600
11267481693837,11267481694418,581
11267481906199,11267481906772,573
11267482109892,11267482110468,576
11267482319318,11267482319912,594
11267482528156,11267482528719,563
11267482732593,11267482733151,558
11267482936652,11267482937231,579
11267483141029,11267483141576,547
11267483347203,11267483347772,569
11267483554270,11267483554847,577
11267483758764,11267483759272,508
11267483961489,11267483962059,570
11267484170210,11267484171187,977
11267484379075,11267484379653,578
11267484583127,11267484583696,569
11267484786738,11267484787297,559
11267484990708,11267484991248,540
11267485209127,11267485209674,547
11267485413447,11267485414053,606
11267485625737,11267485626333,596
11267485835511,11267485836097,586
11267486042950,11267486043538,588
11267486246473,11267486247037,564
11267486473607,11267486474186,579
11267486677744,11267486678319,575
11267486896893,11267486897506,613
11267487103410,11267487104006,596
11267487305784,11267487306374,590
11267487510008,11267487510630,622
11267487713221,11267487713814,593
11267487916485,11267487917081,596
11267488120984,11267488121593,609
11267488325131,11267488325699,568
11267488528717,11267488529267,550
11267488732147,11267488732714,567
11267488941903,11267488942488,585
11267489147864,11267489148448,584
11267489352131,11267489352678,547
11267489555346,11267489555864,518
11267489758465,11267489759003,538
11267489961706,11267489962267,561
11267490165246,11267490165798,552
11267490369032,11267490369583,551
11267490574815,11267490575546,731
11267490778777,11267490779352,575
11267490982213,11267490982771,558
11267491185716,11267491186399,683
11267491410846,11267491411375,529
11267491613587,11267491614141,554
11267491817096,11267491817660,564
11267492024426,11267492025011,585
11267492233297,11267492233901,604
11267492464292,11267492464876,584
11267492667594,11267492668174,580
11267492872349,11267492872924,575
11267493076338,11267493076910,572
11267493281002,11267493281627,625
11267493492096,11267493492699,603
11267493696683,11267493697257,574
11267493900848,11267493901433,585
11267494103904,11267494104495,591
11267494307787,11267494308371,584
11267494511942,11267494512506,564
11267494716080,11267494716650,570
11267494919427,11267494919989,562
11267495123212,11267495123793,581
11267495327460,11267495328027,567
11267495529825,11267495530390,565
11267495738372,11267495738920,548
11267495942818,11267495943378,560
11267496147620,11267496148153,533
11267496354327,11267496354897,570
11267496557760,11267496558344,584
11267496760012,11267496760568,556
11267496963691,11267496964219,528
11267497173464,11267497174015,551
11267497376863,11267497377427,564
11267497581497,11267497582103,606
11267497785965,11267497786541,576
11267497990813,11267497991364,551
11267498193635,11267498194483,848
11267498397784,11267498398347,563
11267498603021,11267498603594,573
11267498807475,11267498808000,525
11267499015158,11267499015735,577
11267499219947,11267499220501,554
11267499424367,11267499424936,569
11267499629616,11267499630192,576
11267499833668,11267499834235,567
11267500038764,11267500039306,542
11267500243130,11267500243677,547
11267500465324,11267500465890,566
11267500669049,11267500669616,567
11267500872586,11267500873161,575
11267501076186,11267501076749,563
11267501279811,11267501280395,584
11267501499537,11267501500066,529
11267501702594,11267501703137,543
11267501906268,11267501906844,576
11267502108819,11267502109360,541
11267502321964,11267502322541,577
11267502527300,11267502527874,574
11267502732204,11267502732749,545
11267502936279,11267502936819,540
11267503139520,11267503140063,543
11267503351074,11267503351627,553
11267503555239,11267503555771,532
11267503758434,11267503758980,546
11267503961304,11267503961859,555
11267504163159,11267504163661,502
11267504372843,11267504373373,530
11267504576793,11267504577615,822
11267504780447,11267504781024,577
11267504982753,11267504983297,544
11267505185595,11267505186144,549
11267505387687,11267505388257,570
11267505595179,11267505595738,559
11267505812706,11267505813343,637
11267506021683,11267506022248,565
11267506227459,11267506228019,560
11267506431576,11267506432127,551
11267506635774,11267506636326,552
11267506839641,11267506840175,534
11267507042782,11267507043320,538
11267507258611,11267507259129,518
11267507461432,11267507461906,474
11267507663636,11267507664150,514
11267507867068,11267507867576,508
11267508069313,11267508069826,513
11267508271427,11267508271978,551
11267508488884,11267508489393,509
11267508692533,11267508693076,543
11267508900380,11267508900921,541
11267509106301,11267509106819,518
11267509311082,11267509311595,513
11267509515939,11267509516489,550
11267509730084,11267509730685,601
11267509934663,11267509935221,558
11267510139604,11267510140169,565
11267510343172,11267510343736,564
11267510545819,11267510546380,561
11267510748678,11267510749197,519
11267510953326,11267510953833,507
11267511157845,11267511158385,540
11267511362016,11267511362527,511
11267511564934,11267511565482,548
11267511768195,11267511768720,525
11267511971171,11267511971712,541
11267512204605,11267512205146,541
11267512434354,11267512434978,624
11267512644647,11267512645227,580
11267512849129,11267512849669,540
11267513053564,11267513054141,577
11267513259560,11267513260107,547
11267513466322,11267513466870,548
11267513679416,11267513679964,548
11267513933011,11267513933856,845
11267514172292,11267514172935,643
11267514400540,11267514401045,505
11267514608843,11267514609417,574
11267514815834,11267514816417,583
11267515027898,11267515028492,594
11267515236141,11267515236725,584
11267515442378,11267515442959,581
11267515668883,11267515669468,585
11267515882196,11267515882786,590
11267516088237,11267516088805,568
11267516298295,11267516298833,538
11267516504994,11267516505549,555
11267516709214,11267516709733,519
11267516915239,11267516915763,524
11267517121246,11267517121749,503
11267517325699,11267517326246,547
11267517542606,11267517543148,542
11267517748592,11267517749145,553
11267517952753,11267517953289,536
11267518157539,11267518158694,1155
11267518362860,11267518363429,569
11267518567299,11267518567795,496
11267518770976,11267518771532,556
11267518981976,11267518982547,571
11267519186837,11267519187388,551
11267519393342,11267519393937,595
11267519599222,11267519599803,581
11267519803861,11267519804413,552
11267520008901,11267520009425,524
11267520213529,11267520214024,495
11267520419112,11267520419689,577
11267520623850,11267520624479,629
11267520829509,11267520830065,556
11267521034235,11267521034773,538
11267521238974,11267521239516,542
11267521442532,11267521443092,560
11267521646641,11267521647175,534
11267521851739,11267521852322,583
11267522057153,11267522057688,535
11267522266797,11267522267360,563
11267522471787,11267522472343,556
11267522676033,11267522676609,576
11267522880605,11267522881153,548
11267523090110,11267523090669,559
11267523297082,11267523298128,1046
11267523503771,11267523504319,548
11267523708841,11267523709377,536
11267523912678,11267523913237,559
11267524116498,11267524117043,545
11267524320646,11267524321188,542
11267524524858,11267524525416,558
11267524730414,11267524730946,532
11267524935195,11267524935703,508
11267525138277,11267525138750,473
11267525342484,11267525342990,506
11267525553230,11267525553781,551
11267525759762,11267525760342,580
11267525965557,11267525966099,542
11267526170343,11267526170883,540
11267526374962,11267526375505,543
11267526580092,11267526580627,535
11267526785285,11267526785825,540
11267526988897,11267526989424,527
11267527196665,11267527197189,524
11267527408615,11267527409171,556
11267527614500,11267527615020,520
11267527819237,11267527819757,520
11267528023800,11267528024328,528
11267528227733,11267528228273,540
11267528430816,11267528431399,583
11267528635329,11267528635880,551
11267528840537,11267528841068,531
11267529050552,11267529051108,556
11267529258216,11267529258763,547
11267529462547,11267529463082,535
11267529667299,11267529667852,553
11267529873636,11267529874192,556
11267530079780,11267530080319,539
11267530285529,11267530286089,560
11267530490583,11267530491125,542
11267530695903,11267530696426,523
11267530901311,11267530901867,556
11267531107532,11267531108107,575
11267531319393,11267531319952,559
11267531523264,11267531523825,561
11267531727503,11267531728052,549
11267531931122,11267531931673,551
11267532135000,11267532135870,870
11267532346759,11267532347269,510
11267532560636,11267532561164,528
11267532775100,11267532775674,574
11267532982401,11267532982951,550
11267533187006,11267533187600,594
11267533394383,11267533394949,566
11267533598763,11267533599324,561
11267533804034,11267533804587,553
11267534010173,11267534010725,552
11267534213651,11267534214190,539
11267534417336,11267534417883,547
11267534621787,11267534622321,534
11267534827162,11267534827689,527
11267535032401,11267535032885,484
11267535236359,11267535236877,518
11267535441220,11267535441784,564
11267535649921,11267535650488,567
11267535856730,11267535857304,574
11267536060480,11267536061089,609
11267536266369,11267536266976,607
11267536472137,11267536472711,574
11267536676437,11267536676965,528
11267536880070,11267536880623,553
11267537085162,11267537085675,513
11267537297928,11267537298455,527
11267537502954,11267537503828,874
11267537708490,11267537709031,541
11267537912656,11267537913208,552
11267538115980,11267538116509,529
11267538328683,11267538329245,562
11267538531833,11267538532406,573
11267538735469,11267538736022,553
11267538945945,11267538946542,597
11267539151831,11267539152384,553
11267539354564,11267539355116,552
11267539559364,11267539559901,537
11267539762349,11267539762887,538
11267539966107,11267539966664,557
11267540170399,11267540170926,527
11267540374049,11267540374584,535
11267540578114,11267540578664,550
11267540782694,11267540783263,569
11267540988278,11267540988828,550
11267541192704,11267541193212,508
11267541397724,11267541398231,507
11267541601266,11267541601758,492
11267541804673,11267541805206,533
11267542007999,11267542008539,540
11267542217057,11267542217615,558
11267542427792,11267542428329,537
11267542633679,11267542634228,549
11267542838215,11267542838761,546
11267543043521,11267543044058,537
11267543246977,11267543247498,521
11267543457057,11267543457584,527
11267543663184,11267543663676,492
11267543867075,11267543867632,557
11267544071727,11267544072280,553
11267544275466,11267544276019,553
11267544486563,11267544487064,501
11267544691183,11267544691681,498
11267544895883,11267544896423,540
11267545099154,11267545099688,534
11267545304936,11267545305432,496
11267545509952,11267545510455,503
11267545719031,11267545719561,530
11267545924412,11267545924957,545
11267546128326,11267546128819,493
11267546347265,11267546347781,516
11267546552384,11267546552881,497
11267546756707,11267546757201,494
11267546961345,11267546961874,529
11267547166313,11267547166812,499
11267547370505,11267547371044,539
11267547576200,11267547576704,504
11267547780922,11267547781436,514
11267547986223,11267547987055,832
11267548194643,11267548195183,540
11267548416505,11267548417030,525
11267548621094,11267548621634,540
11267548826032,11267548826536,504
11267549035572,11267549036096,524
11267549240865,11267549241383,518
11267549445405,11267549445961,556
11267549650546,11267549651053,507
11267549854139,11267549854636,497
11267550057937,11267550058455,518
11267550262554,11267550263077,523
11267550468249,11267550468746,497
11267550673097,11267550673583,486
11267550879007,11267550879529,522
11267551083222,11267551083713,491
11267551286972,11267551287495,523
11267551491380,11267551491877,497
11267551695961,11267551696815,854
11267551900929,11267551901421,492
11267552107101,11267552107930,829
11267552338557,11267552339108,551
11267552544612,11267552545161,549
11267552749999,11267552750513,514
11267552954338,11267552954836,498
11267553158391,11267553158894,503
11267553363063,11267553363572,509
11267553580441,11267553580951,510
11267553785405,11267553785940,535
11267553994292,11267553994825,533
11267554200059,11267554200609,550
11267554417301,11267554417835,534
11267554622607,11267554623081,474
11267554826530,11267554827053,523
11267555031077,11267555031588,511
11267555235656,11267555236143,487
11267555462072,11267555462623,551
11267555675202,11267555675751,549
11267555883477,11267555884058,581
11267556095191,11267556095752,561
11267556303429,11267556303960,531
11267556511853,11267556512353,500
11267556721561,11267556722102,541
11267556929487,11267556930037,550
11267557137880,11267557138435,555
11267557346346,11267557346883,537
11267557561690,11267557562250,560
11267557768264,11267557768801,537
11267557976509,11267557977078,569
11267558183089,11267558183651,562
11267558393472,11267558394007,535
11267558605277,11267558605802,525
11267558815218,11267558815773,555
11267559029591,11267559030123,532
11267559237472,11267559238004,532
11267559445250,11267559445822,572
11267559655904,11267559656441,537
11267559868490,11267559868997,507
11267560078635,11267560079140,505
11267560285418,11267560285920,502
11267560509852,11267560510386,534
11267560720000,11267560720513,513
11267560928368,11267560929156,788
11267561135770,11267561136331,561
11267561373373,11267561373946,573
11267561582702,11267561583263,561
11267561788510,11267561789082,572
11267561998695,11267561999274,579
11267562210380,11267562210999,619
11267562420185,11267562420763,578
11267562627651,11267562628210,559
11267562834872,11267562835466,594
11267563043533,11267563044099,566
11267563268266,11267563268817,551
11267563477396,11267563477991,595
11267563685387,11267563685917,530
11267563895140,11267563895674,534
11267564102013,11267564102556,543
11267564311076,11267564311623,547
11267564525460,11267564526034,574
11267564731429,11267564731951,522
11267564936493,11267564937125,632
11267565163623,11267565164266,643
11267565395991,11267565396650,659
11267565617925,11267565618530,605
11267565828350,11267565828915,565
11267566034704,11267566035261,557
11267566239804,11267566240383,579
11267566479101,11267566479674,573
11267566722491,11267566723145,654
11267567003191,11267567003842,651
11267567258375,11267567258982,607
11267567477513,11267567478076,563
11267567687855,11267567688417,562
11267567895530,11267567896117,587
11267568103965,11267568104546,581
11267568311311,11267568311890,579
11267568519749,11267568520323,574
11267568727101,11267568727692,591
11267568940778,11267568941329,551
11267569148634,11267569149182,548
11267569355022,11267569355542,520
11267569578170,11267569578732,562
11267569784187,11267569784727,540
11267569989245,11267569989794,549
11267570196618,11267570197167,549
11267570401840,11267570402388,548
11267570606355,11267570606896,541
11267570813993,11267570814537,544
11267571024240,11267571024792,552
11267571237008,11267571237551,543
11267571477919,11267571478459,540
11267571691278,11267571691856,578
11267571899285,11267571899827,542
11267572105663,11267572106206,543
11267572316534,11267572317083,549
11267572524850,11267572525730,880
11267572734903,11267572735463,560
11267572941421,11267572941976,555
11267573155991,11267573156547,556
11267573362678,11267573363207,529
11267573571890,11267573572414,524
11267573781355,11267573781934,579
11267573987846,11267573988383,537
11267574194041,11267574194539,498
11267574412359,11267574412907,548
11267574618579,11267574619135,556
11267574824258,11267574824829,571
11267575030453,11267575030991,538
11267575245800,11267575246330,530
11267575473066,11267575473606,540
11267575684906,11267575685464,558
11267575893386,11267575893950,564
11267576102209,11267576102729,520
11267576308389,11267576308895,506
11267576514842,11267576515397,555
11267576723319,11267576723909,590
11267576928716,11267576929313,597
11267577135120,11267577135697,577
11267577340871,11267577341400,529
11267577549248,11267577549777,529
11267577755458,11267577756022,564
11267577962810,11267577963370,560
11267578171041,11267578171612,571
11267578403915,11267578404490,575
11267578609078,11267578609680,602
11267578814501,11267578815096,595
11267579037155,11267579037740,585
11267579246936,11267579247504,568
11267579471352,11267579471891,539
11267579682036,11267579682599,563
11267579889423,11267579889991,568
11267580099060,11267580099641,581
11267580306704,11267580307274,570
11267580514192,11267580514766,574
11267580721847,11267580722396,549
11267580929832,11267580930383,551
11267581136910,11267581137447,537
11267581343527,11267581344064,537
11267581551490,11267581552048,558
11267581759331,11267581759874,543
11267581966388,11267581966930,542
11267582175149,11267582175724,575
11267582385592,11267582386143,551
11267582597044,11267582597585,541
11267582805346,11267582805894,548
11267583012403,11267583012974,571
11267583231618,11267583232603,985
11267583438947,11267583439523,576
11267583648588,11267583649576,988
11267583871067,11267583871840,773
11267584080791,11267584081404,613
11267584287753,11267584288328,575
11267584511508,11267584512064,556
11267584722198,11267584722724,526
11267584930061,11267584930623,562
11267585138811,11267585139358,547
11267585348325,11267585348849,524
11267585563524,11267585564093,569
11267585773901,11267585774465,564
11267585985205,11267585985782,577
11267586192033,11267586192598,565
11267586398864,11267586399392,528
11267586620747,11267586621509,762
11267586826176,11267586826864,688
11267587034794,11267587035322,528
11267587243518,11267587244771,1253
11267587466797,11267587467360,563
11267587672526,11267587673042,516
11267587879947,11267587880465,518
11267588088083,11267588088624,541
11267588294659,11267588295189,530
11267588511422,11267588512215,793
11267588716569,11267588717195,626
11267588929529,11267588930109,580
11267589136627,11267589137162,535
11267589362482,11267589363024,542
11267589571842,11267589572375,533
11267589778479,11267589779010,531
11267589985203,11267589985712,509
11267590191418,11267590191942,524
11267590410470,11267590410973,503
11267590618233,11267590618733,500
11267590823724,11267590824239,515
11267591032181,11267591032662,481
11267591240127,11267591240717,590
11267591448677,11267591449217,540
11267591655458,11267591655999,541
11267591864557,11267591865088,531
11267592072159,11267592072724,565
11267592313325,11267592313866,541
11267592528969,11267592529582,613
11267592739391,11267592740045,654
11267592946710,11267592947254,544
11267593152700,11267593153278,578
11267593360054,11267593360609,555
11267593567888,11267593568416,528
11267593777359,11267593777915,556
11267593981997,11267593982589,592
11267594191114,11267594191672,558
11267594400455,11267594400997,542
11267594608187,11267594608752,565
11267594815226,11267594815738,512
11267595019886,11267595020391,505
11267595224219,11267595224805,586
11267595436362,11267595436900,538
11267595649633,11267595650447,814
11267595854847,11267595855500,653
11267596059755,11267596060334,579
11267596265265,11267596265818,553
11267596472928,11267596473457,529
11267596680723,11267596681478,755
11267596884870,11267596885448,578
11267597092124,11267597092656,532
11267597299559,11267597300101,542
11267597509323,11267597509857,534
11267597715578,11267597716156,578
11267597922135,11267597923291,1156
11267598127816,11267598128419,603
11267598336564,11267598337127,563
11267598543307,11267598543877,570
11267598752380,11267598752966,586
11267598965856,11267598966589,733
11267599173184,11267599173863,679
11267599386563,11267599387149,586
11267599591983,11267599592521,538
11267599796884,11267599797430,546
11267600000333,11267600001052,719
11267600204477,11267600205076,599
11267600425990,11267600426748,758
11267600629879,11267600630468,589
11267600836832,11267600837401,569
11267601042597,11267601043348,751
11267601246435,11267601247003,568
11267601486809,11267601487527,718
11267601728210,11267601729009,799
11267601960997,11267601961921,924
11267602184072,11267602184779,707
11267602451940,11267602452589,649
11267602672878,11267602673559,681
11267602892197,11267602892845,648
11267603110227,11267603111027,800
11267603377744,11267603378495,751
11267603616647,11267603617346,699
11267603835653,11267603836236,583
11267604065239,11267604066163,924
11267604309418,11267604310073,655
11267604565826,11267604566465,639
11267604792033,11267604792684,651
11267605011732,11267605012943,1211
11267605240308,11267605240957,649
11267605487543,11267605488318,775
11267605727260,11267605727942,682
11267605962071,11267605962981,910
11267606295613,11267606296610,997
11267606654924,11267606656027,1103
11267607004351,11267607005812,1461
11267607436014,11267607437157,1143
11267607844891,11267607845715,824
11267608225046,11267608226344,1298
11267608590426,11267608591422,996
11267608940752,11267608941665,913
11267609236262,11267609236935,673
11267609589324,11267609590329,1005
11267609891981,11267609892627,646
11267610146793,11267610147423,630
11267610418236,11267610418989,753
11267610645857,11267610646444,587
11267610886632,11267610887609,977
11267611129180,11267611129831,651
11267611384777,11267611385465,688
11267611616442,11267611617407,965
11267611837818,11267611838466,648
11267612060444,11267612061197,753
11267612323335,11267612324060,725
11267612575268,11267612575828,560
11267612816622,11267612817240,618
11267613052894,11267613053476,582
11267613267703,11267613268271,568
11267613508343,11267613509170,827
11267613717338,11267613717959,621
11267613927951,11267613928637,686
11267614148001,11267614148570,569
11267614381897,11267614382500,603
11267614598709,11267614599447,738
11267614809080,11267614809717,637
11267615020741,11267615021279,538
11267615231959,11267615232505,546
11267615453792,11267615454371,579
11267615689580,11267615690173,593
11267616050525,11267616051644,1119
11267616368293,11267616369193,900
11267616726498,11267616727875,1377
11267617120526,11267617121363,837
11267617535408,11267617536252,844
11267617793763,11267617794626,863
11267618012854,11267618013522,668
11267618232355,11267618233063,708
11267618462058,11267618462758,700
11267618757453,11267618758314,861
11267619044432,11267619045099,667
11267619287837,11267619288500,663
11267619501140,11267619501922,782
11267619710820,11267619711419,599
11267619921528,11267619922127,599
11267620130314,11267620130881,567
11267620338934,11267620339535,601
11267620561000,11267620561557,557
11267620779010,11267620779569,559
11267621025136,11267621025824,688
11267621285599,11267621286200,601
11267621542555,11267621543125,570
11267621798462,11267621799308,846
11267622055115,11267622055636,521
11267622332360,11267622333387,1027
11267622578640,11267622579251,611
11267622818810,11267622819695,885
11267623067240,11267623067946,706
11267623317958,11267623318720,762
11267623565185,11267623565876,691
11267623797927,11267623798801,874
11267624013609,11267624014261,652
11267624236762,11267624237451,689
11267624465431,11267624465972,541
11267624711284,11267624711946,662
11267624933147,11267624933750,603
11267625148341,11267625149102,761
11267625363191,11267625363794,603
11267625608532,11267625609305,773
11267625823339,11267625823989,650
11267626035236,11267626035869,633
11267626249777,11267626250342,565
11267626458313,11267626458868,555
11267626669367,11267626670148,781
11267626985542,11267626986196,654
11267627257444,11267627258307,863
11267627487509,11267627488190,681
11267627699923,11267627700546,623
11267627912331,11267627912955,624
11267628124546,11267628125324,778
11267628335208,11267628335854,646
11267628546095,11267628546833,738
11267628756720,11267628757259,539
11267628982242,11267628982867,625
11267629211404,11267629212156,752
11267629544970,11267629545716,746
11267629775791,11267629776412,621
11267629988524,11267629989127,603
11267630223381,11267630224193,812
11267630433557,11267630434143,586
11267630643255,11267630643860,605
11267630850821,11267630851475,654
11267631093969,11267631094687,718
11267631302281,11267631303004,723
11267631510052,11267631510764,712
11267631715137,11267631715741,604
11267631920342,11267631920917,575
11267632125596,11267632126305,709
11267632407993,11267632409114,1121
11267632622133,11267632622746,613
11267632831427,11267632832232,805
11267633035517,11267633036108,591
11267633253930,11267633254596,666
11267633466110,11267633466693,583
11267633671943,11267633672631,688
11267633879278,11267633879894,616
11267634085110,11267634085723,613
11267634289814,11267634290554,740
11267634493616,11267634494230,614
11267634698458,11267634699021,563
11267634904564,11267634905324,760
11267635110185,11267635110785,600
11267635314393,11267635315162,769
11267635519143,11267635519775,632
11267635734033,11267635734836,803
11267635939617,11267635940233,616
11267636145285,11267636145990,705
11267636349570,11267636350181,611
11267636555263,11267636555982,719
11267636761918,11267636762526,608
11267636968417,11267636969113,696
11267637173871,11267637174467,596
11267637380347,11267637381045,698
11267637584094,11267637584710,616
11267637789944,11267637790503,559
11267637994356,11267637995059,703
11267638199030,11267638199629,599
11267638406387,11267638407086,699
11267638612575,11267638613133,558
11267638819281,11267638819973,692
11267639100338,11267639101075,737
11267639388992,11267639389628,636
11267639621910,11267639622569,659
11267639831059,11267639831855,796
11267640038252,11267640038895,643
11267640257755,11267640258511,756
11267640463156,11267640463844,688
11267640672119,11267640672721,602
11267640878945,11267640879654,709
11267641085840,11267641086494,654
11267641308436,11267641309134,698
11267641542802,11267641543462,660
11267641754158,11267641754796,638
11267641960411,11267641961137,726
11267642165983,11267642166603,620
11267642385028,11267642385902,874
11267642595538,11267642596175,637
11267642799755,11267642800384,629
11267643005098,11267643005687,589
11267643209200,11267643209837,637
11267643413891,11267643414626,735
11267643616813,11267643617452,639
11267643821605,11267643822366,761
11267644024654,11267644025270,616
11267644229264,11267644230048,784
11267644430639,11267644431242,603
11267644635249,11267644635998,749
11267644836632,11267644837258,626
11267645040312,11267645040899,587
11267645244228,11267645244844,616
11267645447543,11267645448144,601
11267645674787,11267645675604,817
11267645888195,11267645888844,649
11267646097087,11267646097720,633
11267646310645,11267646311443,798
11267646514297,11267646514997,700
11267646720613,11267646721387,774
11267646924831,11267646925478,647
11267647166336,11267647167243,907
11267647391141,11267647391822,681
11267647599390,11267647600055,665
11267647804749,11267647805354,605
11267648011241,11267648011908,667
11267648217941,11267648218612,671
11267648430448,11267648431234,786
11267648634055,11267648634696,641
11267648840493,11267648841120,627
11267649059012,11267649059773,761
11267649272950,11267649273596,646
11267649485314,11267649485981,667
11267649691957,11267649692705,748
11267649897015,11267649897672,657
11267650107408,11267650108129,721
11267650318450,11267650319031,581
11267650525341,11267650525952,611
11267650735162,11267650736600,1438
11267650942522,11267650943135,613
11267651151729,11267651152517,788
11267651357233,11267651357785,552
11267651564497,11267651565267,770
11267651771425,11267651772049,624
11267651977184,11267651978034,850
11267652185908,11267652186474,566
11267652403479,11267652404094,615
11267652614412,11267652615217,805
11267652818496,11267652819098,602
11267653024676,11267653025271,595
11267653231762,11267653232324,562
11267653438576,11267653439816,1240
11267653660537,11267653661117,580
11267653872349,11267653873124,775
11267654079169,11267654079759,590
11267654288948,11267654289728,780
11267654497145,11267654497716,571
11267654707239,11267654708029,790
11267654922524,11267654923145,621
11267655131956,11267655132734,778
11267655337387,11267655338019,632
11267655548034,11267655548791,757
11267655754751,11267655755382,631
11267655965065,11267655965689,624
11267656175273,11267656176334,1061
11267656384036,11267656384669,633
11267656591580,11267656592286,706
11267656796782,11267656797358,576
11267657003137,11267657003879,742
11267657210535,11267657211109,574
11267657416563,11267657417310,747
11267657625403,11267657626006,603
11267657835059,11267657835764,705
11267658039811,11267658040392,581
11267658248083,11267658248792,709
11267658451891,11267658452486,595
11267658659137,11267658659863,726
11267658863383,11267658864325,942
11267659078999,11267659079744,745
11267659289762,11267659290381,619
11267659499094,11267659499707,613
11267659706169,11267659706761,592
11267659913480,11267659914061,581
11267660121116,11267660121744,628
11267660331013,11267660331628,615
11267660539662,11267660540229,567
11267660746072,11267660746606,534
11267660955865,11267660956612,747
11267661162491,11267661163102,611
11267661369235,11267661369791,556
11267661576326,11267661577190,864
11267661783856,11267661784416,560
11267661991925,11267661992665,740
11267662199534,11267662200137,603
11267662419084,11267662419838,754
11267662629572,11267662630186,614
11267662838237,11267662838862,625
11267663048507,11267663049118,611
11267663255686,11267663256421,735
11267663462043,11267663462661,618
11267663671065,11267663671786,721
11267663878757,11267663879344,587
11267664085511,11267664086209,698
11267664293543,11267664294351,808
11267664503528,11267664504179,651
11267664707672,11267664708257,585
11267664912985,11267664913712,727
11267665116549,11267665117146,597
11267665320813,11267665321524,711
11267665524082,11267665524707,625
11267665739284,11267665739879,595
11267665943748,11267665944342,594
11267666148498,11267666149182,684
11267666352211,11267666352875,664
11267666559788,11267666560433,645
11267666766708,11267666767418,710
11267666971903,11267666972681,778
11267667179728,11267667180339,611
11267667386638,11267667387223,585
11267667595065,11267667595635,570
11267667799056,11267667799778,722
11267668003305,11267668003909,604
11267668211471,11267668212106,635
11267668420485,11267668421232,747
11267668623278,11267668623913,635
11267668829261,11267668829992,731
11267669039644,11267669040270,626
11267669247193,11267669247804,611
11267669453369,11267669454215,846
11267669658528,11267669659433,905
11267669868483,11267669869249,766
11267670079929,11267670080556,627
11267670286791,11267670287397,606
11267670491864,11267670492450,586
11267670698179,11267670698780,601
11267670902347,11267670902984,637
11267671113745,11267671114506,761
11267671322277,11267671322873,596
11267671533543,11267671534090,547
11267671740171,11267671740718,547
11267671949656,11267671950219,563
11267672158601,11267672159369,768
11267672372492,11267672373438,946
11267672582017,11267672582580,563
11267672789420,11267672790172,752
11267672994734,11267672995294,560
11267673204179,11267673204740,561
11267673413954,11267673414478,524
11267673621926,11267673622725,799
11267673828727,11267673829340,613
11267674037275,11267674038025,750
11267674245996,11267674246595,599
11267674457625,11267674458204,579
11267674668201,11267674668768,567
11267674877677,11267674878368,691
11267675083398,11267675083997,599
11267675290908,11267675291464,556
11267675497655,11267675498354,699
11267675708192,11267675708767,575
11267675919820,11267675920376,556
11267676128845,11267676129567,722
11267676333042,11267676333610,568
11267676543728,11267676544270,542
11267676762530,11267676763295,765
11267676970126,11267676970704,578
11267677180696,11267677181444,748
11267677387324,11267677387905,581
11267677598794,11267677599540,746
11267677803876,11267677804451,575
11267678009015,11267678009733,718
11267678213838,11267678214374,536
11267678418132,11267678418727,595
11267678624235,11267678624802,567
11267678830064,11267678830625,561
11267679040349,11267679040904,555
11267679246105,11267679246722,617
11267679453979,11267679454618,639
11267679659063,11267679659633,570
11267679864176,11267679864910,734
11267680067475,11267680068066,591
11267680274221,11267680274985,764
11267680477672,11267680478282,610
11267680686128,11267680686676,548
11267680890306,11267680890868,562
11267681098159,11267681098717,558
11267681303496,11267681304237,741
11267681509564,11267681510144,580
11267681715807,11267681716613,806
11267681919324,11267681919942,618
11267682126873,11267682127452,579
11267682337979,11267682338589,610
11267682545382,11267682546152,770
11267682747868,11267682748461,593
11267682955103,11267682955838,735
11267683157109,11267683157700,591
11267683361812,11267683362392,580
11267683565434,11267683565941,507
11267683770556,11267683771273,717
11267683973641,11267683974179,538
11267684180671,11267684181223,552
11267684398616,11267684399179,563
11267684604001,11267684604770,769
11267684807743,11267684808304,561
11267685014039,11267685014768,729
11267685222552,11267685223158,606
11267685433070,11267685433670,600
11267685646045,11267685646770,725
11267685856670,11267685857287,617
11267686065080,11267686065718,638
11267686283146,11267686283724,578
11267686491023,11267686491794,771
11267686699977,11267686700605,628
11267686910680,11267686911248,568
11267687116719,11267687117329,610
11267687334659,11267687335272,613
11267687545992,11267687546588,596
11267687754557,11267687755347,790
11267687963016,11267687963600,584
11267688174211,11267688174776,565
11267688396781,11267688397547,766
11267688603659,11267688604271,612
11267688809764,11267688810944,1180
11267689019630,11267689020233,603
11267689227462,11267689228048,586
11267689434078,11267689434641,563
11267689641304,11267689642038,734
11267689845366,11267689845971,605
11267690050943,11267690051728,785
11267690267709,11267690268316,607
11267690476115,11267690476837,722
11267690681000,11267690681629,629
11267690887710,11267690888479,769
11267691095582,11267691096193,611
11267691315805,11267691316373,568
11267691525074,11267691525807,733
11267691729912,11267691730515,603
11267691938642,11267691939361,719
11267692147187,11267692147779,592
11267692395251,11267692396005,754
11267692603454,11267692604041,587
11267692813671,11267692814302,631
11267693022422,11267693023001,579
11267693231722,11267693232435,713
11267693453649,11267693454235,586
11267693663035,11267693663637,602
11267693868446,11267693869027,581
11267694077979,11267694078546,567
11267694287171,11267694287778,607
11267694494089,11267694494648,559
11267694702257,11267694702964,707
11267694906818,11267694907454,636
11267695116320,11267695116892,572
11267695325307,11267695325872,565
11267695530360,11267695531079,719
11267695744630,11267695745593,963
11267695956172,11267695956727,555
11267696164308,11267696164851,543
11267696384328,11267696385047,719
11267696590717,11267696591290,573
11267696799734,11267696800337,603
11267697010638,11267697011250,612
11267697218028,11267697218573,545
11267697440481,11267697441189,708
11267697645110,11267697645722,612
11267697853152,11267697853702,550
11267698063355,11267698064067,712
11267698268627,11267698269228,601
11267698492028,11267698492616,588
11267698717550,11267698718363,813
11267698956781,11267698957463,682
11267699180845,11267699181470,625
11267699413682,11267699414490,808
11267699632381,11267699633034,653
11267699852189,11267699852817,628
11267700079496,11267700080268,772
11267700297988,11267700298613,625
11267700532352,11267700533184,832
11267700759956,11267700760620,664
11267700979337,11267700979927,590
11267701196772,11267701197549,777
11267701413003,11267701413719,716
11267701631832,11267701632615,783
11267701848009,11267701848664,655
11267702064925,11267702065543,618
11267702292399,11267702293210,811
11267702509901,11267702510579,678
11267702755423,11267702756216,793
11267702972722,11267702973420,698
11267703189612,11267703190403,791
11267703404264,11267703404924,660
11267703619010,11267703619624,614
11267703834192,11267703834959,767
11267704047502,11267704048161,659
11267704264708,11267704265458,750
11267704478988,11267704479682,694
11267704693896,11267704694557,661
11267704908642,11267704909406,764
11267705121592,11267705122262,670
11267705335601,11267705336367,766
11267705556567,11267705557214,647
11267705775563,11267705776187,624
11267705993497,11267705994247,750
11267706209284,11267706209933,649
11267706431293,11267706432090,797
11267706646375,11267706647025,650
11267706861870,11267706862574,704
11267707076682,11267707077328,646
11267707303891,11267707304522,631
11267707518020,11267707518757,737
11267707730913,11267707731563,650
11267707944545,11267707945199,654
11267708158547,11267708159136,589
11267708371796,11267708372412,616
11267708589566,11267708590201,635
11267708804063,11267708804814,751
11267709023071,11267709023774,703
11267709241195,11267709242049,854
11267709456252,11267709456968,716
11267709674803,11267709675421,618
11267709890555,11267709891178,623
11267710104632,11267710105392,760
11267710321912,11267710322574,662
11267710537054,11267710537809,755
11267710748783,11267710749433,650
11267710963715,11267710964453,738
11267711175875,11267711176498,623
11267711390285,11267711390881,596
11267711604247,11267711605008,761
11267711817266,11267711817933,667
11267712030062,11267712030667,605
11267712252924,11267712253588,664
11267712470333,11267712471097,764
11267712685552,11267712686211,659
11267712901252,11267712902017,765
11267713114735,11267713115364,629
11267713355980,11267713356715,735
11267713568303,11267713568948,645
11267713783143,11267713784349,1206
11267713996336,11267713997039,703
11267714211202,11267714211934,732
11267714449652,11267714450303,651
11267714664539,11267714665075,536
11267714879192,11267714879957,765
11267715091363,11267715092013,650
11267715305854,11267715306459,605
11267715518830,11267715519570,740
11267715741221,11267715741924,703
11267715957814,11267715958464,650
11267716173126,11267716173941,815
11267716387403,11267716388065,662
11267716604092,11267716604943,851
11267716823431,11267716824080,649
11267717040448,11267717041255,807
11267717268525,11267717269120,595
11267717484366,11267717485006,640
11267717698564,11267717699391,827
11267717909034,11267717909696,662
11267718123184,11267718123771,587
11267718349871,11267718350649,778
11267718562521,11267718563171,650
11267718777807,11267718778567,760
11267719000703,11267719001392,689
11267719231033,11267719231700,667
11267719449104,11267719449820,716
11267719665986,11267719666809,823
11267719880915,11267719881562,647
11267720095348,11267720095961,613
11267720309464,11267720310268,804
11267720522021,11267720522651,630
11267720737234,11267720737875,641
11267720952188,11267720952830,642
11267721166863,11267721167648,785
11267721379306,11267721379952,646
11267721594118,11267721594910,792
11267721807676,11267721808329,653
11267722022250,11267722022897,647
11267722246555,11267722247206,651
11267722491015,11267722491658,643
11267722708411,11267722709069,658
11267722923655,11267722924506,851
11267723138634,11267723139308,674
11267723354606,11267723379760,25154
11267723595326,11267723596154,828
11267723809991,11267723810633,642
11267724032184,11267724032760,576
11267724255356,11267724256190,834
11267724469433,11267724470045,612
11267724685070,11267724685695,625
11267724900355,11267724900978,623
11267725119287,11267725119920,633
11267725333857,11267725334696,839
11267725557213,11267725557883,670
11267725776001,11267725776664,663
11267725993739,11267725994616,877
11267726208827,11267726209516,689
11267726425566,11267726426174,608
11267726640929,11267726641756,827
11267726854830,11267726855448,618
11267727069111,11267727069740,629
11267727298962,11267727299543,581
11267727513760,11267727514389,629
11267727727391,11267727728257,866
11267727941744,11267727942431,687
11267728156363,11267728157028,665
11267728379977,11267728380611,634
11267728594978,11267728595797,819
11267728808811,11267728809477,666
11267729030998,11267729031804,806
11267729244835,11267729245478,643
11267729464192,11267729465060,868
11267729676493,11267729677449,956
11267729893032,11267729893674,642
11267730107844,11267730108658,814
11267730334649,11267730335292,643
11267730549102,11267730549765,663
11267730763722,11267730764351,629
11267730976378,11267730976984,606
11267731189497,11267731190062,565
11267731402818,11267731403620,802
11267731614887,11267731615502,615
11267731829416,11267731830042,626
11267732042581,11267732043206,625
11267732265047,11267732265692,645
11267732493443,11267732494343,900
11267732714920,11267732715538,618
11267732931407,11267732932228,821
11267733145624,11267733146261,637
11267733379003,11267733379886,883
11267733595015,11267733595841,826
11267733807298,11267733807934,636
11267734021049,11267734021875,826
11267734234607,11267734235217,610
11267734451106,11267734451731,625
11267734665289,11267734665909,620
11267734879663,11267734880473,810
11267735092286,11267735092906,620
11267735306495,11267735307313,818
11267735534907,11267735535506,599
11267735776367,11267735777028,661
11267735992278,11267735993132,854
11267736206037,11267736206681,644
11267736439492,11267736440273,781
11267736655025,11267736655705,680
11267736872164,11267736872797,633
11267737088766,11267737089542,776
11267737319720,11267737320357,637
11267737535463,11267737536245,782
11267737747463,11267737748105,642
11267737961953,11267737962584,631
11267738176552,11267738177297,745
11267738405700,11267738406377,677
11267738621093,11267738621741,648
11267738835435,11267738836194,759
11267739057767,11267739058453,686
11267739275954,11267739276543,589
11267739492684,11267739493452,768
11267739708464,11267739709170,706
11267739925842,11267739926484,642
11267740141693,11267740142316,623
11267740357698,11267740358460,762
11267740571974,11267740572616,642
11267740786889,11267740787512,623
11267741003576,11267741004367,791
11267741216989,11267741217632,643
11267741443128,11267741443891,763
11267741656947,11267741657604,657
11267741872067,11267741873074,1007
11267742087499,11267742088137,638
11267742308320,11267742308982,662
11267742527394,11267742528036,642
11267742744401,11267742745211,810
11267742960839,11267742961474,635
11267743176837,11267743177480,643
11267743410449,11267743411065,616
11267743624644,11267743625256,612
11267743838793,11267743839424,631
11267744052301,11267744053104,803
11267744265871,11267744266530,659
11267744481993,11267744482816,823
11267744696872,11267744697499,627
11267744911710,11267744912546,836
11267745124688,11267745125338,650
11267745353591,11267745354269,678
11267745578169,11267745579031,862
11267745796388,11267745797096,708
11267746013751,11267746014370,619
11267746232849,11267746233475,626
11267746463277,11267746463875,598
11267746680573,11267746681139,566
11267746897797,11267746898396,599
11267747113600,11267747114224,624
11267747347781,11267747348372,591
11267747561101,11267747561696,595
11267747776019,11267747776812,793
11267747990501,11267747991181,680
11267748212316,11267748212971,655
11267748428345,11267748428982,637
11267748648438,11267748649263,825
11267748863960,11267748864603,643
11267749089643,11267749090444,801
11267749305357,11267749306014,657
11267749520843,11267749521489,646
11267749736352,11267749737092,740
11267749949738,11267749950330,592
11267750165434,11267750166395,961
11267750411517,11267750412273,756
11267750624910,11267750625528,618
11267750839633,11267750840273,640
11267751054970,11267751055572,602
11267751269684,11267751270425,741
11267751483043,11267751483607,564
11267751699110,11267751699916,806
11267751913865,11267751914540,675
11267752129386,11267752130179,793
11267752352063,11267752352719,656
11267752570816,11267752571409,593
11267752786434,11267752787021,587
11267753000556,11267753001202,646
11267753224788,11267753225670,882
11267753504336,11267753505033,697
11267753756810,11267753757655,845
11267754006553,11267754007257,704
11267754237464,11267754238105,641
11267754481206,11267754481861,655
11267754778555,11267754779341,786
11267755047186,11267755048052,866
11267755278363,11267755279057,694
11267755490958,11267755491567,609
11267755717659,11267755718471,812
11267755926659,11267755927283,624
11267756133102,11267756133705,603
11267756340307,11267756340914,607
11267756573460,11267756574176,716
11267756863698,11267756864388,690
11267757210234,11267757211377,1143
11267757458670,11267757459309,639
11267757673551,11267757674146,595
11267757883449,11267757884001,552
11267758092287,11267758093158,871
11267758314715,11267758315278,563
11267758520654,11267758521194,540
11267758726502,11267758727286,784
11267758944062,11267758944727,665
11267759155435,11267759156018,583
11267759377602,11267759378204,602
11267759585706,11267759586919,1213
11267759791283,11267759791908,625
11267759998916,11267759999498,582
11267760205257,11267760205844,587
11267760411304,11267760411848,544
11267760617813,11267760618360,547
11267760824397,11267760825151,754
11267761031600,11267761032242,642
11267761239144,11267761239743,599
11267761451201,11267761451930,729
11267761656826,11267761657415,589
11267761862514,11267761863087,573
11267762067083,11267762067614,531
11267762305461,11267762306079,618
11267762517365,11267762517957,592
11267762723588,11267762724207,619
11267762929441,11267762930012,571
11267763134107,11267763134658,551
11267763339073,11267763339607,534
11267763545245,11267763545780,535
11267763749986,11267763750555,569
11267763955831,11267763956549,718
11267764161208,11267764161812,604
11267764367257,11267764367832,575
11267764573884,11267764574416,532
11267764785552,11267764786089,537
11267764990525,11267764991105,580
11267765195007,11267765195544,537
11267765399764,11267765400261,497
11267765611680,11267765612258,578
11267765821625,11267765822163,538
11267766027507,11267766028240,733
11267766231709,11267766232308,599
11267766437061,11267766437587,526
11267766642372,11267766643672,1300
11267766846730,11267766847287,557
11267767052222,11267767052742,520
11267767256868,11267767257593,725
11267767461864,11267767462408,544
11267767667529,11267767668243,714
11267767872107,11267767872680,573
11267768077143,11267768077689,546
11267768282890,11267768283427,537
11267768486631,11267768487188,557
11267768691049,11267768691606,557
11267768912099,11267768912662,563
11267769121125,11267769121853,728
11267769324342,11267769324953,611
11267769546978,11267769547519,541
11267769750968,11267769751680,712
11267769953598,11267769954182,584
11267770157845,11267770158381,536
11267770362336,11267770362911,575
11267770567048,11267770567576,528
11267770799506,11267770800069,563
11267771008073,11267771008620,547
11267771212556,11267771213094,538
11267771416962,11267771417457,495
11267771621150,11267771621714,564
11267771825315,11267771825856,541
11267772034225,11267772034754,529
11267772260605,11267772261196,591
11267772486419,11267772487193,774
11267772690051,11267772690675,624
11267772895570,11267772896129,559
11267773099649,11267773100163,514
11267773324297,11267773324876,579
11267773526631,11267773527218,587
11267773729254,11267773729782,528
11267773932279,11267773933011,732
11267774133703,11267774134288,585
11267774340506,11267774341106,600
11267774543823,11267774544357,534
11267774747138,11267774747666,528
11267774950622,11267774951155,533
11267775153731,11267775154259,528
11267775374059,11267775374590,531
11267775585041,11267775585601,560
11267775790163,11267775790744,581
11267775994618,11267775995195,577
11267776196796,11267776197354,558
11267776399216,11267776399949,733
11267776600941,11267776601533,592
11267776802820,11267776803537,717
11267777003459,11267777004060,601
11267777205952,11267777206586,634
11267777409909,11267777410641,732
11267777610214,11267777610771,557
11267777811997,11267777812611,614
11267778014530,11267778015082,552
11267778216894,11267778217439,545
11267778434980,11267778435521,541
11267778637353,11267778637916,563
11267778839252,11267778839796,544
11267779053322,11267779053916,594
11267779260142,11267779260714,572
11267779462847,11267779463621,774
11267779664453,11267779665095,642
11267779873688,11267779874295,607
11267780077525,11267780078422,897
11267780282898,11267780283485,587
11267780489329,11267780490062,733
11267780691872,11267780692473,601
11267780895668,11267780896430,762
11267781097147,11267781097755,608
11267781321792,11267781322367,575
11267781526319,11267781526874,555
11267781731288,11267781731850,562
11267781934122,11267781934640,518
11267782137011,11267782137748,737
11267782348809,11267782349344,535
11267782555651,11267782556181,530
11267782758799,11267782759380,581
11267782961602,11267782962167,565
11267783163949,11267783164502,553
11267783365831,11267783366366,535
11267783584564,11267783585103,539
11267783788412,11267783788960,548
11267783992578,11267783993083,505
11267784198054,11267784198580,526
11267784422257,11267784422777,520
11267784631675,11267784632238,563
11267784839020,11267784839762,742
11267785086647,11267785087354,707
11267785330663,11267785331303,640
11267785580664,11267785581294,630
11267785819269,11267785819914,645
11267786060734,11267786061376,642
11267786296834,11267786297481,647
11267786532012,11267786532627,615
11267786766203,11267786766894,691
11267787002576,11267787003226,650
11267787236389,11267787237217,828
11267787470962,11267787471651,689
11267787706247,11267787706928,681
11267787941253,11267787941924,671
11267788173642,11267788174323,681
11267788406240,11267788406877,637
11267788640750,11267788641380,630
11267788882801,11267788883699,898
11267789120593,11267789121278,685
11267789355741,11267789356389,648
11267789588959,11267789589664,705
11267789820004,11267789820666,662
11267790062221,11267790062854,633
11267790297085,11267790297718,633
11267790531875,11267790532540,665
11267790767716,11267790768385,669
11267791005218,11267791005856,638
11267791239735,11267791240386,651
11267791474593,11267791475237,644
11267791710886,11267791711534,648
11267791945643,11267791946272,629
11267792182870,11267792183536,666
11267792431645,11267792432263,618
11267792668233,11267792668885,652
11267792903595,11267792904238,643
11267793139068,11267793139716,648
11267793378052,11267793378683,631
11267793614533,11267793615175,642
11267793848765,11267793849386,621
11267794085964,11267794086595,631
11267794318614,11267794319231,617
11267794551564,11267794552211,647
11267794787893,11267794788502,609
11267795021332,11267795021977,645
11267795257672,11267795258299,627
11267795490267,11267795490899,632
11267795731406,11267795732036,630
11267795966082,11267795966728,646
11267796197892,11267796198528,636
11267796459046,11267796459720,674
11267796692471,11267796693136,665
11267796926627,11267796927271,644
11267797160505,11267797161514,1009
11267797401132,11267797401798,666
11267797633397,11267797634057,660
11267797865569,11267797866168,599
11267798098192,11267798098818,626
11267798330040,11267798330692,652
11267798562849,11267798563527,678
11267798797407,11267798798041,634
11267799041067,11267799041721,654
11267799276596,11267799277214,618
11267799509210,11267799509874,664
11267799741866,11267799742491,625
11267799975803,11267799976451,648
11267800207444,11267800208102,658
11267800442171,11267800442824,653
11267800675304,11267800675941,637
11267800906986,11267800907632,646
11267801139695,11267801140328,633
11267801371004,11267801371615,611
11267801600936,11267801601573,637
11267801832001,11267801832609,608
11267802065748,11267802066412,664
11267802322341,11267802322946,605
11267802561053,11267802561657,604
11267802792209,11267802792810,601
11267803024655,11267803025301,646
11267803272939,11267803273577,638
11267803505680,11267803506310,630
11267803739839,11267803740472,633
11267803973260,11267803973909,649
11267804206380,11267804207027,647
11267804438045,11267804438694,649
11267804669706,11267804670360,654
11267804902345,11267804903016,671
11267805142868,11267805143537,669
11267805376400,11267805377031,631
11267805619797,11267805620417,620
11267805856473,11267805857108,635
11267806091261,11267806091898,637
11267806324203,11267806324831,628
11267806558115,11267806558731,616
11267806791689,11267806792244,555
11267807027594,11267807028247,653
11267807262514,11267807263113,599
11267807539013,11267807539634,621
11267807792827,11267807793455,628
11267808037531,11267808038138,607
11267808333831,11267808334474,643
11267808609923,11267808610583,660
11267808845077,11267808845785,708
11267809069924,11267809070571,647
11267809281740,11267809282316,576
11267809489890,11267809490461,571
11267809696473,11267809697055,582
11267809903921,11267809904490,569
11267810109487,11267810110029,542
11267810315445,11267810316000,555
11267810521038,11267810521614,576
11267810726524,11267810727076,552
11267810932465,11267810932998,533
11267811138361,11267811138936,575
11267811357844,11267811358436,592
11267811564847,11267811565385,538
11267811769676,11267811770236,560
11267811975112,11267811975650,538
11267812180542,11267812181049,507
11267812392554,11267812393088,534
11267812615451,11267812615993,542
11267812820530,11267812821143,613
11267813026982,11267813027523,541
11267813238396,11267813238925,529
11267813442564,11267813443104,540
11267813647256,11267813647799,543
11267813852002,11267813852560,558
11267814056792,11267814057356,564
11267814261487,11267814262053,566
11267814468350,11267814468943,593
11267814673426,11267814673995,569
11267814878132,11267814878688,556
11267815083429,11267815083990,561
11267815288238,11267815288790,552
11267815493310,11267815493895,585
11267815704223,11267815704877,654
11267815911284,11267815911836,552
11267816124888,11267816125434,546
11267816331708,11267816332272,564
11267816536890,11267816537465,575
11267816741660,11267816742229,569
11267816948380,11267816948930,550
11267817153862,11267817154405,543
11267817358233,11267817358827,594
11267817563618,11267817564210,592
11267817769287,11267817769867,580
11267817975793,11267817976348,555
11267818182912,11267818183452,540
11267818402100,11267818402638,538
11267818607867,11267818608401,534
11267818820756,11267818821292,536
11267819039795,11267819040365,570
11267819269680,11267819270215,535
11267819481615,11267819482180,565
11267819692248,11267819692787,539
11267819899400,11267819899968,568
11267820108233,11267820108806,573
11267820319694,11267820322919,3225
11267820533404,11267820533970,566
11267820744041,11267820744605,564
11267820951379,11267820951908,529
11267821173206,11267821173767,561
11267821382768,11267821383381,613
11267821594598,11267821595166,568
11267821804440,11267821804993,553
11267822013056,11267822013611,555
11267822231544,11267822232170,626
11267822452832,11267822453435,603
11267822661388,11267822661960,572
11267822869344,11267822869975,631
11267823079121,11267823079710,589
11267823298699,11267823299277,578
11267823510669,11267823511235,566
11267823720502,11267823721053,551
11267823928818,11267823929370,552
11267824137486,11267824138049,563
11267824348271,11267824348911,640
11267824554847,11267824555421,574
11267824764617,11267824765205,588
11267824975229,11267824975777,548
11267825179168,11267825179737,569
11267825393606,11267825394166,560
11267825610122,11267825610739,617
11267825816705,11267825817262,557
11267826023409,11267826023987,578
11267826228450,11267826229047,597
11267826437314,11267826437873,559
11267826647611,11267826648149,538
11267826854469,11267826855043,574
11267827060985,11267827061526,541
11267827267538,11267827268121,583
11267827474240,11267827474825,585
11267827684048,11267827684616,568
11267827890229,11267827890796,567
11267828095082,11267828095659,577
11267828300945,11267828301513,568
11267828505974,11267828506517,543
11267828716421,11267828717022,601
11267828934983,11267828935554,571
11267829145062,11267829145625,563
11267829366256,11267829366772,516
11267829573454,11267829574024,570
11267829778655,11267829779258,603
11267829984366,11267829984932,566
11267830189086,11267830189755,669
11267830410065,11267830410630,565
11267830622058,11267830622627,569
11267830828341,11267830828906,565
11267831035067,11267831035628,561
11267831255549,11267831256125,576
11267831459868,11267831460441,573
11267831664492,11267831665403,911
11267831869866,11267831870448,582
11267832073114,11267832073650,536
11267832319069,11267832319665,596
11267832557965,11267832558517,552
11267832766382,11267832766936,554
11267832975418,11267832975928,510
11267833181109,11267833181624,515
11267833387872,11267833388388,516
11267833592533,11267833593063,530
11267833798633,11267833799168,535
11267834007543,11267834008104,561
11267834215622,11267834216160,538
11267834437828,11267834438401,573
11267834645055,11267834645624,569
11267834851912,11267834852463,551
11267835061395,11267835061911,516
11267835295720,11267835296285,565
11267835501907,11267835502469,562
11267835716603,11267835717198,595
11267835927995,11267835928554,559
11267836138507,11267836139051,544
11267836347662,11267836348200,538
11267836553511,11267836554063,552
11267836761656,11267836762240,584
11267836971787,11267836972603,816
11267837183835,11267837184416,581
11267837393485,11267837394039,554
11267837602478,11267837603039,561
11267837810549,11267837811082,533
11267838018023,11267838018576,553
11267838226734,11267838227281,547
11267838434326,11267838434874,548
11267838640779,11267838641316,537
11267838847639,11267838848159,520
11267839062433,11267839062975,542
11267839271619,11267839272139,520
11267839479439,11267839479974,535
11267839685920,11267839686505,585
11267839893673,11267839894226,553
11267840105412,11267840105953,541
11267840312196,11267840312751,555
11267840519177,11267840519732,555
11267840727291,11267840727815,524
11267840933609,11267840934130,521
11267841138019,11267841138560,541
11267841348611,11267841349178,567
11267841556339,11267841556872,533
11267841763449,11267841763986,537
11267841973570,11267841974136,566
11267842178305,11267842178842,537
11267842392986,11267842393542,556
11267842602133,11267842602954,821
11267842808468,11267842809031,563
11267843018395,11267843021820,3425
11267843231636,11267843232172,536
11267843465526,11267843466068,542
11267843679089,11267843679624,535
11267843915193,11267843915873,680
11267844152692,11267844153261,569
11267844374809,11267844375388,579
11267844598385,11267844598956,571
11267844805950,11267844806526,576
11267845016617,11267845017166,549
11267845223457,11267845224005,548
11267845444095,11267845444639,544
11267845659836,11267845660428,592
11267845871456,11267845872055,599
11267846079644,11267846080209,565
11267846289595,11267846290160,565
11267846497393,11267846497950,557
11267846703829,11267846704395,566
11267846910536,11267846911116,580
11267847116219,11267847116728,509
11267847321499,11267847322028,529
11267847542487,11267847543053,566
11267847754610,11267847755144,534
11267847959790,11267847960333,543
11267848167061,11267848167603,542
11267848388543,11267848389079,536
11267848594705,11267848595250,545
11267848801381,11267848801956,575
11267849014061,11267849014641,580
11267849225962,11267849226518,556
11267849431265,11267849431816,551
11267849636722,11267849637260,538
11267849841165,11267849841702,537
11267850047982,11267850048519,537
11267850253265,11267850253857,592
11267850459194,11267850459685,491
11267850665044,11267850665580,536
11267850869787,11267850870377,590
11267851074116,11267851074668,552
11267851278652,11267851279240,588
11267851483130,11267851483664,534
11267851688249,11267851688827,578
11267851891361,11267851891897,536
11267852095210,11267852095780,570
11267852306591,11267852307153,562
11267852514044,11267852514595,551
11267852718253,11267852718790,537
11267852924594,11267852925136,542
11267853131576,11267853132129,553
11267853338199,11267853338718,519
11267853544612,11267853545165,553
11267853751128,11267853751689,561
11267853957216,11267853957774,558
11267854162931,11267854163496,565
11267854373392,11267854373925,533
11267854583156,11267854583710,554
11267854788686,11267854789204,518
11267854997266,11267854997760,494
11267855205155,11267855205666,511
11267855426524,11267855427065,541
11267855637671,11267855638240,569
11267855843867,11267855844425,558
11267856048898,11267856049466,568
11267856253379,11267856253923,544
11267856475552,11267856476123,571
11267856680814,11267856681397,583
11267856886032,11267856886562,530
11267857090581,11267857091151,570
11267857296624,11267857297172,548
11267857502456,11267857503045,589
11267857710287,11267857710884,597
11267857917495,11267857918055,560
11267858127326,11267858127862,536
11267858332223,11267858332795,572
11267858536496,11267858537402,906
11267858741953,11267858742527,574
11267858967505,11267858968064,559
11267859179739,11267859180306,567
11267859391601,11267859392128,527
11267859597848,11267859598380,532
11267859804373,11267859804928,555
11267860011105,11267860011645,540
11267860216344,11267860216912,568
11267860424325,11267860424891,566
11267860629819,11267860630380,561
11267860836350,11267860836911,561
11267861040699,11267861041252,553
11267861246261,11267861246861,600
11267861452971,11267861453512,541
11267861658005,11267861658537,532
11267861864175,11267861864733,558
11267862069148,11267862069678,530
11267862281549,11267862282111,562
11267862489754,11267862490309,555
11267862694543,11267862695127,584
11267862899869,11267862900459,590
11267863105813,11267863106356,543
11267863310457,11267863311014,557
11267863514890,11267863515457,567
11267863719185,11267863719745,560
11267863923667,11267863924239,572
11267864128523,11267864129083,560
11267864333609,11267864334166,557
11267864546366,11267864546913,547
11267864752046,11267864752616,570
11267864957600,11267864958149,549
11267865161599,11267865162182,583
11267865372910,11267865373468,558
11267865583356,11267865583946,590
11267865790122,11267865790693,571
11267865995168,11267865995737,569
11267866197942,11267866198514,572
11267866401839,11267866402394,555
11267866604877,11267866605423,546
11267866809037,11267866809607,570
11267867012000,11267867012565,565
11267867216297,11267867216827,530
11267867420518,11267867421053,535
11267867627860,11267867628422,562
11267867838437,11267867838954,517
11267868043566,11267868044103,537
11267868246642,11267868247191,549
11267868453609,11267868454161,552
11267868658283,11267868658825,542
11267868861738,11267868862255,517
11267869071638,11267869072210,572
11267869300965,11267869301600,635
11267869522996,11267869523660,664
11267869730344,11267869730877,533
11267869936903,11267869937480,577
11267870143087,11267870143675,588
11267870347441,11267870347974,533
11267870553127,11267870553664,537
11267870758866,11267870759394,528
11267870965572,11267870966112,540
11267871170527,11267871171052,525
11267871375427,11267871375953,526
11267871581142,11267871581679,537
11267871785483,11267871785997,514
11267871990592,11267871991105,513
11267872196848,11267872197404,556
11267872409900,11267872410448,548
11267872615826,11267872616376,550
11267872820767,11267872821355,588
11267873027673,11267873028243,570
11267873232854,11267873233430,576
11267873438188,11267873438733,545
11267873642441,11267873642968,527
11267873847937,11267873848456,519
11267874052399,11267874052969,570
11267874257094,11267874257710,616
11267874471036,11267874471673,637
11267874677092,11267874677651,559
11267874881903,11267874882460,557
11267875088094,11267875088631,537
11267875293208,11267875293771,563
11267875497786,11267875498294,508
11267875708186,11267875708774,588
11267875914329,11267875914881,552
11267876120239,11267876120775,536
11267876336391,11267876336938,547
11267876541498,11267876542066,568
11267876747355,11267876747926,571
11267876951324,11267876951903,579
11267877156779,11267877157365,586
11267877372042,11267877372633,591
11267877577405,11267877577957,552
11267877784305,11267877784871,566
11267877990411,11267877990950,539
11267878195330,11267878195895,565
11267878399983,11267878400545,562
11267878604875,11267878605446,571
11267878815198,11267878815734,536
11267879024850,11267879025407,557
11267879231274,11267879231813,539
11267879435460,11267879436026,566
11267879641686,11267879642250,564
11267879850983,11267879851543,560
11267880064394,11267880065001,607
11267880272678,11267880273240,562
11267880480499,11267880481035,536
11267880685487,11267880686017,530
11267880891298,11267880891833,535
11267881096021,11267881096568,547
11267881301243,11267881301792,549
11267881505796,11267881506373,577
11267881710869,11267881711417,548
11267881915782,11267881916294,512
11267882121992,11267882122488,496
11267882330739,11267882331272,533
11267882536445,11267882536946,501
11267882741857,11267882742367,510
11267882947589,11267882948168,579
11267883153945,11267883154476,531
11267883357184,11267883357722,538
11267883563766,11267883564321,555
11267883768858,11267883769407,549
11267883974160,11267883974738,578
11267884179142,11267884196417,17275
11267884402367,11267884402958,591
11267884608351,11267884608903,552
11267884813297,11267884813878,581
11267885017956,11267885018527,571
11267885223006,11267885223565,559
11267885440790,11267885441350,560
11267885652684,11267885653220,536
11267885858822,11267885859402,580
11267886064746,11267886065297,551
11267886268420,11267886268971,551
11267886471869,11267886472424,555
11267886674383,11267886674929,546
11267886878347,11267886878894,547
11267887083480,11267887084001,521
11267887288325,11267887288883,558
11267887493438,11267887493988,550
11267887696710,11267887697268,558
11267887901904,11267887902462,558
11267888106537,11267888107117,580
11267888310271,11267888310825,554
11267888514226,11267888514828,602
11267888721210,11267888721782,572
11267888933192,11267888933754,562
11267889143817,11267889144349,532
11267889350850,11267889351386,536
11267889566408,11267889567007,599
11267889778585,11267889779131,546
11267889987443,11267889987978,535
11267890195436,11267890196016,580
11267890416825,11267890417428,603
11267890626217,11267890626803,586
11267890834261,11267890834828,567
11267891041648,11267891042184,536
11267891249475,11267891250019,544
11267891456653,11267891457359,706
11267891663832,11267891664407,575
11267891871003,11267891871585,582
11267892077320,11267892077894,574
11267892290231,11267892290785,554
11267892499125,11267892499666,541
11267892708336,11267892708869,533
11267892915123,11267892915645,522
11267893125242,11267893125818,576
11267893332452,11267893333045,593
11267893539651,11267893540208,557
11267893746837,11267893747389,552
11267893982882,11267893983498,616
11267894193383,11267894193966,583
11267894400463,11267894401018,555
11267894605666,11267894606270,604
11267894816033,11267894816614,581
11267895022685,11267895023306,621
11267895230576,11267895231168,592
11267895436405,11267895436987,582
11267895649809,11267895650370,561
11267895856261,11267895856753,492
11267896062487,11267896063022,535
11267896267739,11267896268296,557
11267896473386,11267896473940,554
11267896679532,11267896680117,585
11267896885847,11267896886433,586
11267897091689,11267897092262,573
11267897297930,11267897298477,547
11267897505679,11267897506218,539
11267897711770,11267897712333,563
11267897917469,11267897918029,560
11267898122211,11267898122755,544
11267898333761,11267898334337,576
11267898539757,11267898540333,576
11267898744580,11267898745191,611
11267898953775,11267898954326,551
11267899162715,11267899163292,577
11267899369067,11267899369633,566
11267899580467,11267899581040,573
11267899786971,11267899787561,590
11267899992818,11267899993409,591
11267900199957,11267900200496,539
11267900406200,11267900406742,542
11267900611088,11267900611654,566
11267900818128,11267900818685,557
11267901023917,11267901024480,563
11267901234170,11267901234722,552
11267901443276,11267901443773,497
11267901650011,11267901650565,554
11267901857964,11267901858507,543
11267902064442,11267902064989,547
11267902275804,11267902276348,544
11267902485225,11267902485771,546
11267902692598,11267902693182,584
11267902899343,11267902899903,560
11267903103934,11267903104467,533
11267903311418,11267903311963,545
11267903517987,11267903518542,555
11267903724678,11267903725241,563
11267903934015,11267903934629,614
11267904140853,11267904141442,589
11267904348059,11267904348602,543
11267904554175,11267904554714,539
11267904765393,11267904765967,574
11267904972075,11267904972652,577
11267905177782,11267905178367,585
11267905383707,11267905384283,576
11267905595269,11267905595861,592
11267905803317,11267905803897,580
11267906009271,11267906009855,584
11267906219460,11267906220012,552
11267906427656,11267906428177,521
11267906635639,11267906636211,572
11267906841507,11267906842059,552
11267907048061,11267907048652,591
11267907256504,11267907257059,555
11267907463151,11267907463729,578
11267907671765,11267907672304,539
11267907883256,11267907883826,570
11267908090719,11267908091282,563
11267908299433,11267908299982,549
11267908505624,11267908506153,529
11267908714617,11267908715159,542
11267908926179,11267908926717,538
11267909133058,11267909133573,515
11267909343701,11267909344249,548
11267909554292,11267909554807,515
11267909760935,11267909761462,527
11267909973276,11267909973865,589
11267910181305,11267910182247,942
11267910386946,11267910387503,557
11267910595501,11267910596061,560
11267910803311,11267910803863,552
11267911009376,11267911009901,525
11267911215660,11267911216213,553
11267911421348,11267911421899,551
11267911630540,11267911631613,1073
11267911840690,11267911841242,552
11267912046495,11267912047008,513
11267912261442,11267912261951,509
11267912471352,11267912471845,493
11267912677613,11267912678130,517
11267912885476,11267912885972,496
11267913094360,11267913094890,530
11267913304756,11267913305281,525
11267913526003,11267913526572,569
11267913735878,11267913736409,531
11267913941784,11267913942327,543
11267914148753,11267914149289,536
11267914358175,11267914358757,582
11267914565667,11267914566185,518
11267914772368,11267914775473,3105
11267914985928,11267914986439,511
11267915190128,11267915190695,567
11267915397114,11267915397688,574
11267915606119,11267915606710,591
11267915810650,11267915811216,566
11267916014759,11267916015358,599
11267916218147,11267916218694,547
11267916420166,11267916420699,533
11267916626706,11267916627257,551
11267916832542,11267916833045,503
11267917035854,11267917036385,531
11267917239195,11267917239743,548
11267917441506,11267917442035,529
11267917644538,11267917645047,509
11267917850805,11267917851320,515
11267918054322,11267918054852,530
11267918256983,11267918257534,551
11267918464542,11267918465090,548
11267918676422,11267918676952,530
11267918887030,11267918887577,547
11267919096098,11267919099286,3188
11267919308028,11267919308520,492
11267919515692,11267919516251,559
11267919722342,11267919725397,3055
11267919935660,11267919936206,546
11267920143832,11267920144375,543
11267920353490,11267920354063,573
11267920561863,11267920562399,536
11267920768756,11267920769290,534
11267920978871,11267920979404,533
11267921188049,11267921188596,547
11267921394860,11267921395376,516
11267921601998,11267921602510,512
11267921809883,11267921810409,526
11267922014804,11267922015343,539
11267922229096,11267922229639,543
11267922436471,11267922436995,524
11267922643068,11267922643578,510
11267922848873,11267922849391,518
11267923054559,11267923055099,540
11267923261096,11267923261626,530
11267923468523,11267923469108,585
11267923675766,11267923676314,548
11267923881924,11267923882463,539
11267924087515,11267924088052,537
11267924293851,11267924294402,551
11267924500820,11267924501364,544
11267924705989,11267924706523,534
11267924913874,11267924914434,560
11267925120932,11267925121490,558
11267925327488,11267925328040,552
11267925534617,11267925535165,548
11267925756925,11267925757494,569
11267925964731,11267925965305,574
11267926170625,11267926171178,553
11267926378759,11267926379579,820
11267926582807,11267926583357,550
11267926785078,11267926785615,537
11267926988540,11267926989094,554
11267927192043,11267927192560,517
11267927395431,11267927395945,514
11267927599779,11267927600306,527
11267927804162,11267927804746,584
11267928007378,11267928007911,533
11267928210041,11267928210597,556
11267928414059,11267928414600,541
11267928618488,11267928619022,534
11267928823033,11267928823570,537
11267929031189,11267929031742,553
11267929237062,11267929237617,555
11267929443108,11267929443640,532
11267929648763,11267929649337,574
11267929853286,11267929853837,551
11267930059214,11267930059722,508
11267930263995,11267930264517,522
11267930467860,11267930468385,525
11267930676686,11267930677264,578
11267930886320,11267930886866,546
11267931089934,11267931090513,579
11267931293119,11267931293648,529
11267931496517,11267931497071,554
11267931703604,11267931704129,525
11267931906447,11267931906984,537
11267932110651,11267932111201,550
11267932326683,11267932327257,574
11267932540788,11267932541346,558
11267932749161,11267932749686,525
11267932955585,11267932956127,542
11267933163466,11267933164024,558
11267933378174,11267933378728,554
11267933584124,11267933584665,541
11267933791970,11267933792512,542
11267933997294,11267933997832,538
11267934206628,11267934207169,541
11267934430184,11267934430707,523
11267934637801,11267934638354,553
11267934848040,11267934848578,538
11267935057092,11267935057642,550
11267935266041,11267935266797,756
11267935475047,11267935475609,562
11267935690178,11267935690747,569
11267935897609,11267935898164,555
11267936107316,11267936107857,541
11267936313281,11267936313815,534
11267936528918,11267936529488,570
11267936737178,11267936737761,583
11267936948863,11267936949420,557
11267937156365,11267937156907,542
11267937366055,11267937366603,548
11267937573770,11267937574301,531
11267937780967,11267937781503,536
11267937987595,11267937988134,539
11267938195643,11267938196335,692
11267938404574,11267938405125,551
11267938611711,11267938612274,563
11267938818775,11267938819336,561
11267939030070,11267939030655,585
11267939239991,11267939240533,542
11267939446049,11267939446589,540
11267939652391,11267939652954,563
11267939860414,11267939860952,538
11267940066384,11267940066942,558
11267940275833,11267940276394,561
11267940485138,11267940485711,573
11267940692649,11267940693208,559
11267940899577,11267940900134,557
11267941108428,11267941109004,576
11267941315058,11267941315961,903
11267941523913,11267941524475,562
11267941735322,11267941735889,567
11267941946570,11267941947125,555
11267942153778,11267942154328,550
11267942368933,11267942369511,578
11267942576313,11267942576909,596
11267942788922,11267942789527,605
11267943002565,11267943003136,571
11267943215274,11267943215785,511
11267943426769,11267943427320,551
11267943643694,11267943644271,577
11267943858491,11267943859085,594
11267944071827,11267944072334,507
11267944283516,11267944284113,597
11267944497609,11267944498177,568
11267944708213,11267944711078,2865
11267944922706,11267944923279,573
11267945135843,11267945136427,584
11267945347594,11267945348186,592
11267945563785,11267945564369,584
11267945774915,11267945775480,565
11267945986351,11267945986912,561
11267946196877,11267946197451,574
11267946410244,11267946410837,593
11267946624509,11267946625083,574
11267946835382,11267946835962,580
11267947046081,11267947046691,610
11267947261125,11267947261700,575
11267947472385,11267947472966,581
11267947685808,11267947686398,590
11267947895928,11267947896531,603
11267948107322,11267948107912,590
11267948320643,11267948321251,608
11267948532829,11267948533423,594
11267948745412,11267948745971,559
11267948961886,11267948962486,600
11267949178004,11267949178566,562
11267949389409,11267949389997,588
11267949601196,11267949601772,576
11267949814571,11267949815129,558
11267950024717,11267950025306,589
11267950235505,11267950236083,578
11267950449504,11267950450151,647
11267950666165,11267950666731,566
11267950878347,11267950878907,560
11267951094586,11267951095151,565
11267951316792,11267951317350,558
11267951530825,11267951531389,564
11267951747260,11267951747830,570
11267951958888,11267951959482,594
11267952172764,11267952173371,607
11267952390769,11267952391375,606
11267952603497,11267952604058,561
11267952817796,11267952818339,543
11267953028811,11267953029380,569
11267953239849,11267953240402,553
11267953454223,11267953454806,583
11267953667514,11267953668143,629
11267953883355,11267953883924,569
11267954096421,11267954096988,567
11267954311399,11267954311989,590
11267954522257,11267954522800,543
11267954733770,11267954734350,580
11267954945208,11267954945776,568
11267955157148,11267955157748,600
11267955369264,11267955369808,544
11267955584191,11267955584768,577
11267955796606,11267955797167,561
11267956013562,11267956014115,553
11267956226012,11267956226611,599
11267956437724,11267956438313,589
11267956650322,11267956650888,566
11267956860689,11267956861242,553
11267957074334,11267957074848,514
11267957289108,11267957289684,576
11267957501680,11267957502237,557
11267957714090,11267957714670,580
11267957928217,11267957928776,559
11267958140727,11267958141307,580
11267958353426,11267958353987,561
11267958567479,11267958568023,544
11267958777424,11267958777984,560
11267958994578,11267958995178,600
11267959202740,11267959203315,575
11267959435341,11267959435959,618
11267959645227,11267959645835,608
11267959864097,11267959864689,592
11267960075613,11267960076203,590
11267960285559,11267960287810,2251
11267960501399,11267960501984,585
11267960714295,11267960714853,558
11267960927299,11267960928297,998
11267961140276,11267961140857,581
11267961351255,11267961351839,584
11267961563979,11267961564515,536
11267961776198,11267961776776,578
11267961985142,11267961985763,621
11267962197113,11267962197702,589
11267962420366,11267962420991,625
11267962632685,11267962633250,565
11267962845501,11267962846103,602
11267963059339,11267963059928,589
11267963272692,11267963273252,560
11267963487916,11267963488507,591
11267963698620,11267963699172,552
11267963913320,11267963913910,590
11267964123499,11267964124057,558
11267964333670,11267964334248,578
11267964550618,11267964551207,589
11267964761481,11267964762046,565
11267964971164,11267964971770,606
11267965183579,11267965184167,588
11267965394395,11267965394981,586
11267965611058,11267965611659,601
11267965826252,11267965826823,571
11267966035823,11267966036406,583
11267966250101,11267966250678,577
11267966460732,11267966461304,572
11267966670353,11267966670913,560
11267966883565,11267966884143,578
11267967095537,11267967096106,569
11267967306371,11267967306934,563
11267967528158,11267967528751,593
11267967741110,11267967741674,564
11267967950718,11267967951290,572
11267968163305,11267968163907,602
11267968388001,11267968388567,566
11267968598096,11267968598650,554
11267968807611,11267968808136,525
11267969020370,11267969020934,564
11267969231814,11267969232362,548
11267969451246,11267969451796,550
11267969662119,11267969662661,542
11267969875531,11267969876094,563
11267970084266,11267970084832,566
11267970297327,11267970297903,576
11267970511031,11267970512848,1817
11267970722009,11267970722545,536
11267970929102,11267970929661,559
11267971139977,11267971140544,567
11267971350527,11267971351101,574
11267971563463,11267971564003,540
11267971770007,11267971770607,600
11267971977937,11267971979750,1813
11267972187754,11267972188286,532
11267972409424,11267972409976,552
11267972617547,11267972621130,3583
11267972829060,11267972829586,526
11267973040793,11267973041329,536
11267973249113,11267973249650,537
11267973456647,11267973457458,811
11267973668104,11267973668662,558
11267973878202,11267973878741,539
11267974091091,11267974091675,584
11267974300915,11267974301491,576
11267974511913,11267974512455,542
11267974721742,11267974722300,558
11267974932275,11267974932872,597
11267975139927,11267975140535,608
11267975353228,11267975353844,616
11267975568690,11267975569293,603
11267975783028,11267975783569,541
11267975996677,11267975997221,544
11267976205268,11267976205803,535
11267976417066,11267976417653,587
11267976630805,11267976631326,521
11267976844564,11267976845118,554
11267977057943,11267977058499,556
11267977269808,11267977270414,606
11267977483516,11267977484057,541
11267977697770,11267977698326,556
11267977910136,11267977910705,569
11267978121562,11267978122525,963
11267978332693,11267978333287,594
11267978542240,11267978542839,599
11267978749426,11267978750030,604
11267978961146,11267978961720,574
11267979174473,11267979175015,542
11267979384187,11267979384719,532
11267979593753,11267979594335,582
11267979802882,11267979803453,571
11267980016247,11267980016758,511
11267980226976,11267980227560,584
11267980438283,11267980438838,555
11267980649837,11267980650383,546
11267980861940,11267980862493,553
11267981071403,11267981071976,573
11267981282640,11267981283213,573
11267981495848,11267981496391,543
11267981706581,11267981707100,519
11267981918238,11267981918779,541
11267982128096,11267982128653,557
11267982346478,11267982347061,583
11267982557698,11267982558258,560
11267982770698,11267982771280,582
11267982982432,11267982982969,537
11267983191291,11267983191852,561
11267983412789,11267983413369,580
11267983752378,11267983753084,706
11267983973759,11267983974361,602
11267984189524,11267984190185,661
11267984403188,11267984403823,635
11267984617158,11267984617772,614
11267984830080,11267984830675,595
11267985041730,11267985042315,585
11267985252856,11267985253422,566
11267985466146,11267985466737,591
11267985683252,11267985683851,599
11267985896440,11267985897055,615
11267986107937,11267986108498,561
11267986320040,11267986320623,583
11267986534000,11267986534586,586
11267986745889,11267986746465,576
11267986962210,11267986962769,559
11267987174810,11267987175396,586
11267987387598,11267987388158,560
11267987600173,11267987600766,593
11267987812950,11267987813497,547
11267988024721,11267988025303,582
11267988236803,11267988237374,571
11267988452044,11267988452628,584
11267988665255,11267988665825,570
11267988884327,11267988884876,549
11267989097720,11267989098359,639
11267989311331,11267989311913,582
11267989525213,11267989525838,625
11267989735764,11267989736346,582
11267989947167,11267989947713,546
11267990222833,11267990223725,892
11267990542280,11267990542983,703
11267990806041,11267990806744,703
11267991058107,11267991059253,1146
11267991306783,11267991307453,670
11267991554955,11267991555645,690
11267991832257,11267991833078,821
11267992140348,11267992141076,728
11267992388185,11267992388822,637
11267992613965,11267992614558,593
11267992916074,11267992916884,810
11267993162491,11267993163316,825
11267993418296,11267993419013,717
11267993830198,11267993831099,901
11267994267470,11267994268483,1013
11267994689859,11267994690947,1088
11267995053553,11267995054514,961
11267995352669,11267995353349,680
11267995654318,11267995655163,845
11267995938341,11267995938915,574
11267996221236,11267996221845,609
11267996466595,11267996467196,601
11267996738556,11267996739326,770
11267997140523,11267997141499,976
11267997454120,11267997454716,596
11267997688131,11267997688723,592
11267997912355,11267997912967,612
11267998137980,11267998138598,618
11267998437145,11267998438189,1044
11267998778265,11267998778929,664
11267999092803,11267999093440,637
11267999330845,11267999331436,591
11267999547647,11267999548254,607
11267999766382,11267999766955,573
11267999993007,11267999993610,603
11268000247255,11268000247932,677
11268000474480,11268000475135,655
11268000694374,11268000694984,610
11268000910332,11268000910923,591
11268001126237,11268001126810,573
11268001352838,11268001353456,618
11268001569385,11268001569986,601
11268001784993,11268001785547,554
11268002001569,11268002002109,540
11268002226095,11268002226717,622
11268002444707,11268002445350,643
11268002661722,11268002662341,619
11268002878702,11268002879339,637
11268003095714,11268003096243,529
11268003394837,11268003395441,604
11268003821347,11268003822267,920
11268004215333,11268004216340,1007
11268004697753,11268004698878,1125
11268005114980,11268005115991,1011
11268005460824,11268005461588,764
11268005808084,11268005809166,1082
11268006157159,11268006158240,1081
11268006480485,11268006481289,804
11268006780563,11268006781371,808
11268007064731,11268007065689,958
11268007323169,11268007323875,706
11268007592082,11268007592883,801
11268007858842,11268007859514,672
11268008110284,11268008110824,540
11268008354567,11268008355150,583
11268008574670,11268008575243,573
11268008808176,11268008808721,545
11268009113352,11268009114123,771
11268009376198,11268009376785,587
11268009598174,11268009598750,576
11268009827526,11268009828093,567
11268010046413,11268010046970,557
11268010265856,11268010266440,584
11268010501123,11268010501727,604
11268010718543,11268010719127,584
11268010934106,11268010934657,551
11268011147677,11268011148218,541
11268011378261,11268011378866,605
11268011597952,11268011598545,593
11268011815547,11268011816123,576
11268012044017,11268012044628,611
11268012282366,11268012283005,639
11268012505813,11268012506401,588
11268012721475,11268012722061,586
11268012934428,11268012935048,620
11268013147338,11268013147930,592
11268013360241,11268013360792,551
11268013571850,11268013572380,530
11268013947231,11268013947872,641
11268014294058,11268014294689,631
11268014556311,11268014556962,651
11268014777254,11268014777816,562
11268015000308,11268015000982,674
11268015222835,11268015223406,571
11268015437441,11268015438068,627
11268015662954,11268015663549,595
11268015880364,11268015880939,575
11268016099913,11268016100521,608
11268016336896,11268016337460,564
11268016556731,11268016557304,573
11268016767601,11268016768100,499
11268016977975,11268016978523,548
11268017188066,11268017188616,550
11268017397388,11268017397911,523
11268017607199,11268017607744,545
11268017816105,11268017816639,534
11268018025163,11268018025684,521
11268018235867,11268018237080,1213
11268018445689,11268018446178,489
11268018655871,11268018656416,545
11268018864292,11268018864791,499
11268019152085,11268019152705,620
11268019363360,11268019363891,531
11268019573533,11268019574088,555
11268019782551,11268019783113,562
11268019992844,11268019993357,513
11268020202170,11268020202703,533
11268020427173,11268020427692,519
11268020639866,11268020640394,528
11268020849794,11268020850319,525
11268021096607,11268021097240,633
11268021317589,11268021318155,566
11268021532056,11268021532638,582
11268021745164,11268021745697,533
11268021957635,11268021958171,536
11268022171160,11268022171704,544
11268022470193,11268022470701,508
11268022734346,11268022734921,575
11268022947603,11268022948166,563
11268023158978,11268023159557,579
11268023370618,11268023371156,538
11268023580422,11268023580974,552
11268023789816,11268023790371,555
11268023998923,11268023999464,541
11268024207233,11268024207761,528
11268024416516,11268024417071,555
11268024628475,11268024629024,549
11268024839162,11268024839699,537
11268025049159,11268025049709,550
11268025258905,11268025259433,528
11268025468491,11268025469009,518
11268025683923,11268025684512,589
11268025894415,11268025894982,567
11268026103944,11268026104523,579
11268026314500,11268026315113,613
11268026526112,11268026526677,565
11268026735755,11268026736342,587
11268026945151,11268026945722,571
11268027156681,11268027157200,519
11268027364299,11268027364820,521
11268027574334,11268027574866,532
11268027789593,11268027790179,586
11268027999705,11268028000247,542
11268028209587,11268028210162,575
11268028415093,11268028415627,534
11268028627550,11268028628099,549
11268028835596,11268028836132,536
11268029049741,11268029050336,595
11268029260673,11268029261245,572
11268029471448,11268029472050,602
11268029704254,11268029704838,584
11268029914794,11268029915345,551
11268030125267,11268030125808,541
11268030333548,11268030334160,612
11268030543044,11268030543622,578
11268030750191,11268030750758,567
11268030959357,11268030959922,565
11268031167151,11268031167712,561
11268031375538,11268031376043,505
11268031583273,11268031583794,521
11268031796637,11268031797152,515
11268032006538,11268032007418,880
11268032221554,11268032222134,580
11268032456015,11268032456547,532
11268032665192,11268032665769,577
11268032873830,11268032874378,548
11268033081326,11268033081862,536
11268033319359,11268033319901,542
11268033532920,11268033533486,566
11268033746274,11268033746819,545
11268033962407,11268033962979,572
11268034174806,11268034175371,565
11268034402500,11268034403040,540
11268034613526,11268034614080,554
11268034825797,11268034826359,562
11268035037972,11268035038490,518
11268035253929,11268035254884,955
11268035482495,11268035483038,543
11268035700989,11268035701557,568
11268035913643,11268035914191,548
11268036170183,11268036170916,733
11268036406080,11268036406795,715
11268036629083,11268036629675,592
11268036851405,11268036851976,571
11268037071639,11268037072177,538
11268037288773,11268037289335,562
11268037507715,11268037508270,555
11268037725297,11268037725861,564
11268037942879,11268037943457,578
11268038159940,11268038160501,561
11268038392935,11268038393469,534
11268038609386,11268038610233,847
11268038825304,11268038825849,545
11268039054317,11268039054872,555
11268039272286,11268039272884,598
11268039496401,11268039496986,585
11268039713034,11268039713629,595
11268039931101,11268039931689,588
11268040149013,11268040149610,597
11268040365461,11268040366034,573
11268040580441,11268040581018,577
11268040797145,11268040797708,563
11268041015690,11268041016285,595
11268041233023,11268041233567,544
11268041450129,11268041450717,588
11268041744184,11268041744912,728
11268042020647,11268042021582,935
11268042266044,11268042266655,611
11268042494929,11268042495556,627
11268042712226,11268042712821,595
11268042937618,11268042938186,568
11268043153785,11268043154375,590
11268043461410,11268043462086,676
11268043719220,11268043719841,621
11268044037649,11268044038369,720
11268044271494,11268044272128,634
11268044493304,11268044493891,587
11268044716216,11268044716815,599
11268044932700,11268044933303,603
11268045152781,11268045153355,574
11268045388865,11268045389445,580
11268045617356,11268045618253,897
11268045868617,11268045869224,607
11268046093513,11268046094106,593
11268046310397,11268046310978,581
11268046529082,11268046529699,617
11268046748989,11268046749565,576
11268046969785,11268046970354,569
11268047188602,11268047189166,564
11268047419838,11268047420434,596
11268047641290,11268047641875,585
11268047860729,11268047861278,549
11268048077797,11268048078391,594
11268048294454,11268048295027,573
11268048509276,11268048509849,573
11268048726619,11268048727196,577
11268048956457,11268048957436,979
11268049182318,11268049182885,567
11268049407893,11268049408481,588
11268049629253,11268049629843,590
11268049851139,11268049851774,635
11268050073588,11268050074124,536
11268050290697,11268050291273,576
11268050511369,11268050511948,579
11268050732437,11268050733010,573
11268050951622,11268050952371,749
11268051165940,11268051166503,563
11268051382057,11268051382645,588
11268051596521,11268051597060,539
11268051811167,11268051811693,526
11268052026900,11268052027468,568
11268052253052,11268052253616,564
11268052487311,11268052487879,568
11268052702975,11268052703530,555
11268052922502,11268052923084,582
11268053139762,11268053140300,538
11268053354474,11268053355062,588
11268053568952,11268053569523,571
11268053783509,11268053784077,568
11268054000603,11268054001205,602
11268054223696,11268054224279,583
11268054439716,11268054440323,607
11268054656251,11268054656876,625
11268054871296,11268054871897,601
11268055088260,11268055088878,618
11268055314102,11268055314705,603
11268055563508,11268055564100,592
11268055790700,11268055791319,619
11268056009925,11268056010511,586
11268056230680,11268056231284,604
11268056449833,11268056450410,577
11268056667649,11268056668229,580
11268056885116,11268056885724,608
11268057104043,11268057104648,605
11268057322218,11268057322823,605
11268057542300,11268057542870,570
11268057760193,11268057760789,596
11268057978021,11268057978607,586
11268058193631,11268058194234,603
11268058410850,11268058411428,578
11268058626849,11268058627404,555
11268058840943,11268058841495,552
11268059064399,11268059065013,614
11268059290070,11268059290665,595
11268059511099,11268059511688,589
11268059734080,11268059734665,585
11268059955482,11268059956041,559
11268060175183,11268060175734,551
11268060405751,11268060406323,572
11268060626158,11268060626785,627
11268060848694,11268060849312,618
11268061079088,11268061079697,609
11268061303748,11268061304455,707
11268061529920,11268061530554,634
11268061749036,11268061749645,609
11268061972387,11268061973027,640
11268062192210,11268062192806,596
11268062427900,11268062428524,624
11268062650984,11268062651598,614
11268062871159,11268062871817,658
11268063093606,11268063094225,619
11268063311632,11268063312263,631
11268063533972,11268063534587,615
11268063752854,11268063753470,616
11268063973156,11268063973825,669
11268064193072,11268064193675,603
11268064419367,11268064419977,610
11268064644921,11268064645471,550
11268064865917,11268064866484,567
11268065082631,11268065083245,614
11268065307192,11268065307813,621
11268065526946,11268065527530,584
11268065759906,11268065760518,612
11268065981636,11268065982198,562
11268066202721,11268066220610,17889
11268066438458,11268066439009,551
11268066663706,11268066664310,604
11268066882001,11268066882616,615
11268067101373,11268067102015,642
11268067320235,11268067320846,611
11268067622061,11268067622946,885
11268067937127,11268067937827,700
11268068173260,11268068175089,1829
11268068397264,11268068397892,628
11268068617374,11268068617967,593
11268068840034,11268068840612,578
11268069071018,11268069071637,619
11268069322394,11268069323039,645
11268069649437,11268069650164,727
11268069913062,11268069913758,696
11268070147682,11268070148333,651
11268070389072,11268070389655,583
11268070609943,11268070610576,633
11268070830406,11268070831051,645
11268071048644,11268071049252,608
11268071267871,11268071268469,598
11268071486376,11268071486996,620
11268071704314,11268071704906,592
11268071923324,11268071923942,618
11268072140258,11268072140804,546
11268072415045,11268072415695,650
11268072641146,11268072641782,636
11268072861747,11268072862368,621
11268073084815,11268073085361,546
11268073308600,11268073309211,611
11268073530961,11268073531577,616
11268073752250,11268073752840,590
11268073972523,11268073973093,570
11268074197571,11268074198121,550
11268074421375,11268074421934,559
11268074640252,11268074640808,556
11268074859509,11268074860066,557
11268075076370,11268075076934,564
11268075309814,11268075310366,552
11268075531683,11268075532211,528
11268075762521,11268075763096,575
11268075983944,11268075984509,565
11268076203132,11268076203693,561
11268076424351,11268076424908,557
11268076647073,11268076647651,578
11268076872827,11268076873410,583
11268077092971,11268077093559,588
11268077315477,11268077316072,595
11268077535345,11268077535948,603
11268077760481,11268077761103,622
11268077979649,11268077980231,582
11268078203571,11268078204128,557
11268078425996,11268078426579,583
11268078649036,11268078649644,608
11268078868950,11268078869541,591
11268079097525,11268079098126,601
11268079316506,11268079317099,593
11268079537886,11268079538467,581
11268079759143,11268079759767,624
11268079983213,11268079983815,602
11268080204631,11268080205212,581
11268080490561,11268080491155,594
11268080712153,11268080712749,596
11268080934364,11268080934969,605
11268081157676,11268081158285,609
11268081375949,11268081376568,619
11268081598531,11268081599144,613
11268081816895,11268081817491,596
11268082040860,11268082041470,610
11268082263941,11268082264566,625
11268082487737,11268082488364,627
11268082709892,11268082710509,617
11268082931431,11268082932024,593
11268083223162,11268083223796,634
11268083469604,11268083470227,623
11268083696092,11268083696666,574
11268083911256,11268083911843,587
11268084133443,11268084134018,575
11268084359993,11268084360625,632
11268084578656,11268084579263,607
11268084794068,11268084794654,586
11268085012644,11268085013242,598
11268085230351,11268085230981,630
11268085461019,11268085461665,646
11268085683782,11268085684367,585
11268085902739,11268085903323,584
11268086120621,11268086121227,606
11268086358780,11268086359349,569
11268086580834,11268086581427,593
11268086798231,11268086798816,585
11268087016812,11268087017407,595
11268087231948,11268087232539,591
11268087457916,11268087458553,637
11268087675964,11268087676549,585
11268087893929,11268087894501,572
11268088113696,11268088114268,572
11268088332768,11268088333354,586
11268088558228,11268088558788,560
11268088777030,11268088777655,625
11268089000133,11268089000726,593
11268089228351,11268089228948,597
11268089443503,11268089444104,601
11268089662402,11268089662992,590
11268089879980,11268089880521,541
11268090095862,11268090096453,591
11268090313283,11268090313847,564
11268090527337,11268090527890,553
11268090746161,11268090746724,563
11268090964625,11268090965202,577
11268091183954,11268091184527,573
11268091398809,11268091399390,581
11268091617278,11268091617867,589
11268091834308,11268091834888,580
11268092051218,11268092051792,574
11268092271190,11268092271782,592
11268092488093,11268092488666,573
11268092705674,11268092706259,585
11268092920722,11268092921281,559
11268093137048,11268093137630,582
11268093369101,11268093369661,560
11268093585948,11268093586553,605
11268093801743,11268093802342,599
11268094018216,11268094018812,596
11268094233122,11268094233726,604
11268094469214,11268094469775,561
11268094684161,11268094684724,563
11268094903151,11268094903707,556
11268095118408,11268095118944,536
11268095335985,11268095336547,562
11268095554999,11268095555616,617
11268095772187,11268095772759,572
11268095990661,11268095991265,604
11268096204820,11268096205410,590
11268096445676,11268096446253,577
11268096663059,11268096663648,589
11268096880466,11268096881095,629
11268097091363,11268097091954,591
11268097310930,11268097311501,571
11268097525128,11268097525688,560
11268097739974,11268097740570,596
11268097957108,11268097957696,588
11268098172250,11268098172820,570
11268098386610,11268098387197,587
11268098603896,11268098604500,604
11268098819936,11268098820484,548
11268099044273,11268099044837,564
11268099261395,11268099261979,584
11268099476491,11268099477099,608
11268099696125,11268099696700,575
11268099912886,11268099913443,557
11268100129246,11268100129822,576
11268100342404,11268100343005,601
11268100559138,11268100559723,585
11268100773527,11268100774096,569
11268100991152,11268100991755,603
11268101203694,11268101204314,620
11268101437520,11268101438126,606
11268101653518,11268101654159,641
11268101867594,11268101868179,585
11268102084429,11268102084991,562
11268102306150,11268102306712,562
11268102533645,11268102534201,556
11268102747909,11268102748495,586
11268102963643,11268102964206,563
11268103180570,11268103181130,560
11268103397657,11268103398210,553
11268103611223,11268103611776,553
11268103828769,11268103829383,614
11268104046914,11268104047502,588
11268104263524,11268104264124,600
11268104494001,11268104494545,544
11268104710824,11268104711397,573
11268104927062,11268104927661,599
11268105144278,11268105144880,602
11268105359309,11268105359906,597
11268105581909,11268105582504,595
11268105799437,11268105800028,591
11268106014415,11268106014959,544
11268106232195,11268106232764,569
11268106445694,11268106446296,602
11268106661864,11268106662450,586
11268106875179,11268106875754,575
11268107093476,11268107094067,591
11268107308827,11268107309419,592
11268107524899,11268107525519,620
11268107740073,11268107740666,593
11268107956141,11268107956720,579
11268108175848,11268108176427,579
11268108392066,11268108392681,615
11268108606626,11268108607239,613
11268108822443,11268108823069,626
11268109044025,11268109044656,631
11268109260676,11268109261288,612
11268109478066,11268109478659,593
11268109695899,11268109696461,562
11268109917591,11268109918187,596
11268110134140,11268110134734,594
11268110351960,11268110352580,620
11268110576558,11268110577187,629
11268110794817,11268110795440,623
11268111009589,11268111010169,580
11268111226119,11268111226670,551
11268111447574,11268111448132,558
11268111663243,11268111663777,534
11268111879968,11268111880543,575
11268112095096,11268112095684,588
11268112324020,11268112324597,577
11268112540259,11268112540866,607
11268112757859,11268112758434,575
11268112974015,11268112974598,583
11268113193717,11268113194278,561
11268113413385,11268113413933,548
11268113631279,11268113631830,551
11268113847683,11268113848214,531
11268114062331,11268114062868,537
11268114279166,11268114279711,545
11268114507385,11268114507925,540
11268114721749,11268114722338,589
11268114937616,11268114938199,583
11268115156037,11268115156593,556
11268115371866,11268115373606,1740
11268115596017,11268115596590,573
11268115811258,11268115811851,593
11268116030220,11268116030759,539
11268116247624,11268116248209,585
11268116464564,11268116465156,592
11268116680502,11268116681076,574
11268116897963,11268116898549,586
11268117114405,11268117114977,572
11268117342138,11268117342731,593
11268117557424,11268117557997,573
11268117772464,11268117773021,557
11268117987954,11268117988534,580
11268118205315,11268118205883,568
11268118427657,11268118428208,551
11268118643752,11268118644309,557
11268118860689,11268118861242,553
11268119080526,11268119081090,564
11268119296057,11268119296601,544
11268119513281,11268119513817,536
11268119731389,11268119731935,546
11268119948667,11268119949227,560
11268120164223,11268120164778,555
11268120393629,11268120394245,616
11268120610943,11268120611535,592
11268120830916,11268120831534,618
11268121046811,11268121047398,587
11268121263197,11268121263762,565
11268121479980,11268121480543,563
11268121695558,11268121696135,577
11268121910766,11268121911287,521
11268122126849,11268122127774,925
11268122346648,11268122347235,587
11268122586143,11268122586696,553
11268122802820,11268122803364,544
11268123017660,11268123018228,568
11268123233569,11268123234146,577
11268123453939,11268123454519,580
11268123672608,11268123673198,590
11268123888419,11268123889340,921
11268124103534,11268124104135,601
11268124319374,11268124319993,619
11268124536866,11268124537477,611
11268124753341,11268124753913,572
11268124970778,11268124971388,610
11268125186333,11268125186934,601
11268125402567,11268125403158,591
11268125623340,11268125623928,588
11268125842641,11268125843215,574
11268126058858,11268126059403,545
11268126274129,11268126274713,584
11268126490035,11268126490586,551
11268126708794,11268126709379,585
11268126925727,11268126926278,551
11268127141197,11268127141796,599
11268127356750,11268127357327,577
11268127572980,11268127573542,562
11268127794230,11268127794805,575
11268128008384,11268128008951,567
11268128226381,11268128226918,537
11268128448903,11268128449458,555
11268128665162,11268128665704,542
11268128885983,11268128886551,568
11268129103845,11268129104398,553
11268129321055,11268129321635,580
11268129540314,11268129540900,586
11268129755882,11268129756486,604
11268129973057,11268129973623,566
11268130190680,11268130191269,589
11268130421599,11268130422157,558
11268130637165,11268130637741,576
11268130853703,11268130854277,574
11268131072416,11268131073017,601
11268131288380,11268131288938,558
11268131505555,11268131506141,586
11268131726007,11268131726573,566
11268131944736,11268131945682,946
11268132159735,11268132160533,798
11268132385980,11268132386613,633
11268132604570,11268132605419,849
11268132820532,11268132821281,749
11268133039616,11268133040244,628
11268133278385,11268133278994,609
11268133496953,11268133497753,800
11268133712042,11268133712752,710
11268133928775,11268133929371,596
11268134148007,11268134148620,613
11268134381181,11268134381790,609
11268134605038,11268134605675,637
11268134822449,11268134823091,642
11268135040191,11268135040842,651
11268135259360,11268135260119,759
11268135490655,11268135491291,636
11268135711621,11268135712238,617
11268135929639,11268135930278,639
11268136145876,11268136146467,591
11268136365603,11268136366221,618
11268136582967,11268136583532,565
11268136800945,11268136801546,601
11268137016405,11268137017016,611
11268137232724,11268137233311,587
11268137466665,11268137467257,592
11268137685873,11268137686451,578
11268137901743,11268137902302,559
11268138117662,11268138118230,568
11268138336094,11268138336632,538
11268138553809,11268138554382,573
11268138769302,11268138769845,543
11268138988733,11268138989304,571
11268139207266,11268139207798,532
11268139426375,11268139427004,629
11268139642752,11268139643311,559
11268139859731,11268139860300,569
11268140077405,11268140077934,529
11268140294872,11268140295481,609
11268140512692,11268140513275,583
11268140729046,11268140729643,597
11268140947381,11268140947960,579
11268141163837,11268141164412,575
11268141380341,11268141380888,547
11268141599884,11268141600683,799
11268141814759,11268141815473,714
11268142032873,11268142033432,559
11268142254343,11268142254914,571
11268142473966,11268142474522,556
11268142690284,11268142690821,537
11268142905743,11268142906270,527
11268143123570,11268143124120,550
11268143340830,11268143341373,543
11268143558274,11268143559026,752
11268143772809,11268143773405,596
11268143993371,11268143994146,775
11268144207926,11268144208597,671
11268144424468,11268144425089,621
11268144642000,11268144642574,574
11268144861386,11268144862156,770
11268145075710,11268145076345,635
11268145296669,11268145297287,618
11268145513900,11268145514488,588
11268145739947,11268145740596,649
11268145957088,11268145957906,818
11268146171680,11268146172302,622
11268146391647,11268146392308,661
11268146608719,11268146609528,809
11268146826156,11268146826745,589
11268147041749,11268147042521,772
11268147257948,11268147258550,602
11268147476523,11268147477140,617
11268147694855,11268147695465,610
11268147912219,11268147912808,589
11268148128836,11268148129624,788
11268148404425,11268148405035,610
11268148623427,11268148624169,742
11268148838209,11268148838848,639
11268149062477,11268149063053,576
11268149279517,11268149280289,772
11268149496702,11268149497294,592
11268149714632,11268149715359,727
11268149930809,11268149931486,677
11268150151638,11268150152375,737
11268150370590,11268150371247,657
11268150590470,11268150591213,743
11268150805813,11268150806432,619
11268151024966,11268151025564,598
11268151240896,11268151241492,596
11268151457923,11268151458666,743
11268151670270,11268151670882,612
11268151888304,11268151889477,1173
11268152108832,11268152109562,730
11268152352178,11268152352864,686
11268152598148,11268152598780,632
11268152821174,11268152821917,743
11268153036656,11268153038678,2022
11268153257382,11268153258076,694
11268153486616,11268153487226,610
11268153702346,11268153703186,840
11268153917620,11268153918186,566
11268154132095,11268154132697,602
11268154351770,11268154352373,603
11268154573891,11268154574457,566
11268154789546,11268154790309,763
11268155002245,11268155002870,625
11268155219488,11268155220057,569
11268155436890,11268155437695,805
11268155661298,11268155661900,602
11268155878018,11268155878775,757
11268156093048,11268156093672,624
11268156316613,11268156317160,547
11268156535125,11268156535676,551
11268156754949,11268156755530,581
11268156973334,11268156974073,739
11268157188093,11268157188832,739
11268157418987,11268157419695,708
11268157658560,11268157659193,633
11268157874596,11268157875173,577
11268158091776,11268158092575,799
11268158302280,11268158302896,616
11268158522879,11268158523431,552
11268158743826,11268158744544,718
11268158973216,11268158973841,625
11268159193169,11268159193707,538
11268159413053,11268159413579,526
11268159634849,11268159635369,520
11268159849638,11268159850377,739
11268160065730,11268160066314,584
11268160287532,11268160288267,735
11268160503437,11268160504051,614
11268160722418,11268160723145,727
11268160938864,11268160939438,574
11268161155595,11268161156348,753
11268161369468,11268161370059,591
11268161587995,11268161588740,745
11268161809095,11268161809721,626
11268162028736,11268162029419,683
11268162250573,11268162251201,628
11268162472311,11268162472928,617
11268162694431,11268162695186,755
11268162911833,11268162912495,662
11268163125653,11268163126209,556
11268163360200,11268163360784,584
11268163577198,11268163577960,762
11268163799034,11268163799631,597
11268164016463,11268164017184,721
11268164228846,11268164229444,598
11268164448617,11268164449331,714
11268164663691,11268164664282,591
11268164881699,11268164882424,725
11268165097178,11268165097767,589
11268165313717,11268165314445,728
11268165530247,11268165530821,574
11268165756709,11268165757677,968
11268165974696,11268165975333,637
11268166191624,11268166192380,756
11268166417396,11268166418033,637
11268166633337,11268166633954,617
11268166847359,11268166848076,717
11268167061836,11268167062453,617
11268167275384,11268167276172,788
11268167493162,11268167493764,602
11268167712219,11268167712841,622
11268167928229,11268167928844,615
11268168151072,11268168151827,755
11268168375013,11268168375609,596
11268168590273,11268168590886,613
11268168805948,11268168806718,770
11268169030301,11268169030983,682
11268169254514,11268169255273,759
11268169488442,11268169489054,612
11268169707617,11268169708357,740
11268169925049,11268169925651,602
11268170140262,11268170140835,573
11268170359610,11268170360370,760
11268170578882,11268170579513,631
11268170795940,11268170796696,756
11268171010128,11268171010765,637
11268171230493,11268171231194,701
11268171444622,11268171445188,566
11268171658558,11268171659157,599
11268171871350,11268171872028,678
11268172082387,11268172083004,617
11268172302308,11268172303103,795
11268172520556,11268172521191,635
11268172737459,11268172738164,705
11268172952097,11268172952670,573
11268173168401,11268173169153,752
11268173392675,11268173393267,592
11268173611520,11268173612137,617
11268173825853,11268173826586,733
11268174039625,11268174040216,591
11268174254601,11268174273694,19093
11268174487666,11268174488695,1029
11268174705851,11268174706443,592
11268174922060,11268174922809,749
11268175133310,11268175133904,594
11268175359532,11268175360264,732
11268175579292,11268175579922,630
11268175792522,11268175793270,748
11268176008627,11268176009208,581
11268176224494,11268176225226,732
11268176438399,11268176439017,618
11268176655677,11268176656418,741
11268176869051,11268176869632,581
11268177084351,11268177085109,758
11268177298450,11268177299045,595
11268177513281,11268177513983,702
11268177726168,11268177726772,604
11268177942466,11268177943100,634
11268178155063,11268178155809,746
11268178367832,11268178368451,619
11268178582535,11268178583294,759
11268178798461,11268178799040,579
11268179019775,11268179020478,703
11268179250590,11268179251240,650
11268179468664,11268179469403,739
11268179684598,11268179685195,597
11268179904541,11268179905425,884
11268180123736,11268180124452,716
11268180345127,11268180345725,598
11268180563201,11268180563823,622
11268180781563,11268180782110,547
11268181002894,11268181003630,736
11268181222518,11268181223130,612
11268181445891,11268181446650,759
11268181662440,11268181663072,632
11268181884265,11268181885020,755
11268182102530,11268182104342,1812
11268182326469,11268182327251,782
11268182547809,11268182548406,597
11268182768805,11268182770666,1861
11268182986583,11268182987256,673
11268183211824,11268183212571,747
11268183427584,11268183428226,642
11268183649177,11268183649769,592
11268183866680,11268183867237,557
11268184090655,11268184091392,737
11268184306328,11268184306929,601
11268184525223,11268184525962,739
11268184737620,11268184738226,606
11268184960802,11268184961533,731
11268185181244,11268185181883,639
11268185406472,11268185407265,793
11268185629096,11268185629714,618
11268185850531,11268185851264,733
11268186070858,11268186071471,613
11268186292692,11268186293317,625
11268186515682,11268186516313,631
11268186743689,11268186745678,1989
11268186965643,11268186966279,636
11268187182649,11268187183359,710
11268187402730,11268187403363,633
11268187621322,11268187622036,714
11268187835321,11268187835904,583
11268188051684,11268188052375,691
11268188273565,11268188274176,611
11268188491635,11268188492229,594
11268188708101,11268188708851,750
11268188927665,11268188928289,624
11268189147236,11268189148006,770
11268189387518,11268189388099,581
11268189604937,11268189605716,779
11268189824602,11268189825232,630
11268190043439,11268190044046,607
11268190268911,11268190269680,769
11268190487829,11268190488451,622
11268190705617,11268190706399,782
11268190919288,11268190919955,667
11268191134885,11268191135664,779
11268191352529,11268191353163,634
11268191579404,11268191580119,715
11268191796004,11268191796618,614
11268192015829,11268192016550,721
11268192240140,11268192240783,643
11268192483193,11268192483925,732
11268192703647,11268192704266,619
11268192924943,11268192925716,773
11268193186702,11268193187355,653
11268193424624,11268193425296,672
11268193649768,11268193650591,823
11268193873262,11268193873889,627
11268194094060,11268194094856,796
11268194317076,11268194317689,613
11268194603835,11268194604655,820
11268194845762,11268194846372,610
11268195070697,11268195071433,736
11268195289247,11268195289833,586
11268195569161,11268195570006,845
11268195836047,11268195836715,668
11268196105729,11268196106617,888
11268196358145,11268196358830,685
11268196606317,11268196607173,856
11268196859935,11268196860629,694
11268197113204,11268197113902,698
11268197386985,11268197387786,801
11268197642458,11268197643134,676
11268197946538,11268197947750,1212
11268198296475,11268198297435,960
11268198717983,11268198719510,1527
11268199100838,11268199101892,1054
11268199564061,11268199565212,1151
11268200027917,11268200029672,1755
11268200430100,11268200431667,1567
11268200801864,11268200802885,1021
11268201131803,11268201132746,943
11268201440693,11268201441370,677
11268201725281,11268201725920,639
11268201980226,11268201981013,787
11268202263962,11268202264636,674
11268202551262,11268202552054,792
11268202812708,11268202813339,631
11268203062795,11268203064265,1470
11268203294792,11268203295434,642
11268203527459,11268203528248,789
11268203768480,11268203769146,666
11268204020403,11268204021320,917
11268204259264,11268204259900,636
11268204498766,11268204499487,721
11268204720751,11268204721336,585
11268204942125,11268204942917,792
11268205167607,11268205168243,636
11268205417472,11268205418203,731
11268205666600,11268205667299,699
11268205900118,11268205900901,783
11268206127072,11268206127656,584
11268206376228,11268206376998,770
11268206649733,11268206650705,972
11268207021989,11268207023364,1375
11268207317111,11268207317983,872
11268207707102,11268207708460,1358
11268208116262,11268208117471,1209
11268208442586,11268208443438,852
11268208680722,11268208681393,671
11268208925409,11268208926274,865
11268209150416,11268209151141,725
11268209396432,11268209397217,785
11268209651357,11268209652151,794
11268209960544,11268209961471,927
11268210214140,11268210214821,681
11268210466794,11268210467591,797
11268210687001,11268210687620,619
11268210908650,11268210909384,734
11268211142558,11268211143200,642
11268211388998,11268211390200,1202
11268211631635,11268211632254,619
11268211857674,11268211858510,836
11268212102104,11268212102792,688
11268212425688,11268212426741,1053
11268212717638,11268212718325,687
11268212996651,11268212997377,726
11268213287690,11268213288473,783
11268213558941,11268213559815,874
11268213803162,11268213803834,672
11268214058501,11268214059364,863
11268214329157,11268214330421,1264
11268214588880,11268214589561,681
11268214829903,11268214830540,637
11268215102502,11268215103323,821
11268215372111,11268215372710,599
11268215739429,11268215740428,999
11268216009196,11268216009934,738
11268216243031,11268216243886,855
11268216489570,11268216490273,703
11268216716463,11268216717232,769
11268216939020,11268216939717,697
11268217164575,11268217165409,834
11268217390336,11268217391009,673
11268217611721,11268217612530,809
11268217830915,11268217831577,662
11268218053331,11268218054103,772
11268218289967,11268218290625,658
11268218509360,11268218510200,840
11268218732918,11268218733544,626
11268218992371,11268218993180,809
11268219218502,11268219219147,645
11268219440486,11268219441250,764
11268219660662,11268219661296,634
11268219880966,11268219881760,794
11268220104432,11268220105125,693
11268220324127,11268220324959,832
11268220544691,11268220545389,698
11268220765944,11268220766726,782
11268221028101,11268221028791,690
11268221261142,11268221261958,816
11268221558117,11268221558802,685
11268221792218,11268221793000,782
11268222023852,11268222024485,633
11268222261980,11268222262784,804
11268222484840,11268222485578,738
11268222709761,11268222710537,776
11268223011394,11268223012044,650
11268223262367,11268223263117,750
11268223476056,11268223476689,633
11268223696988,11268223697731,743
11268223912562,11268223913208,646
11268224127736,11268224128503,767
11268224342038,11268224342666,628
11268224559136,11268224559959,823
11268224777440,11268224778064,624
11268224993981,11268224994758,777
11268225212836,11268225213469,633
11268225436266,11268225437038,772
11268225695631,11268225696352,721
11268225952090,11268225952883,793
11268226172924,11268226173591,667
11268226392740,11268226393522,782
11268226614828,11268226615505,677
11268226942239,11268226943895,1656
11268227283393,11268227284073,680
11268227512340,11268227513157,817
11268227730308,11268227730924,616
11268227947361,11268227948133,772
11268228166909,11268228167527,618
11268228384865,11268228385653,788
11268228598339,11268228598948,609
11268228818865,11268228819612,747
11268229078304,11268229078967,663
11268229306925,11268229307732,807
11268229526321,11268229526942,621
11268229744259,11268229745047,788
11268229958586,11268229959251,665
11268230200398,11268230201236,838
11268230424688,11268230425360,672
11268230641165,11268230641916,751
11268230853787,11268230854412,625
11268231067766,11268231068525,759
11268231281322,11268231281962,640
11268231497712,11268231498467,755
11268231709097,11268231709776,679
11268231924674,11268231925434,760
11268232138402,11268232139051,649
11268232359793,11268232360636,843
11268232576626,11268232577252,626
11268232792642,11268232793417,775
11268233005422,11268233006039,617
11268233221924,11268233222656,732
11268233432830,11268233433403,573
11268233648736,11268233649557,821
11268233862897,11268233863489,592
11268234075884,11268234076640,756
11268234288742,11268234289374,632
11268234509012,11268234509752,740
11268234719606,11268234720239,633
11268234935081,11268234935831,750
11268235147868,11268235148485,617
11268235364732,11268235365480,748
11268235581556,11268235582214,658
11268235803928,11268235804707,779
11268236016418,11268236017024,606
11268236231386,11268236232144,758
11268236442270,11268236442881,611
11268236658153,11268236658862,709
11268236873269,11268236873960,691
11268237104708,11268237105480,772
11268237323683,11268237324354,671
11268237544281,11268237545039,758
11268237764463,11268237765047,584
11268237992765,11268237993528,763
11268238221554,11268238222180,626
11268238444207,11268238444995,788
11268238663528,11268238664160,632
11268238887988,11268238888778,790
11268239115059,11268239115741,682
11268239339075,11268239340343,1268
11268239557713,11268239558327,614
11268239774208,11268239774999,791
11268239996565,11268239997133,568
11268240216045,11268240216773,728
11268240435620,11268240436236,616
11268240654405,11268240655183,778
11268240869880,11268240870485,605
11268241092360,11268241093114,754
11268241308540,11268241309171,631
11268241527062,11268241527857,795
11268241747471,11268241748098,627
11268241967781,11268241968591,810
11268242185419,11268242186074,655
11268242428022,11268242428822,800
11268242648356,11268242649006,650
11268242868690,11268242869434,744
11268243088768,11268243089414,646
11268243313508,11268243314244,736
11268243545511,11268243546122,611
11268243761147,11268243761862,715
11268243978079,11268243978703,624
11268244196757,11268244197486,729
11268244416387,11268244417034,647
11268244634828,11268244635524,696
11268244851924,11268244852562,638
11268245071821,11268245072604,783
11268245287935,11268245288574,639
11268245507317,11268245508043,726
11268245725944,11268245726609,665
11268245943338,11268245944108,770
11268246165018,11268246165599,581
11268246385327,11268246386098,771
11268246603544,11268246604107,563
11268246822173,11268246822907,734
11268247038631,11268247039197,566
11268247259582,11268247260377,795
11268247477291,11268247477903,612
11268247705990,11268247706763,773
11268247924154,11268247924767,613
11268248144586,11268248145373,787
11268248359365,11268248359982,617
11268248576081,11268248576826,745
11268248795615,11268248796222,607
11268249019872,11268249020631,759
11268249240976,11268249241653,677
11268249478585,11268249479354,769
11268249703076,11268249703738,662
11268249924015,11268249924772,757
11268250140089,11268250140711,622
11268250363970,11268250364695,725
11268250582311,11268250582960,649
11268250804757,11268250805482,725
11268251024732,11268251025362,630
11268251244738,11268251245476,738
11268251462691,11268251463292,601
11268251682395,11268251683190,795
11268251903893,11268251904469,576
11268252127402,11268252128128,726
11268252349292,11268252349921,629
11268252567138,11268252567895,757
11268252785789,11268252786403,614
11268253012543,11268253013284,741
11268253231037,11268253231735,698
11268253526370,11268253527316,946
11268253764875,11268253765584,709
11268254009952,11268254010808,856
11268254260589,11268254261273,684
11268254575713,11268254576658,945
11268254835329,11268254836012,683
11268255069005,11268255069760,755
11268255287293,11268255287916,623
11268255511942,11268255512756,814
11268255749336,11268255750039,703
11268255971868,11268255972670,802
11268256221094,11268256221811,717
11268256543502,11268256544425,923
11268256808781,11268256809485,704
11268257044259,11268257045121,862
11268257266121,11268257266790,669
11268257493713,11268257494546,833
11268257711988,11268257712622,634
11268257929616,11268257930405,789
11268258146616,11268258147196,580
11268258365558,11268258366381,823
11268258582941,11268258583572,631
11268258799258,11268258800046,788
11268259026618,11268259027299,681
11268259245803,11268259246518,715
11268259461754,11268259462365,611
11268259679541,11268259680319,778
11268259894495,11268259895116,621
11268260115498,11268260116227,729
11268260329426,11268260330049,623
11268260548547,11268260549244,697
11268260764569,11268260765740,1171
11268260983814,11268260984545,731
11268261201235,11268261201825,590
11268261419445,11268261420207,762
11268261635159,11268261635787,628
11268261852904,11268261853661,757
11268262083468,11268262084081,613
11268262309014,11268262309742,728
11268262544136,11268262544790,654
11268262760093,11268262760823,730
11268262976498,11268262977146,648
11268263194802,11268263195504,702
11268263421411,11268263421997,586
11268263639487,11268263640217,730
11268263855772,11268263856387,615
11268264073810,11268264074564,754
11268264289502,11268264290094,592
11268264508970,11268264509754,784
11268264726846,11268264727422,576
11268264944761,11268264945537,776
11268265159368,11268265159964,596
11268265380216,11268265380979,763
11268265598204,11268265598842,638
11268265817986,11268265818754,768
11268266033858,11268266034479,621
11268266251835,11268266252595,760
11268266468960,11268266469941,981
11268266687933,11268266688626,693
11268266904580,11268266905226,646
11268267124663,11268267125425,762
11268267339421,11268267340013,592
11268267557890,11268267558637,747
11268267774055,11268267774663,608
11268267993013,11268267993783,770
11268268206829,11268268207448,619
11268268445475,11268268446196,721
11268268664125,11268268664723,598
11268268884939,11268268885720,781
11268269103724,11268269104398,674
11268269322686,11268269323421,735
11268269544295,11268269544916,621
11268269762429,11268269763181,752
11268269978645,11268269979260,615
11268270203215,11268270203990,775
11268270425936,11268270426539,603
11268270640802,11268270641584,782
11268270858705,11268270859295,590
11268271077202,11268271078033,831
11268271291751,11268271292575,824
11268271509727,11268271510460,733
11268271723523,11268271724115,592
11268271943800,11268271944536,736
11268272158875,11268272159576,701
11268272382729,11268272383480,751
11268272601994,11268272602638,644
11268272820053,11268272820826,773
11268273034752,11268273035396,644
11268273250951,11268273251734,783
11268273465192,11268273465839,647
11268273682698,11268273683422,724
11268273896783,11268273897335,552
11268274116934,11268274117899,965
11268274337938,11268274338599,661
11268274553297,11268274554060,763
11268274770097,11268274770688,591
11268274987287,11268274988060,773
11268275205809,11268275206439,630
11268275424906,11268275425662,756
11268275645859,11268275646496,637
11268275864481,11268275865237,756
11268276080753,11268276081352,599
11268276298147,11268276298879,732
11268276515303,11268276515921,618
11268276732016,11268276732791,775
11268276947698,11268276948322,624
11268277168047,11268277168807,760
11268277382947,11268277383560,613
11268277600035,11268277600775,740
11268277813266,11268277813908,642
11268278033078,11268278033831,753
11268278249258,11268278249923,665
11268278471110,11268278471872,762
11268278686289,11268278686845,556
11268278910691,11268278911450,759
11268279126188,11268279126842,654
11268279343277,11268279344025,748
11268279579958,11268279580605,647
11268279798746,11268279799515,769
11268280013912,11268280014507,595
11268280234674,11268280235377,703
11268280454733,11268280455344,611
11268280671346,11268280672084,738
11268280886144,11268280886808,664
11268281101682,11268281102404,722
11268281316116,11268281316754,638
11268281533250,11268281533976,726
11268281747314,11268281747942,628
11268281964400,11268281965119,719
11268282179323,11268282179936,613
11268282402354,11268282403095,741
11268282620201,11268282620804,603
11268282836825,11268282837568,743
11268283051806,11268283052406,600
11268283269294,11268283270009,715
11268283483901,11268283484530,629
11268283704314,11268283705419,1105
11268283923921,11268283924525,604
11268284141069,11268284141786,717
11268284356190,11268284356823,633
11268284579608,11268284580340,732
11268284793090,11268284793688,598
11268285011658,11268285012394,736
11268285227529,11268285228158,629
11268285443886,11268285444604,718
11268285667533,11268285668204,671
11268285890015,11268285890791,776
11268286115057,11268286115747,690
11268286332853,11268286333621,768
11268286550037,11268286550683,646
11268286767368,11268286768136,768
11268286987818,11268286988418,600
11268287206129,11268287206937,808
11268287421460,11268287422143,683
11268287640394,11268287641145,751
11268287857935,11268287858629,694
11268288072850,11268288073566,716
11268288287912,11268288288518,606
11268288505141,11268288505878,737
11268288721999,11268288722586,587
11268288945203,11268288945949,746
11268289162255,11268289162817,562
11268289394474,11268289395267,793
11268289608186,11268289608798,612
11268289826301,11268289827055,754
11268290042291,11268290042864,573
11268290258259,11268290259013,754
11268290471291,11268290471926,635
11268290690809,11268290691533,724
11268290905968,11268290906559,591
11268291124696,11268291125480,784
11268291338224,11268291338861,637
11268291571260,11268291572028,768
11268291788242,11268291788817,575
11268292011396,11268292012067,671
11268292249435,11268292250033,598
11268292468098,11268292468832,734
11268292687250,11268292687919,669
11268292904137,11268292904909,772
11268293122673,11268293123276,603
11268293345000,11268293345963,963
11268293561861,11268293562505,644
11268293778800,11268293779598,798
11268294063277,11268294063916,639
11268294298670,11268294299405,735
11268294515842,11268294516415,573
11268294733033,11268294733760,727
11268294951232,11268294951871,639
11268295167915,11268295168677,762
11268295382974,11268295383931,957
11268295612191,11268295612979,788
11268295829722,11268295830310,588
11268296049923,11268296050636,713
11268296274304,11268296274897,593
11268296493433,11268296494227,794
11268296712306,11268296712970,664
11268296932289,11268296933046,757
11268297145541,11268297146172,631
11268297384478,11268297385228,750
11268297628607,11268297629202,595
11268297851649,11268297852394,745
11268298070052,11268298070628,576
11268298291266,11268298291979,713
11268298507187,11268298507801,614
11268298725661,11268298726463,802
11268298951005,11268298951644,639
11268299173588,11268299174327,739
11268299388854,11268299389438,584
11268299608744,11268299609438,694
11268299827691,11268299828284,593
11268300044386,11268300045104,718
11268300261195,11268300261816,621
11268300478211,11268300478999,788
11268300695117,11268300695779,662
11268300915520,11268300916245,725
11268301131618,11268301132234,616
11268301352447,11268301353168,721
11268301569938,11268301570585,647
11268301787769,11268301788482,713
11268302005512,11268302006071,559
11268302230802,11268302231502,700
11268302448333,11268302448955,622
11268302664540,11268302665286,746
11268302878039,11268302878725,686
11268303095358,11268303096115,757
11268303309557,11268303310222,665
11268303524912,11268303525645,733
11268303737988,11268303738636,648
11268303954332,11268303955047,715
11268304167254,11268304167850,596
11268304401760,11268304402544,784
11268304618746,11268304619403,657
11268304835837,11268304836577,740
11268305053750,11268305054380,630
11268305292359,11268305293098,739
11268305514564,11268305515222,658
11268305738949,11268305739697,748
11268305956469,11268305957113,644
11268306173990,11268306174719,729
11268306388557,11268306389208,651
11268306604241,11268306604983,742
11268306820244,11268306820842,598
11268307035747,11268307036511,764
11268307253708,11268307254328,620
11268307472392,11268307473176,784
11268307686093,11268307686723,630
11268307901595,11268307902289,694
11268308113488,11268308114050,562
11268308331979,11268308333071,1092
11268308546665,11268308547266,601
11268308762860,11268308763620,760
11268308978680,11268308979328,648
11268309285806,11268309287292,1486
11268309549824,11268309550487,663
11268309774252,11268309775104,852
11268309989810,11268309990451,641
11268310207828,11268310208639,811
11268310423473,11268310424061,588
11268310655105,11268310655852,747
11268310926644,11268310927342,698
11268311169135,11268311169982,847
11268311411387,11268311412143,756
11268311640891,11268311641714,823
11268311860717,11268311861338,621
11268312081021,11268312081815,794
11268312303680,11268312304363,683
11268312523317,11268312524122,805
11268312740560,11268312741214,654
11268312964380,11268312965178,798
11268313182231,11268313182868,637
11268313404782,11268313405575,793
11268313621004,11268313621645,641
11268313841161,11268313841961,800
11268314060528,11268314061130,602
11268314291131,11268314291900,769
11268314510456,11268314511065,609
11268314731971,11268314732755,784
11268314948755,11268314949386,631
11268315172689,11268315173430,741
11268315389324,11268315389926,602
11268315616772,11268315617583,811
11268315835374,11268315835971,597
11268316055154,11268316055964,810
11268316286104,11268316286733,629
11268316506233,11268316507007,774
11268316725882,11268316726480,598
11268316944391,11268316945134,743
11268317164320,11268317164930,610
11268317387996,11268317388787,791
11268317605668,11268317606306,638
11268317824736,11268317825497,761
11268318041268,11268318041880,612
11268318260644,11268318261409,765
11268318484264,11268318484883,619
11268318702199,11268318702961,762
11268318926703,11268318927324,621
11268319144641,11268319145402,761
11268319364663,11268319365266,603
11268319581520,11268319582271,751
11268319797579,11268319798177,598
11268320015922,11268320016710,788
11268320231408,11268320232056,648
11268320455300,11268320456078,778
11268320671063,11268320671696,633
11268320890490,11268320891284,794
11268321104693,11268321105308,615
11268321339911,11268321340730,819
11268321557818,11268321558515,697
11268321775901,11268321776683,782
11268321990732,11268321991353,621
11268322212591,11268322213418,827
11268322448745,11268322449411,666
11268322671327,11268322672053,726
11268322885560,11268322886196,636
11268323103549,11268323104303,754
11268323319289,11268323319918,629
11268323539959,11268323540692,733
11268323762432,11268323763047,615
11268323982354,11268323983102,748
11268324203582,11268324204228,646
11268324446343,11268324447130,787
11268324662602,11268324663236,634
11268324880516,11268324881292,776
11268325096587,11268325097276,689
11268325317495,11268325318268,773
11268325531257,11268325531885,628
11268325753789,11268325754589,800
11268325976039,11268325976694,655
11268326196134,11268326196988,854
11268326415447,11268326416141,694
11268326638428,11268326639220,792
11268326858794,11268326859425,631
11268327081008,11268327081766,758
11268327303490,11268327304107,617
11268327523986,11268327524741,755
11268327740284,11268327740888,604
11268327958227,11268327959011,784
11268328178200,11268328178847,647
11268328403970,11268328404853,883
11268328618586,11268328619231,645
11268328835621,11268328836346,725
11268329059120,11268329059732,612
11268329281020,11268329281756,736
11268329524297,11268329524867,570
11268329743129,11268329743886,757
11268329961022,11268329961654,632
11268330179809,11268330180541,732
11268330404639,11268330405301,662
11268330625864,11268330626617,753
11268330841948,11268330842526,578
11268331064071,11268331064790,719
11268331286150,11268331286795,645
11268331506643,11268331507421,778
11268331724946,11268331725569,623
11268331945266,11268331945986,720
11268332162866,11268332163524,658
11268332390959,11268332391711,752
11268332604998,11268332605626,628
11268332824745,11268332825534,789
11268333042515,11268333043158,643
11268333263195,11268333263962,767
11268333486652,11268333487287,635
11268333709201,11268333709987,786
11268333928548,11268333929191,643
11268334146214,11268334146951,737
11268334364593,11268334365262,669
11268334587302,11268334588070,768
11268334805225,11268334805835,610
11268335024437,11268335025161,724
11268335256251,11268335256892,641
11268335488584,11268335489329,745
11268335711184,11268335711843,659
11268335935676,11268335936470,794
11268336155571,11268336156206,635
11268336382356,11268336383136,780
11268336596833,11268336597504,671
11268336817278,11268336818055,777
11268337035563,11268337036208,645
11268337252715,11268337253500,785
11268337468206,11268337468805,599
11268337689252,11268337689991,739
11268337907608,11268337908202,594
11268338122626,11268338123449,823
11268338341090,11268338341702,612
11268338561891,11268338562672,781
11268338782773,11268338783372,599
11268339005855,11268339006605,750
11268339221348,11268339221942,594
11268339439088,11268339439779,691
11268339652500,11268339653109,609
11268339870231,11268339870967,736
11268340091177,11268340091804,627
11268340313051,11268340313811,760
11268340529885,11268340530548,663
11268340749436,11268340750214,778
11268340965497,11268340966153,656
11268341187762,11268341188521,759
11268341407127,11268341407781,654
11268341625936,11268341626707,771
11268341847545,11268341848133,588
11268342068325,11268342069595,1270
11268342292038,11268342292670,632
11268342515615,11268342516412,797
11268342731543,11268342732175,632
11268342946492,11268342947202,710
11268343162742,11268343163378,636
11268343389892,11268343390692,800
11268343606979,11268343607603,624
11268343822783,11268343823589,806
11268344037356,11268344038379,1023
11268344256120,11268344256848,728
11268344472906,11268344473553,647
11268344692653,11268344693413,760
11268344908662,11268344909302,640
11268345127017,11268345127752,735
11268345343993,11268345344569,576
11268345570652,11268345571402,750
11268345787066,11268345787703,637
11268346005813,11268346007020,1207
11268346221910,11268346222572,662
11268346455324,11268346456109,785
11268346672430,11268346673039,609
11268346890495,11268346891245,750
11268347106593,11268347107198,605
11268347324125,11268347324866,741
11268347542431,11268347543030,599
11268347757418,11268347758146,728
11268347975293,11268347975847,554
11268348193138,11268348193878,740
11268348408252,11268348408840,588
11268348624975,11268348625761,786
11268348844281,11268348844886,605
11268349067538,11268349068291,753
11268349283939,11268349284574,635
11268349501519,11268349502265,746
11268349720845,11268349721490,645
11268349937525,11268349938262,737
11268350153373,11268350153987,614
11268350372105,11268350372866,761
11268350587247,11268350587921,674
11268350806893,11268350807662,769
11268351023006,11268351023639,633
11268351239532,11268351240286,754
11268351453870,11268351454493,623
11268351674043,11268351674763,720
11268351893398,11268351893959,561
11268352112385,11268352113140,755
11268352338953,11268352339582,629
11268352559736,11268352560508,772
11268352774942,11268352775600,658
11268352995909,11268352996652,743
11268353213590,11268353214215,625
11268353433062,11268353433828,766
11268353653541,11268353654173,632
11268353873009,11268353873773,764
11268354094233,11268354094862,629
11268354312440,11268354313197,757
11268354530660,11268354531297,637
11268354749475,11268354750215,740
11268354967653,11268354968302,649
11268355188546,11268355189275,729
11268355407015,11268355407644,629
11268355637563,11268355638321,758
11268355860209,11268355860866,657
11268356082014,11268356082734,720
11268356304166,11268356304783,617
11268356522900,11268356523659,759
11268356739912,11268356740509,597
11268356960602,11268356961385,783
11268357180879,11268357181524,645
11268357402789,11268357403562,773
11268357622530,11268357623180,650
11268357846629,11268357847439,810
11268358066865,11268358067547,682
11268358289505,11268358290220,715
11268358527408,11268358528080,672
11268358751631,11268358752344,713
11268358978641,11268358979294,653
11268359240364,11268359241109,745
11268359459026,11268359459659,633
11268359686164,11268359686975,811
11268359907178,11268359907807,629
11268360128736,11268360129533,797
11268360360792,11268360361443,651
11268360578674,11268360579465,791
11268360797524,11268360798164,640
11268361019738,11268361020462,724
11268361238836,11268361239468,632
11268361463446,11268361464182,736
11268361684040,11268361684643,603
11268361924782,11268361925510,728
11268362144605,11268362145236,631
11268362379180,11268362379909,729
11268362600309,11268362600907,598
11268362822447,11268362823193,746
11268363041068,11268363041737,669
11268363259123,11268363259853,730
11268363476741,11268363477357,616
11268363695302,11268363696040,738
11268363909364,11268363910005,641
11268364130335,11268364131107,772
11268364352370,11268364352973,603
11268364632452,11268364633188,736
11268364857238,11268364857857,619
11268365080268,11268365081013,745
11268365297319,11268365297932,613
11268365516637,11268365517365,728
11268365739729,11268365740384,655
11268365959400,11268365960165,765
11268366178592,11268366179227,635
11268366395622,11268366396417,795
11268366610974,11268366611622,648
11268366826412,11268366827146,734
11268367040442,11268367041087,645
11268367262777,11268367263569,792
11268367480276,11268367480895,619
11268367697025,11268367697751,726
11268367916695,11268367917304,609
11268368136276,11268368136975,699
11268368356595,11268368357216,621
11268368576920,11268368577653,733
11268368794199,11268368794816,617
11268369016564,11268369017293,729
11268369234314,11268369234953,639
11268369456575,11268369457317,742
11268369674442,11268369675053,611
11268369892758,11268369893493,735
11268370106659,11268370107276,617
11268370326029,11268370326748,719
11268370545737,11268370546350,613
11268370763947,11268370764720,773
11268370979055,11268370979670,615
11268371198578,11268371199359,781
11268371411974,11268371412630,656
11268371635652,11268371636403,751
11268371854626,11268371855191,565
11268372074332,11268372075053,721
11268372296087,11268372296741,654
11268372515495,11268372516249,754
11268372732351,11268372732985,634
11268372952456,11268372953233,777
11268373171316,11268373171974,658
11268373388122,11268373388869,747
11268373606313,11268373606964,651
11268373826469,11268373827222,753
11268374045187,11268374045830,643
11268374260752,11268374261492,740
11268374478797,11268374479416,619
11268374698457,11268374699248,791
11268374914699,11268374915374,675
11268375132356,11268375133222,866
11268375350129,11268375350790,661
11268375575812,11268375576571,759
11268375790415,11268375791014,599
11268376009413,11268376010159,746
11268376229076,11268376229683,607
11268376446355,11268376447090,735
11268376662506,11268376663109,603
11268376883283,11268376884410,1127
11268377103662,11268377104264,602
11268377320571,11268377321309,738
11268377539487,11268377540088,601
11268377757307,11268377758057,750
11268377972711,11268377973309,598
11268378191168,11268378191939,771
11268378411129,11268378411720,591
11268378631955,11268378632691,736
11268378849001,11268378850203,1202
11268379074185,11268379074915,730
11268379299584,11268379300263,679
11268379519202,11268379519925,723
11268379735135,11268379735736,601
11268379950747,11268379951441,694
11268380167287,11268380167903,616
11268380393145,11268380393883,738
11268380609759,11268380610334,575
11268380829768,11268380830731,963
11268381048571,11268381049222,651
11268381272573,11268381273319,746
11268381494098,11268381494756,658
11268381717557,11268381718294,737
11268381937739,11268381938357,618
11268382158351,11268382159097,746
11268382382805,11268382383424,619
11268382607428,11268382608211,783
11268382822502,11268382823125,623
11268383041541,11268383042259,718
11268383260252,11268383260886,634
11268383484666,11268383485435,769
11268383703855,11268383704495,640
11268383927462,11268383928255,793
11268384146412,11268384147026,614
11268384361183,11268384361900,717
11268384579245,11268384579905,660
11268384795923,11268384796682,759
11268385009177,11268385009803,626
11268385224441,11268385225140,699
11268385441521,11268385442139,618
11268385666011,11268385666812,801
11268385884983,11268385885660,677
11268386101441,11268386102219,778
11268386325798,11268386326416,618
11268386543150,11268386543901,751
11268386763562,11268386764184,622
11268386982022,11268386982842,820
11268387196571,11268387197233,662
11268387418334,11268387419108,774
11268387632657,11268387633299,642
11268387849417,11268387850206,789
11268388064249,11268388064875,626
11268388282903,11268388283697,794
11268388497388,11268388498053,665
11268388717944,11268388718693,749
11268388937314,11268388937978,664
11268389157309,11268389158095,786
11268389369507,11268389370156,649
11268389587004,11268389587766,762
11268389805665,11268389806263,598
11268390022211,11268390022952,741
11268390237308,11268390237916,608
11268390453429,11268390454152,723
11268390668279,11268390668882,603
11268390883795,11268390884552,757
11268391102758,11268391103402,644
11268391319069,11268391319840,771
11268391535792,11268391536413,621
11268391751012,11268391751722,710
11268391970046,11268391970687,641
11268392186591,11268392187359,768
11268392407318,11268392407959,641
11268392623858,11268392624608,750
11268392839343,11268392839854,511
11268393060022,11268393060878,856
11268393274507,11268393275117,610
11268393502574,11268393503326,752
11268393715320,11268393715935,615
11268393931652,11268393932412,760
11268394147155,11268394147742,587
11268394367657,11268394368479,822
11268394583484,11268394584165,681
11268394805638,11268394806351,713
11268395019140,11268395019772,632
11268395243891,11268395244633,742
11268395460677,11268395461299,622
11268395684694,11268395685394,700
11268395903848,11268395904463,615
11268396123150,11268396123943,793
11268396345542,11268396346176,634
11268396562209,11268396562948,739
11268396781836,11268396782510,674
11268397000172,11268397000937,765
11268397218848,11268397219477,629
11268397438789,11268397439562,773
11268397656057,11268397656708,651
11268397873013,11268397873866,853
11268398088869,11268398089470,601
11268398330882,11268398331663,781
11268398552562,11268398553175,613
11268398769476,11268398770219,743
11268398987958,11268398988561,603
11268399211452,11268399212224,772
11268399427171,11268399427780,609
11268399646265,11268399647007,742
11268399858463,11268399859043,580
11268400075707,11268400076558,851
11268400293693,11268400294302,609
11268400519966,11268400520708,742
11268400739291,11268400739880,589
11268400959582,11268400960300,718
11268401173382,11268401173974,592
11268401390138,11268401390854,716
11268401604694,11268401605257,563
11268401825513,11268401826246,733
11268402040767,11268402041335,568
11268402269164,11268402269883,719
11268402489713,11268402490305,592
11268402708353,11268402709078,725
11268402921868,11268402922481,613
11268403139104,11268403139930,826
11268403356782,11268403357386,604
11268403574339,11268403575080,741
11268403791350,11268403791958,608
11268404010001,11268404010756,755
11268404225536,11268404226106,570
11268404443620,11268404444362,742
11268404660479,11268404661100,621
11268404879635,11268404880393,758
11268405097118,11268405097711,593
11268405318889,11268405319582,693
11268405537799,11268405538378,579
11268405763409,11268405764144,735
11268405982050,11268405982675,625
11268406203945,11268406204683,738
11268406419875,11268406420874,999
11268406638803,11268406639546,743
11268406856676,11268406857257,581
11268407078229,11268407078967,738
11268407297769,11268407298417,648
11268407517493,11268407518256,763
11268407734265,11268407734862,597
11268407953565,11268407954296,731
11268408182023,11268408182662,639
11268408404133,11268408404908,775
11268408619398,11268408620073,675
11268408840139,11268408840872,733
11268409063608,11268409064281,673
11268409286660,11268409287393,733
11268409505433,11268409506054,621
11268409726222,11268409726954,732
11268409943588,11268409944219,631
11268410158965,11268410159691,726
11268410379645,11268410380244,599
11268410603025,11268410603735,710
11268410821565,11268410822139,574
11268411042318,11268411043020,702
11268411255488,11268411256053,565
11268411475724,11268411476433,709
11268411691629,11268411692201,572
11268411915988,11268411916710,722
11268412131603,11268412132161,558
11268412360291,11268412361040,749
11268412577741,11268412578340,599
11268412797239,11268412797944,705
11268413012560,11268413013127,567
11268413233466,11268413234140,674
11268413451154,11268413451750,596
11268413674237,11268413674955,718
11268413891867,11268413892420,553
11268414111122,11268414111817,695
11268414327000,11268414327639,639
11268414547968,11268414548674,706
11268414766029,11268414766638,609
11268414984136,11268414984867,731
11268415204036,11268415204595,559
11268415422879,11268415423577,698
11268415643247,11268415643857,610
11268415863923,11268415864626,703
11268416080678,11268416081301,623
11268416300416,11268416301167,751
11268416521066,11268416521700,634
11268416741394,11268416742141,747
11268416957794,11268416958419,625
11268417176608,11268417177339,731
11268417392324,11268417392905,581
11268417612534,11268417613300,766
11268417833076,11268417833679,603
11268418054132,11268418054878,746
11268418270355,11268418270973,618
11268418491345,11268418492087,742
11268418711255,11268418711899,644
11268418938313,11268418939045,732
11268419156110,11268419156717,607
11268419376022,11268419376865,843
11268419593194,11268419593823,629
11268419811232,11268419811985,753
11268420029396,11268420029974,578
11268420245970,11268420246707,737
11268420464851,11268420465713,862
11268420682553,11268420683297,744
11268420898541,11268420899097,556
11268421117845,11268421118536,691
11268421332911,11268421333502,591
11268421562054,11268421563118,1064
11268421780241,11268421780874,633
11268421996707,11268421997488,781
11268422221187,11268422221813,626
11268422459253,11268422460047,794
11268422679240,11268422679841,601
11268422896422,11268422897184,762
11268423115175,11268423115780,605
11268423337297,11268423338061,764
11268423554831,11268423555427,596
11268423773425,11268423774155,730
11268423989692,11268423990270,578
11268424213517,11268424214270,753
11268424433214,11268424433815,601
11268424656524,11268424657246,722
11268424875992,11268424876600,608
11268425094488,11268425095213,725
11268425311538,11268425312143,605
11268425532970,11268425533713,743
11268425756716,11268425757309,593
11268425975090,11268425975812,722
11268426190515,11268426191116,601
11268426407422,11268426408151,729
11268426627782,11268426628369,587
11268426846032,11268426846797,765
11268427064573,11268427065183,610
11268427281335,11268427282084,749
11268427496953,11268427497568,615
11268427710162,11268427710863,701
11268427928147,11268427928731,584
11268428143847,11268428144545,698
11268428384903,11268428385540,637
11268428600198,11268428600962,764
11268428818466,11268428819068,602
11268429042774,11268429043555,781
11268429265595,11268429266200,605
11268429485009,11268429485765,756
11268429703524,11268429704136,612
11268429918650,11268429919358,708
11268430134624,11268430135201,577
11268430351486,11268430352188,702
11268430564307,11268430564925,618
11268430781232,11268430782012,780
11268430993548,11268430994168,620
11268431212214,11268431212978,764
11268431426641,11268431427232,591
11268431645246,11268431646017,771
11268431862812,11268431863427,615
11268432082322,11268432083077,755
11268432303762,11268432304426,664
11268432526377,11268432527138,761
11268432744503,11268432745166,663
11268432965192,11268432965938,746
11268433181328,11268433181923,595
11268433398381,11268433399126,745
11268433613171,11268433613791,620
11268433833582,11268433834304,722
11268434051789,11268434052383,594
11268434267515,11268434268229,714
11268434511377,11268434511914,537
11268434793590,11268434794271,681
11268435016942,11268435017544,602
11268435240135,11268435240830,695
11268435458860,11268435459431,571
11268435680162,11268435680913,751
11268435897223,11268435897800,577
11268436118212,11268436119008,796
11268436334706,11268436335324,618
11268436553074,11268436553850,776
11268436771886,11268436772489,603
11268436989776,11268436990543,767
11268437214590,11268437215197,607
11268437432623,11268437433339,716
11268437645842,11268437646426,584
11268437864590,11268437865577,987
11268438078738,11268438079364,626
11268438303105,11268438303836,731
11268438520633,11268438521219,586
11268438737608,11268438738318,710
11268438956289,11268438956889,600
11268439177896,11268439178588,692
11268439397004,11268439397614,610
11268439617930,11268439618630,700
11268439832465,11268439833060,595
11268440049234,11268440049960,726
11268440269666,11268440270265,599
11268440487948,11268440488669,721
11268440708312,11268440708922,610
11268440929367,11268440930117,750
11268441144734,11268441145328,594
11268441366025,11268441366765,740
11268441584144,11268441584738,594
11268441805637,11268441806377,740
11268442021404,11268442022003,599
11268442245363,11268442246079,716
11268442468681,11268442469291,610
11268442693624,11268442694341,717
11268442913597,11268442914179,582
11268443132179,11268443132870,691
11268443355164,11268443355781,617
11268443635354,11268443636243,889
11268443891424,11268443892223,799
11268444135165,11268444135915,750
11268444372106,11268444372692,586
11268444591206,11268444591965,759
11268444807462,11268444808074,612
11268445025317,11268445026058,741
11268445241317,11268445241924,607
11268445458161,11268445458966,805
11268445682925,11268445683587,662
11268445901670,11268445902440,770
11268446123603,11268446124197,594
11268446348721,11268446349453,732
11268446565860,11268446566442,582
11268446786851,11268446787645,794
11268447004529,11268447005111,582
11268447224668,11268447225429,761
11268447442634,11268447443261,627
11268447661904,11268447662675,771
11268447879097,11268447879761,664
11268448099778,11268448100563,785
11268448320836,11268448321432,596
11268448542139,11268448542901,762
11268448756019,11268448756638,619
11268448982894,11268448983650,756
11268449205000,11268449205613,613
11268449425748,11268449426508,760
11268449644423,11268449645022,599
11268449866356,11268449867117,761
11268450085335,11268450085946,611
11268450304516,11268450305249,733
11268450524645,11268450525272,627
11268450742526,11268450743335,809
11268450963364,11268450964000,636
11268451182276,11268451183074,798
11268451399671,11268451400290,619
11268451619716,11268451620476,760
11268451836850,11268451837449,599
11268452055298,11268452056025,727
11268452280338,11268452280984,646
11268452524202,11268452524955,753
11268452744091,11268452744690,599
11268452962751,11268452963498,747
11268453179757,11268453180402,645
11268453422522,11268453423226,704
11268453638081,11268453638710,629
11268453861317,11268453862148,831
11268454078353,11268454079060,707
11268454300560,11268454301331,771
11268454518577,11268454519218,641
11268454740287,11268454741068,781
11268454955891,11268454956486,595
11268455173676,11268455174446,770
11268455392661,11268455393233,572
11268455619298,11268455620057,759
11268455839815,11268455840431,616
11268456060152,11268456060934,782
11268456276672,11268456277321,649
11268456499280,11268456500005,725
11268456715601,11268456716281,680
11268456949818,11268456950590,772
11268457171649,11268457172305,656
11268457410108,11268457410840,732
11268457627649,11268457628267,618
11268457850710,11268457851436,726
11268458074305,11268458074925,620
11268458292666,11268458293399,733
11268458527541,11268458528153,612
11268458747893,11268458748602,709
11268458973442,11268458974081,639
11268459196985,11268459197769,784
11268459432904,11268459433489,585
11268459654888,11268459655598,710
11268459873494,11268459874095,601
11268460092584,11268460093379,795
11268460318991,11268460319634,643
11268460537804,11268460538523,719
11268460752462,11268460753104,642
11268460973693,11268460974433,740
11268461193607,11268461194232,625
11268461416380,11268461417127,747
11268461632727,11268461633325,598
11268461851026,11268461851794,768
11268462068102,11268462068748,646
11268462293542,11268462294293,751
11268462512038,11268462512671,633
11268462736277,11268462737011,734
11268462955338,11268462956003,665
11268463173596,11268463174363,767
11268463391472,11268463392131,659
11268463611305,11268463612019,714
11268463827372,11268463827988,616
11268464045184,11268464045905,721
11268464267149,11268464267727,578
11268464488460,11268464489186,726
11268464708627,11268464709228,601
11268464928692,11268464929448,756
11268465146029,11268465146624,595
11268465364985,11268465365703,718
11268465586222,11268465586841,619
11268465809101,11268465809862,761
11268466029687,11268466030324,637
11268466251295,11268466252093,798
11268466468258,11268466468941,683
11268466690256,11268466690999,743
11268466909738,11268466910354,616
11268467128070,11268467128802,732
11268467345531,11268467346142,611
11268467563271,11268467563991,720
11268467784177,11268467784805,628
11268468006149,11268468006923,774
11268468226241,11268468226948,707
11268468456272,11268468457042,770
11268468674253,11268468674888,635
11268468901629,11268468902379,750
11268469148834,11268469149506,672
11268469370966,11268469371749,783
11268469590455,11268469591051,596
11268469809983,11268469810711,728
11268470027295,11268470027858,563
11268470262444,11268470263202,758
11268470480736,11268470481341,605
11268470703757,11268470704499,742
11268470920596,11268470921212,616
11268471144799,11268471146603,1804
11268471383301,11268471383869,568
11268471604848,11268471605534,686
11268471827774,11268471828384,610
11268472071508,11268472072321,813
11268472312430,11268472313031,601
11268472537419,11268472538199,780
11268472754328,11268472754960,632
11268472971559,11268472972318,759
11268473186346,11268473187010,664
11268473407678,11268473408436,758
11268473627597,11268473628196,599
11268473846094,11268473846829,735
11268474062705,11268474063312,607
11268474283691,11268474284480,789
11268474501146,11268474501744,598
11268474719578,11268474720301,723
11268474936107,11268474936655,548
11268475153412,11268475154101,689
11268475374066,11268475374648,582
11268475601106,11268475601874,768
11268475817132,11268475817742,610
11268476035796,11268476036526,730
11268476261953,11268476262521,568
11268476482247,11268476483006,759
11268476702462,11268476703037,575
11268476921964,11268476922668,704
11268477136734,11268477137325,591
11268477371054,11268477371795,741
11268477590266,11268477590834,568
11268477810666,11268477811402,736
11268478028935,11268478029540,605
11268478253268,11268478254024,756
11268478472946,11268478473898,952
11268478698976,11268478699699,723
11268478920290,11268478920925,635
11268479141954,11268479142701,747
11268479359578,11268479360171,593
11268479580089,11268479580843,754
11268479801937,11268479802542,605
11268480025205,11268480025923,718
11268480242009,11268480242590,581
11268480470731,11268480471474,743
11268480689845,11268480690440,595
11268480910021,11268480910758,737
11268481128582,11268481129174,592
11268481347332,11268481348078,746
11268481583093,11268481583710,617
11268481805097,11268481805798,701
11268482023499,11268482024089,590
11268482253456,11268482254248,792
11268482479729,11268482480379,650
11268482701960,11268482702730,770
11268482927305,11268482927951,646
11268483150339,11268483151064,725
11268483382684,11268483383303,619
11268483602400,11268483603126,726
11268483819002,11268483820662,1660
11268484041753,11268484042500,747
11268484261064,11268484261641,577
11268484480730,11268484481553,823
11268484700550,11268484701168,618
11268484920224,11268484921007,783
11268485136708,11268485137294,586
11268485356959,11268485357800,841
11268485600361,11268485601004,643
11268485821630,11268485822386,756
11268486043059,11268486043661,602
11268486262076,11268486262865,789
11268486479511,11268486480126,615
11268486698847,11268486699626,779
11268486913458,11268486914097,639
11268487133126,11268487133897,771
11268487351272,11268487351921,649
11268487567109,11268487567847,738
11268487783945,11268487784540,595
11268488003651,11268488004402,751
11268488220303,11268488220930,627
11268488439368,11268488440121,753
11268488655425,11268488656061,636
11268488872414,11268488876818,4404
11268489097058,11268489097738,680
11268489319599,11268489320382,783
11268489540034,11268489540616,582
11268489755512,11268489756227,715
11268489975485,11268489976077,592
11268490192559,11268490193329,770
11268490412324,11268490412924,600
11268490635539,11268490636684,1145
11268490852119,11268490852768,649
11268491069817,11268491070516,699
11268491283070,11268491283672,602
11268491502801,11268491503559,758
11268491719336,11268491719914,578
11268491940140,11268491940880,740
11268492155444,11268492156043,599
11268492384920,11268492385664,744
11268492604426,11268492604985,559
11268492822553,11268492823262,709
11268493057738,11268493058281,543
11268493283234,11268493284088,854
11268493509028,11268493509632,604
11268493730969,11268493731689,720
11268493948428,11268493949023,595
11268494167555,11268494168296,741
11268494408049,11268494408670,621
11268494621244,11268494621987,743
11268494840307,11268494840920,613
11268495055565,11268495056326,761
11268495275362,11268495275926,564
11268495492135,11268495492845,710
11268495719282,11268495719875,593
11268495938825,11268495939626,801
11268496159173,11268496159748,575
11268496380063,11268496380802,739
11268496613148,11268496613992,844
11268496902260,11268496903122,862
11268497132545,11268497133244,699
11268497354077,11268497354858,781
11268497568700,11268497569294,594
11268497785596,11268497786407,811
11268498002948,11268498003502,554
11268498221434,11268498222356,922
11268498437837,11268498438418,581
11268498654137,11268498654927,790
11268498869704,11268498870303,599
11268499128143,11268499128995,852
11268499367178,11268499367850,672
11268499585046,11268499585942,896
11268499800309,11268499800916,607
11268500017045,11268500017825,780
11268500233800,11268500234445,645
11268500477114,11268500477898,784
11268500691967,11268500692630,663
11268500906925,11268500907744,819
11268501120349,11268501120995,646
11268501337535,11268501338354,819
11268501551935,11268501552513,578
11268501768115,11268501768883,768
11268501981346,11268501981875,529
11268502196292,11268502197082,790
11268502422042,11268502422627,585
11268502639703,11268502640527,824
11268502852562,11268502853180,618
11268503068602,11268503069412,810
11268503282840,11268503283462,622
11268503499726,11268503500458,732
11268503711454,11268503712067,613
11268503926614,11268503927331,717
11268504139440,11268504139987,547
11268504353543,11268504354272,729
11268504575396,11268504576048,652
11268504795982,11268504796741,759
11268505011700,11268505012276,576
11268505303888,11268505304575,687
11268505529926,11268505530479,553
11268505759976,11268505760714,738
11268505979468,11268505980038,570
11268506211268,11268506212049,781
11268506433816,11268506434828,1012
11268506657607,11268506658335,728
11268506873686,11268506874362,676
11268507092113,11268507092838,725
11268507311885,11268507312470,585
11268507529775,11268507530508,733
11268507745835,11268507746387,552
11268507970653,11268507971528,875
11268508186837,11268508187381,544
11268508407011,11268508407795,784
11268508621421,11268508621982,561
11268508839143,11268508839902,759
11268509057377,11268509057979,602
11268509273149,11268509273883,734
11268509486849,11268509487439,590
11268509703772,11268509704522,750
11268509915869,11268509916474,605
11268510132228,11268510132991,763
11268510344884,11268510345482,598
11268510562135,11268510562893,758
11268510775818,11268510776448,630
11268510995173,11268510995927,754
11268511208456,11268511209061,605
11268511425677,11268511426449,772
11268511639608,11268511640166,558
11268511858759,11268511859508,749
11268512078398,11268512078983,585
11268512298244,11268512299011,767
11268512526354,11268512526974,620
11268512754022,11268512754886,864
11268512973225,11268512973884,659
11268513193976,11268513194744,768
11268513424457,11268513425081,624
11268513645019,11268513645824,805
11268513863813,11268513864483,670
11268514078921,11268514079723,802
11268514296120,11268514296730,610
11268514510939,11268514511751,812
11268514725603,11268514726217,614
11268514943287,11268514944090,803
11268515156947,11268515157586,639
11268515388950,11268515389724,774
11268515607421,11268515608065,644
11268515827942,11268515828860,918
11268516041757,11268516042356,599
11268516258289,11268516259048,759
11268516482950,11268516483536,586
11268516700236,11268516701027,791
11268516914314,11268516914929,615
11268517130118,11268517130911,793
11268517341672,11268517342309,637
11268517559137,11268517559858,721
11268517773111,11268517773746,635
11268517988142,11268517988934,792
11268518203606,11268518204237,631
11268518420976,11268518421764,788
11268518637131,11268518637736,605
11268518851233,11268518851958,725
11268519072497,11268519073109,612
11268519288037,11268519288813,776
11268519501968,11268519502611,643
11268519720655,11268519721455,800
11268519935742,11268519936338,596
11268520151176,11268520151916,740
11268520363815,11268520364405,590
11268520578302,11268520579075,773
11268520795678,11268520796277,599
11268521012586,11268521013318,732
11268521225852,11268521226453,601
11268521440970,11268521441760,790
11268521655040,11268521655662,622
11268521871608,11268521872355,747
11268522083417,11268522083987,570
11268522323872,11268522324650,778
11268522539617,11268522540281,664
11268522755355,11268522756116,761
11268522971749,11268522972335,586
11268523190992,11268523191758,766
11268523418413,11268523419024,611
11268523635572,11268523636332,760
11268523854770,11268523855355,585
11268524069454,11268524070219,765
11268524283512,11268524284129,617
11268524498786,11268524499552,766
11268524712023,11268524712596,573
11268524928414,11268524929195,781
11268525142958,11268525143547,589
11268525358389,11268525359114,725
11268525577612,11268525578276,664
11268525792465,11268525793240,775
11268526011583,11268526012182,599
11268526226949,11268526227712,763
11268526441027,11268526441624,597
11268526656315,11268526657087,772
11268526870636,11268526871227,591
11268527089648,11268527090375,727
11268527323019,11268527323630,611
11268527537916,11268527538655,739
11268527749585,11268527750186,601
11268527966909,11268527967654,745
11268528180854,11268528181424,570
11268528397082,11268528397862,780
11268528609837,11268528610455,618
11268528826287,11268528827004,717
11268529041751,11268529042388,637
11268529265473,11268529266068,595
11268529494939,11268529495681,742
11268529709483,11268529710146,663
11268529925901,11268529926650,749
11268530153791,11268530154402,611
11268530379389,11268530380132,743
11268530599552,11268530600186,634
11268530820896,11268530821631,735
11268531037210,11268531037754,544
11268531258705,11268531259423,718
11268531475096,11268531475606,510
11268531693810,11268531694534,724
11268531909692,11268531910289,597
11268532126385,11268532127127,742
11268532352639,11268532353234,595
11268532573073,11268532573781,708
11268532787831,11268532788536,705
11268533002404,11268533003148,744
11268533217229,11268533217840,611
11268533443474,11268533444215,741
11268533659733,11268533660344,611
11268533873956,11268533874727,771
11268534088387,11268534088973,586
11268534311442,11268534312222,780
11268534527511,11268534528134,623
11268534745462,11268534746249,787
11268534962561,11268534963162,601
11268535183675,11268535184240,565
11268535405297,11268535405874,577
11268535630215,11268535630950,735
11268535850457,11268535851168,711
11268536073568,11268536074279,711
11268536292832,11268536293391,559
11268536513559,11268536514338,779
11268536734991,11268536735579,588
11268536955548,11268536956312,764
11268537174668,11268537175254,586
11268537395687,11268537396424,737
11268537608467,11268537609098,631
11268537829895,11268537830593,698
11268538052977,11268538053524,547
11268538283563,11268538284313,750
11268538498930,11268538499520,590
11268538716463,11268538717019,556
11268538967628,11268538968798,1170
11268539200005,11268539200697,692
11268539423276,11268539424014,738
11268539638596,11268539639182,586
11268539863348,11268539863955,607
11268540091388,11268540092012,624
11268540310243,11268540311053,810
11268540525294,11268540525895,601
11268540741497,11268540742244,747
11268540956245,11268540956864,619
11268541176586,11268541177359,773
11268541390527,11268541391158,631
11268541608720,11268541609454,734
11268541824031,11268541824669,638
11268542040304,11268542041068,764
11268542263237,11268542263843,606
11268542482366,11268542483108,742
11268542695792,11268542696377,585
11268542912230,11268542912973,743
11268543128776,11268543129383,607
11268543349135,11268543349899,764
11268543565467,11268543566080,613
11268543781837,11268543782569,732
11268544001838,11268544002448,610
11268544216557,11268544217269,712
11268544432725,11268544433280,555
11268544648716,11268544649257,541
11268544865368,11268544866067,699
11268545079145,11268545080119,974
11268545297031,11268545297749,718
11268545513889,11268545514482,593
11268545737212,11268545737982,770
11268545951487,11268545952110,623
11268546167665,11268546168398,733
11268546387031,11268546387577,546
11268546601668,11268546602410,742
11268546817403,11268546818026,623
11268547034832,11268547035622,790
11268547250624,11268547251182,558
11268547467788,11268547468331,543
11268547685478,11268547686239,761
11268547902880,11268547903431,551
11268548122807,11268548123532,725
11268548338494,11268548339089,595
11268548556670,11268548557384,714
11268548773160,11268548773727,567
11268548993924,11268548994686,762
11268549211206,11268549211797,591
11268549428729,11268549429477,748
11268549646980,11268549647577,597
11268549861653,11268549862349,696
11268550077179,11268550077791,612
11268550310884,11268550311648,764
11268550524111,11268550524751,640
11268550741134,11268550741853,719
11268550954965,11268550955562,597
11268551171350,11268551172097,747
11268551403468,11268551404100,632
11268551619896,11268551620645,749
11268551837378,11268551838008,630
11268552060435,11268552061202,767
11268552275093,11268552275710,617
11268552494844,11268552495584,740
11268552707953,11268552708553,600
11268552928120,11268552928875,755
11268553142527,11268553143092,565
11268553360307,11268553361011,704
11268553575386,11268553575993,607
11268553791843,11268553792583,740
11268554009289,11268554009905,616
11268554226019,11268554226757,738
11268554460358,11268554460948,590
11268554683722,11268554684488,766
11268554899381,11268554899959,578
11268555117718,11268555118301,583
11268555337029,11268555337766,737
11268555563690,11268555564334,644
11268555786010,11268555786740,730
11268556000374,11268556000949,575
11268556236116,11268556236838,722
11268556464372,11268556464952,580
11268556686663,11268556687413,750
11268556930209,11268556930878,669
11268557246884,11268557247878,994
11268557599960,11268557600729,769
11268557880633,11268557881288,655
11268558131298,11268558132126,828
11268558377326,11268558377965,639
11268558624869,11268558625743,874
11268558869062,11268558869720,658
11268559126513,11268559128319,1806
11268559371520,11268559372213,693
11268559617804,11268559618471,667
11268559863894,11268559864756,862
11268560109260,11268560109989,729
11268560352815,11268560353682,867
11268560596549,11268560597230,681
11268560841112,11268560841988,876
11268561087138,11268561087815,677
11268561332391,11268561333253,862
11268561616187,11268561617110,923
11268561897770,11268561898620,850
11268562178008,11268562178724,716
11268562490167,11268562491332,1165
11268562727868,11268562728623,755
11268562979567,11268562980403,836
11268563219487,11268563220196,709
11268563440667,11268563441449,782
11268563657450,11268563658136,686
11268563876010,11268563876821,811
11268564091877,11268564092572,695
11268564310529,11268564311150,621
11268564535311,11268564535949,638
11268564754567,11268564755435,868
11268564970594,11268564971226,632
11268565189018,11268565189808,790
11268565403306,11268565403929,623
11268565630379,11268565631181,802
11268565855712,11268565856578,866
11268566074816,11268566075417,601
11268566297282,11268566298054,772
11268566512527,11268566513182,655
11268566736026,11268566736612,586
11268566956652,11268566957397,745
11268567174932,11268567175557,625
11268567396693,11268567397316,623
11268567616407,11268567617175,768
11268567832484,11268567833079,595
11268568053728,11268568054326,598
11268568286938,11268568287684,746
11268568500378,11268568500941,563
11268568721913,11268568722616,703
11268568947003,11268568947654,651
11268569169670,11268569170460,790
11268569387677,11268569388288,611
11268569604963,11268569605582,619
11268569820387,11268569820960,573
11268570040417,11268570041191,774
11268570304661,11268570305528,867
11268570590320,11268570591200,880
11268570820100,11268570820717,617
11268571038946,11268571039702,756
11268571257190,11268571257828,638
11268571476165,11268571476942,777
11268571692974,11268571693593,619
11268571936363,11268571937350,987
11268572238872,11268572239553,681
11268572501931,11268572502829,898
11268572735987,11268572736693,706
11268572960853,11268572961686,833
11268573180764,11268573181429,665
11268573400367,11268573401187,820
11268573617117,11268573617748,631
11268573835773,11268573836623,850
11268574051863,11268574052496,633
11268574272162,11268574273034,872
11268574488171,11268574488831,660
11268574708582,11268574709395,813
11268574922204,11268574922890,686
11268575139245,11268575140051,806
11268575357164,11268575357802,638
11268575587906,11268575588791,885
11268575808239,11268575809043,804
11268576023644,11268576024278,634
11268576240613,11268576241433,820
11268576467367,11268576467983,616
11268576752487,11268576753293,806
11268576968548,11268576969145,597
11268577188887,11268577189523,636
11268577420023,11268577420796,773
11268577634412,11268577635028,616
11268577850018,11268577850606,588
11268578069933,11268578070540,607
11268578286806,11268578287415,609
11268578504186,11268578504774,588
11268578721030,11268578721577,547
11268578944800,11268578945373,573
11268579164506,11268579165044,538
11268579387219,11268579387980,761
11268579603228,11268579603798,570
11268579821165,11268579821916,751
11268580034055,11268580034614,559
11268580265621,11268580266383,762
11268580489975,11268580490613,638
11268580706109,11268580706879,770
11268580920257,11268580920861,604
11268581135004,11268581135765,761
11268581350704,11268581351265,561
11268581565267,11268581565983,716
11268581781396,11268581781979,583
11268581999376,11268582000185,809
11268582221908,11268582222602,694
11268582438282,11268582439106,824
11268582654944,11268582655539,595
11268582874050,11268582874668,618
11268583089797,11268583090549,752
11268583305648,11268583306249,601
11268583523439,11268583524051,612
11268583740166,11268583740947,781
11268583955504,11268583956165,661
11268584172907,11268584173511,604
11268584389820,11268584390380,560
11268584606993,11268584607547,554
11268584821963,11268584822570,607
11268585037817,11268585038404,587
11268585252526,11268585253064,538
11268585469975,11268585470504,529
11268585692735,11268585693282,547
11268585908224,11268585908786,562
11268586125237,11268586125785,548
11268586341642,11268586342212,570
11268586558924,11268586559531,607
11268586774667,11268586775443,776
11268586990004,11268586990622,618
11268587204156,11268587204716,560
11268587419903,11268587420639,736
11268587634504,11268587635146,642
11268587851586,11268587852208,622
11268588065978,11268588066756,778
11268588280890,11268588281508,618
11268588501539,11268588502200,661
11268588724994,11268588725770,776
11268588948049,11268588948707,658
11268589166622,11268589167189,567
11268589385184,11268589385727,543
11268589602841,11268589603617,776
11268589816993,11268589817580,587
11268590031666,11268590032447,781
11268590247205,11268590247822,617
11268590461380,11268590461962,582
11268590680406,11268590680965,559
11268590902286,11268590902865,579
11268591119413,11268591120016,603
11268591334286,11268591334843,557
11268591551120,11268591551675,555
11268591768476,11268591769055,579
11268591985026,11268591985783,757
11268592198810,11268592199431,621
11268592422137,11268592422917,780
11268592639459,11268592640103,644
11268592862452,11268592863030,578
11268593080814,11268593081402,588
11268593300349,11268593300981,632
11268593524102,11268593524737,635
11268593742477,11268593743042,565
11268593962933,11268593963547,614
11268594181971,11268594182792,821
11268594401588,11268594402245,657
11268594620051,11268594620691,640
11268594840215,11268594840830,615
11268595062230,11268595062834,604
11268595283270,11268595283879,609
11268595501283,11268595501898,615
11268595728826,11268595729593,767
11268595952396,11268595953094,698
11268596169687,11268596170285,598
11268596402682,11268596403261,579
11268596624628,11268596625205,577
11268596844311,11268596844886,575
11268597062131,11268597062689,558
11268597279856,11268597280399,543
11268597508667,11268597509248,581
11268597725505,11268597726261,756
11268597941319,11268597941968,649
11268598160910,11268598161491,581
11268598406368,11268598406932,564
11268598623760,11268598624322,562
11268598841327,11268598841881,554
11268599066295,11268599066879,584
11268599286144,11268599286710,566
11268599526480,11268599527063,583
11268599744516,11268599745092,576
11268599960361,11268599960957,596
11268600179308,11268600179887,579
11268600393189,11268600393797,608
11268600609155,11268600609728,573
11268600826319,11268600826926,607
11268601042803,11268601043376,573
11268601260744,11268601261493,749
11268601476713,11268601477340,627
11268601694310,11268601694863,553
11268601910113,11268601910880,767
11268602123499,11268602124156,657
11268602348430,11268602349003,573
11268602567741,11268602568310,569
11268602782802,11268602783380,578
11268603001607,11268603002559,952
11268603218669,11268603219201,532
11268603445316,11268603445906,590
11268603661630,11268603662190,560
11268603878156,11268603878699,543
11268604094331,11268604094887,556
11268604313618,11268604314201,583
11268604554701,11268604555240,539
11268604772286,11268604772915,629
11268604993310,11268604993903,593
11268605213574,11268605214143,569
11268605433296,11268605433909,613
11268605655316,11268605655904,588
11268605875043,11268605875599,556
11268606096345,11268606096924,579
11268606312655,11268606313218,563
11268606532745,11268606533340,595
11268606756748,11268606757324,576
11268606973560,11268606974161,601
11268607192257,11268607192838,581
11268607417407,11268607417971,564
11268607636680,11268607637294,614
11268607857801,11268607858359,558
11268608080594,11268608081175,581
11268608299864,11268608300421,557
11268608520082,11268608520649,567
11268608740821,11268608741388,567
11268608965886,11268608966471,585
11268609189238,11268609189837,599
11268609420525,11268609421105,580
11268609644031,11268609644637,606
11268609866350,11268609866957,607
11268610084542,11268610085133,591
11268610305685,11268610306266,581
11268610529202,11268610529812,610
11268610748784,11268610749367,583
11268610967909,11268610968494,585
11268611186529,11268611187128,599
11268611406229,11268611406801,572
11268611627777,11268611628365,588
11268611844517,11268611845071,554
11268612063509,11268612064052,543
11268612290746,11268612291349,603
11268612512659,11268612513197,538
11268612734153,11268612734680,527
11268612953264,11268612953841,577
11268613174055,11268613174617,562
11268613403025,11268613403642,617
11268613620510,11268613621113,603
11268613843329,11268613843911,582
11268614065438,11268614066041,603
11268614285059,11268614285651,592
11268614507979,11268614508583,604
11268614728950,11268614729516,566
11268614949336,11268614949868,532
11268615167982,11268615168552,570
11268615397100,11268615397699,599
11268615622725,11268615623295,570
11268615845453,11268615846021,568
11268616064616,11268616065197,581
11268616283820,11268616284377,557
11268616507447,11268616508007,560
11268616727778,11268616728348,570
11268616948931,11268616949540,609
11268617169800,11268617170365,565
11268617392168,11268617392769,601
11268617611027,11268617611579,552
11268617830693,11268617831251,558
11268618052581,11268618053134,553
11268618271441,11268618272008,567
11268618491239,11268618491822,583
11268618708002,11268618709648,1646
11268618933662,11268618934245,583
11268619157755,11268619158326,571
11268619378777,11268619379325,548
11268619599024,11268619599571,547
11268619820042,11268619820610,568
11268620040625,11268620041212,587
11268620258951,11268620259488,537
11268620479928,11268620480492,564
11268620699744,11268620700307,563
11268620917268,11268620919035,1767
11268621139614,11268621140197,583
11268621368275,11268621368790,515
11268621588936,11268621589467,531
11268621809693,11268621810235,542
11268622032304,11268622032831,527
11268622258451,11268622259009,558
11268622478494,11268622479069,575
11268622697131,11268622697678,547
11268622917704,11268622918297,593
11268623141391,11268623141972,581
11268623365803,11268623366386,583
11268623587981,11268623588553,572
11268623807056,11268623807668,612
11268624027829,11268624028440,611
11268624246998,11268624247578,580
11268624464862,11268624465423,561
11268624682910,11268624683526,616
11268624901842,11268624902424,582
11268625118702,11268625119235,533
11268625341472,11268625342107,635
11268625568224,11268625568870,646
11268625803560,11268625804175,615
11268626022571,11268626023147,576
11268626236693,11268626237216,523
11268626468231,11268626468738,507
11268626684126,11268626684675,549
11268626898883,11268626899409,526
11268627112470,11268627113033,563
11268627328008,11268627328573,565
11268627560534,11268627561108,574
11268627779577,11268627780147,570
11268627997845,11268627998446,601
11268628216436,11268628217023,587
11268628437161,11268628437712,551
11268628653734,11268628654240,506
11268628883211,11268628883837,626
11268629105813,11268629106385,572
11268629342909,11268629343481,572
11268629566891,11268629567474,583
11268629789089,11268629789718,629
11268630039185,11268630039789,604
11268630302861,11268630303480,619
11268630550457,11268630551106,649
11268630799243,11268630799861,618
11268631044263,11268631044870,607
11268631292612,11268631293252,640
11268631537727,11268631538357,630
11268631783717,11268631784334,617
11268632033121,11268632033764,643
11268632315260,11268632315897,637
11268632561467,11268632562057,590
11268632806429,11268632807064,635
11268633049149,11268633049773,624
11268633295429,11268633296088,659
11268633541273,11268633541909,636
11268633785443,11268633786073,630
11268634030803,11268634031484,681
11268634276645,11268634277313,668
11268634525521,11268634526149,628
11268634768517,11268634769161,644
11268635011948,11268635012579,631
11268635256759,11268635257375,616
11268635501787,11268635502455,668
11268635752366,11268635752979,613
11268635996711,11268635997373,662
11268636240252,11268636240892,640
11268636485510,11268636486157,647
11268636731821,11268636732499,678
11268636976880,11268636978896,2016
11268637223216,11268637223878,662
11268637471420,11268637472065,645
11268637717726,11268637718370,644
11268637962796,11268637963423,627
11268638207921,11268638208548,627
11268638451446,11268638452057,611
11268638695685,11268638696334,649
11268638952576,11268638953210,634
11268639197738,11268639198395,657
11268639442792,11268639443468,676
11268639688814,11268639689434,620
11268639938826,11268639939506,680
11268640183320,11268640184012,692
11268640428608,11268640429247,639
11268640670865,11268640671538,673
11268640916291,11268640916968,677
11268641161177,11268641161891,714
11268641407003,11268641407936,933
11268641653750,11268641654430,680
11268641897576,11268641898212,636
11268642142401,11268642143048,647
11268642392015,11268642392714,699
11268642638081,11268642638756,675
11268642881894,11268642882543,649
11268643126151,11268643126786,635
11268643369502,11268643370172,670
11268643615756,11268643616379,623
11268643859643,11268643860279,636
11268644104043,11268644104680,637
11268644348450,11268644349104,654
11268644594078,11268644594742,664
11268644841412,11268644842097,685
11268645086711,11268645087332,621
11268645334023,11268645334662,639
11268645587609,11268645588279,670
11268645838436,11268645839124,688
11268646083474,11268646084163,689
11268646329108,11268646329777,669
11268646574276,11268646574932,656
11268646873862,11268646874545,683
11268647126817,11268647127499,682
11268647372174,11268647372833,659
11268647615935,11268647616550,615
11268647860546,11268647861134,588
11268648103948,11268648104591,643
11268648351931,11268648352563,632
11268648596535,11268648597148,613
11268648839687,11268648840317,630
11268649089690,11268649090349,659
11268649336471,11268649337102,631
11268649582506,11268649583141,635
11268649829660,11268649830338,678
11268650075593,11268650076273,680
11268650320508,11268650321119,611
11268650566453,11268650567082,629
11268650812002,11268650812634,632
11268651056970,11268651057604,634
11268651302984,11268651303647,663
11268651549828,11268651550466,638
11268651795301,11268651795960,659
11268652044575,11268652045236,661
11268652299033,11268652299656,623
11268652542688,11268652543339,651
11268652788447,11268652789084,637
11268653036888,11268653037551,663
11268653282599,11268653283194,595
11268653525273,11268653525929,656
11268653769960,11268653770634,674
11268654015567,11268654016192,625
11268654262623,11268654263307,684
11268654506167,11268654506834,667
11268654750405,11268654751055,650
11268654994110,11268654994746,636
11268655238498,11268655239550,1052
11268655486806,11268655487466,660
11268655735112,11268655735711,599
11268655981579,11268655982218,639
11268656232496,11268656233161,665
11268656475767,11268656476388,621
11268656724008,11268656724647,639
11268656970000,11268656970641,641
11268657213147,11268657213772,625
11268657456925,11268657457558,633
11268657704408,11268657705048,640
11268657949821,11268657950472,651
11268658192749,11268658193395,646
11268658438155,11268658438815,660
11268658682653,11268658683341,688
11268658937155,11268658937779,624
11268659183777,11268659184406,629
11268659428804,11268659429500,696
11268659674599,11268659675252,653
11268659918244,11268659918874,630
11268660166816,11268660167465,649
11268660411375,11268660412008,633
11268660657246,11268660657845,599
11268660900110,11268660900723,613
11268661145890,11268661146516,626
11268661390494,11268661391107,613
11268661634623,11268661635227,604
11268661877793,11268661878387,594
11268662125265,11268662125871,606
11268662379707,11268662380362,655
11268662626317,11268662626976,659
11268662872061,11268662872714,653
11268663115565,11268663116198,633
11268663360402,11268663361062,660
11268663605704,11268663606333,629
11268663849734,11268663850389,655
11268664094753,11268664095407,654
11268664363441,11268664364078,637
11268664608477,11268664609067,590
11268664856222,11268664856845,623
11268665101106,11268665101760,654
11268665368332,11268665368920,588
11268665639107,11268665639766,659
11268665896452,11268665897001,549
11268666123337,11268666123908,571
11268666345252,11268666345841,589
11268666569469,11268666570038,569
11268666794049,11268666794627,578
11268667018722,11268667019692,970
11268667242388,11268667242971,583
11268667465815,11268667466445,630
11268667688963,11268667689527,564
11268667912723,11268667913280,557
11268668140701,11268668141300,599
11268668364806,11268668365399,593
11268668588508,11268668589057,549
11268668812539,11268668813074,535
11268669114847,11268669115426,579
11268669343854,11268669344415,561
11268669567423,11268669567989,566
11268669789654,11268669790216,562
11268670014837,11268670015414,577
11268670237636,11268670238202,566
11268670463928,11268670464523,595
11268670687703,11268670688289,586
11268670912001,11268670912595,594
11268671136803,11268671137400,597
11268671360278,11268671360871,593
11268671584960,11268671585509,549
11268671810819,11268671811382,563
11268672035067,11268672035653,586
11268672344503,11268672345098,595
11268672570571,11268672571157,586
11268672797177,11268672797770,593
11268673022279,11268673022888,609
11268673244222,11268673244794,572
11268673470194,11268673470745,551
11268673698421,11268673698978,557
11268673923693,11268673924270,577
11268674147776,11268674148347,571
11268674372441,11268674373036,595
11268674596512,11268674597068,556
11268674821448,11268674821987,539
11268675044133,11268675044711,578
11268675266670,11268675267252,582
11268675491257,11268675491804,547
11268675782781,11268675783440,659
11268676030055,11268676030687,632
11268676274028,11268676274653,625
11268676519473,11268676520098,625
11268676763130,11268676763776,646
11268677007892,11268677008561,669
11268677255454,11268677256122,668
11268677500510,11268677501168,658
11268677742897,11268677743540,643
11268677987745,11268677988378,633
11268678232625,11268678233244,619
11268678479329,11268678479949,620
11268678726271,11268678726886,615
11268678980459,11268678981082,623
11268679228299,11268679228956,657
11268679490706,11268679491284,578
11268679713299,11268679713876,577
11268679936010,11268679936622,612
11268680159830,11268680160408,578
11268680381544,11268680382159,615
11268680608130,11268680608682,552
11268680832566,11268680833133,567
11268681056607,11268681057185,578
11268681277819,11268681278370,551
11268681501017,11268681501574,557
11268681727118,11268681727668,550
11268681950481,11268681951031,550
11268682172975,11268682173538,563
11268682480398,11268682480977,579
11268682713711,11268682714316,605
11268682938305,11268682938874,569
11268683161387,11268683161969,582
11268683386069,11268683386634,565
11268683609288,11268683609840,552
11268683830563,11268683831126,563
11268684055561,11268684056134,573
11268684278525,11268684279100,575
11268684503404,11268684503978,574
11268684725241,11268684725808,567
11268684949911,11268684950886,975
11268685174789,11268685175365,576
11268685398449,11268685399022,573
11268685715932,11268685716487,555
11268685940505,11268685941081,576
11268686168092,11268686168640,548
11268686393130,11268686393682,552
11268686616274,11268686616837,563
11268686839582,11268686840157,575
11268687063869,11268687064433,564
11268687287779,11268687288340,561
11268687512793,11268687513357,564
11268687736941,11268687737510,569
11268687961368,11268687961939,571
11268688185013,11268688185573,560
11268688409522,11268688410121,599
11268688632748,11268688633316,568
11268688856898,11268688857495,597
11268689166167,11268689166760,593
11268689389815,11268689390371,556
11268689615877,11268689616473,596
11268689841044,11268689841667,623
11268690064095,11268690064673,578
11268690288350,11268690288929,579
11268690516215,11268690516839,624
11268690739555,11268690740121,566
11268690964151,11268690964736,585
11268691189395,11268691189998,603
11268691412478,11268691413051,573
11268691638442,11268691639224,782
11268691863075,11268691863680,605
11268692087900,11268692088482,582
11268692396818,11268692397400,582
11268692621654,11268692622218,564
11268692847085,11268692847657,572
11268693070035,11268693070584,549
11268693293937,11268693294514,577
11268693519065,11268693519630,565
11268693742808,11268693743397,589
11268693969656,11268693970210,554
11268694233151,11268694233775,624
11268694507487,11268694508058,571
11268694731957,11268694732543,586
11268694955315,11268694955861,546
11268695180041,11268695180588,547
11268695403511,11268695404086,575
11268695728325,11268695728915,590
11268695950466,11268695951056,590
11268696171368,11268696171917,549
11268696480266,11268696480792,526
11268696705366,11268696705941,575
11268696926940,11268696927542,602
11268697150368,11268697150964,596
11268697376242,11268697376802,560
11268697597993,11268697598584,591
11268697821758,11268697822372,614
11268698043042,11268698043608,566
11268698360112,11268698360675,563
11268698765208,11268698765882,674
11268699040397,11268699041066,669
11268699310047,11268699310664,617
11268699615238,11268699615841,603
11268699920912,11268699921515,603
11268700227355,11268700227928,573
11268700532676,11268700533261,585
11268700839708,11268700840304,596
11268701151728,11268701152280,552
11268701426619,11268701427232,613
11268701671519,11268701672172,653
11268701915842,11268701916477,635
11268702159194,11268702159836,642
11268702434745,11268702435339,594
11268702747833,11268702748412,579
11268703059920,11268703060493,573
11268703361124,11268703361959,835
11268703663962,11268703664579,617
11268704058990,11268704059564,574
11268704334587,11268704335245,658
11268704578318,11268704578967,649
11268704820562,11268704821206,644
11268705065901,11268705066537,636
11268705308199,11268705308848,649
11268705561885,11268705562516,631
11268705828001,11268705828565,564
11268706132877,11268706133440,563
11268706434476,11268706435050,574
11268706746780,11268706747328,548
11268707050367,11268707050939,572
11268707354547,11268707355132,585
11268707659219,11268707659796,577
11268707966079,11268707966682,603
11268708245060,11268708245713,653
11268708491554,11268708492154,600
11268708736273,11268708736900,627
11268708988226,11268708988837,611
11268709339532,11268709340134,602
11268709646026,11268709646598,572
11268709955899,11268709956483,584
11268710259201,11268710259834,633
11268710586231,11268710586825,594
11268710896196,11268710896777,581
11268711203066,11268711203650,584
11268711515893,11268711516466,573
11268711800403,11268711801080,677
11268712043533,11268712044189,656
11268712305822,11268712306465,643
11268712558349,11268712559000,651
11268712829574,11268712830175,601
11268713149585,11268713150164,579
11268713458639,11268713459196,557
11268713769907,11268713770481,574
11268714083508,11268714084067,559
11268714361273,11268714361932,659
11268714608931,11268714609573,642
11268714856616,11268714857248,632
11268715102413,11268715103024,611
11268715349368,11268715349983,615
11268715604722,11268715605356,634
11268715943241,11268715943836,595
11268716254922,11268716255493,571
11268716564823,11268716565412,589
11268716876009,11268716876586,577
11268717181711,11268717182300,589
11268717465520,11268717466179,659
11268717710002,11268717710641,639
11268717953518,11268717954131,613
11268718200942,11268718201603,661
11268718443582,11268718444244,662
11268718688640,11268718689297,657
11268718939524,11268718940175,651
11268719207208,11268719207796,588
11268719524123,11268719524739,616
11268719832819,11268719833440,621
11268720139527,11268720140130,603
11268720460895,11268720461495,600
11268720744247,11268720744927,680
11268720989026,11268720989655,629
11268721232514,11268721233134,620
11268721479573,11268721480210,637
11268721722617,11268721723257,640
11268721968544,11268721969189,645
11268722217997,11268722218642,645
11268722481764,11268722482340,576
11268722793685,11268722794289,604
11268723097065,11268723097658,593
11268723401090,11268723401679,589
11268723708097,11268723708704,607
11268724012013,11268724012587,574
11268724317397,11268724317961,564
11268724624964,11268724625543,579
11268724902486,11268724903153,667
11268725147719,11268725148681,962
11268725393569,11268725394189,620
11268725721211,11268725721807,596
11268726036030,11268726036604,574
11268726339224,11268726339827,603
11268726641582,11268726642148,566
11268726946230,11268726946784,554
11268727252346,11268727252944,598
11268727534460,11268727535106,646
11268727779973,11268727780591,618
11268728025731,11268728026328,597
11268728274996,11268728275603,607
11268728519419,11268728520069,650
11268728766814,11268728767505,691
11268729020151,11268729020789,638
11268729267685,11268729268313,628
11268729517598,11268729518246,648
11268729763435,11268729764072,637
11268730010624,11268730011265,641
11268730256231,11268730256860,629
11268730503257,11268730503898,641
11268730747177,11268730747781,604
11268730992987,11268730993615,628
11268731238725,11268731239361,636
11268731483135,11268731483772,637
11268731728376,11268731729012,636
11268731974725,11268731975363,638
11268732229350,11268732229981,631
11268732479359,11268732479993,634
11268732724692,11268732725635,943
11268732969857,11268732970497,640
11268733216164,11268733216796,632
11268733460958,11268733461613,655
11268733706991,11268733707598,607
11268733951235,11268733951848,613
11268734196560,11268734197195,635
11268734445729,11268734446377,648
11268734691348,11268734691983,635
11268734935354,11268734935984,630
11268735179295,11268735179956,661
11268735423016,11268735423685,669
11268735677367,11268735678000,633
11268735924335,11268735925003,668
11268736168920,11268736169596,676
11268736418317,11268736418958,641
11268736661060,11268736661721,661
11268736906416,11268736907012,596
11268737147416,11268737148059,643
11268737393419,11268737394082,663
11268737638022,11268737638705,683
11268737883516,11268737884155,639
11268738127540,11268738128188,648
11268738374879,11268738375510,631
11268738619813,11268738620456,643
11268738864057,11268738864720,663
11268739121888,11268739122527,639
11268739369817,11268739370446,629
11268739615994,11268739616642,648
11268739858870,11268739859755,885
11268740105298,11268740105931,633
11268740368435,11268740369089,654
11268740614799,11268740615500,701
11268740858995,11268740859659,664
11268741104016,11268741104650,634
11268741347442,11268741348110,668
11268741615311,11268741615928,617
11268741858532,11268741859160,628
11268742101712,11268742102352,640
11268742368425,11268742369102,677
11268742615792,11268742616411,619
11268742862389,11268742863008,619
11268743107731,11268743108388,657
11268743358318,11268743358977,659
11268743602784,11268743603406,622
11268743848827,11268743849454,627
11268744094713,11268744095332,619
11268744354728,11268744355370,642
11268744597466,11268744598122,656
11268744842436,11268744843085,649
11268745086715,11268745087366,651
11268745335908,11268745336533,625
11268745591804,11268745592421,617
11268745838496,11268745839161,665
11268746082820,11268746083490,670
11268746329298,11268746329940,642
11268746578767,11268746579395,628
11268746823082,11268746823719,637
11268747071459,11268747072090,631
11268747320561,11268747321207,646
11268747566562,11268747567203,641
11268747810277,11268747810920,643
11268748054598,11268748055237,639
11268748296664,11268748297332,668
11268748558043,11268748558699,656
11268748806337,11268748806980,643
11268749065859,11268749066505,646
11268749312578,11268749313221,643
11268749557994,11268749559034,1040
11268749804148,11268749804764,616
11268750050734,11268750051357,623
11268750297839,11268750298526,687
11268750547443,11268750548080,637
11268750794565,11268750795203,638
11268751040370,11268751041009,639
11268751287005,11268751287666,661
11268751531995,11268751532649,654
11268751776405,11268751777071,666
11268752020830,11268752021441,611
11268752274348,11268752274961,613
11268752523151,11268752523806,655
11268752770907,11268752771602,695
11268753015469,11268753016113,644
11268753259360,11268753259989,629
11268753518648,11268753519509,861
11268753809024,11268753809699,675
11268754091426,11268754092139,713
11268754376031,11268754376698,667
11268754652035,11268754652691,656
11268754948015,11268754948844,829
11268755209351,11268755210040,689
11268755480310,11268755480949,639
11268755738127,11268755738757,630
11268755983902,11268755984569,667
11268756231077,11268756231721,644
11268756486722,11268756487372,650
11268756755333,11268756755957,624
11268757046236,11268757046992,756
11268757306835,11268757307503,668
11268757565974,11268757566651,677
11268757811286,11268757811977,691
11268758058866,11268758059510,644
11268758304103,11268758304766,663
11268758549994,11268758550633,639
11268758793734,11268758794375,641
11268759050714,11268759051309,595
11268759296427,11268759297043,616
11268759542930,11268759543545,615
11268759786131,11268759786719,588
11268760033682,11268760034307,625
11268760279533,11268760280149,616
11268760530144,11268760530807,663
11268760775869,11268760776477,608
11268761021415,11268761022057,642
11268761264550,11268761265223,673
11268761505722,11268761506344,622
11268761752621,11268761753252,631
11268761997158,11268761997788,630
11268762255271,11268762255923,652
11268762500602,11268762501185,583
11268762749527,11268762750170,643
11268762995051,11268762995693,642
11268763242013,11268763242620,607
11268763491953,11268763492556,603
11268763738214,11268763738837,623
11268763985286,11268763985920,634
11268764230986,11268764231620,634
11268764476466,11268764477094,628
11268764723775,11268764724379,604
11268764996363,11268764996965,602
11268765239969,11268765240619,650
11268765485524,11268765486112,588
11268765737218,11268765737834,616
11268765988498,11268765989109,611
11268766232822,11268766233441,619
11268766479679,11268766480297,618
11268766725539,11268766726149,610
11268766973962,11268766974594,632
11268767219073,11268767219689,616
11268767479441,11268767480080,639
11268767732689,11268767733286,597
11268767978580,11268767979182,602
11268768233826,11268768234473,647
11268768478997,11268768479602,605
11268768725517,11268768726132,615
11268768981030,11268768981677,647
11268769229173,11268769229804,631
11268769483943,11268769484913,970
11268769731355,11268769731988,633
11268769974492,11268769975120,628
11268770224600,11268770225230,630
11268770471615,11268770472235,620
11268770719103,11268770719734,631
11268770965337,11268770965976,639
11268771210736,11268771211323,587
11268771454738,11268771455391,653
11268771697958,11268771698593,635
11268771944939,11268771945551,612
11268772189076,11268772189678,602
11268772502722,11268772503301,579
11268772725987,11268772726554,567
11268772950332,11268772950935,603
11268773175863,11268773176455,592
11268773402292,11268773402901,609
11268773626392,11268773626979,587
11268773851645,11268773852239,594
11268774078058,11268774078635,577
11268774304645,11268774305223,578
11268774529002,11268774529604,602
11268774752587,11268774753209,622
11268774977405,11268774977996,591
11268775203608,11268775204233,625
11268775484989,11268775485637,648
11268775859462,11268775860090,628
11268776091272,11268776091917,645
11268776318994,11268776319627,633
11268776542758,11268776543331,573
11268776768204,11268776768793,589
11268777012756,11268777013319,563
11268777235569,11268777236126,557
11268777540068,11268777540637,569
11268777843303,11268777843869,566
11268778066797,11268778067327,530
11268778287685,11268778288284,599
11268778512363,11268778512931,568
11268778735814,11268778736399,585
11268779046235,11268779046838,603
11268779290495,11268779291069,574
11268779514217,11268779514753,536
11268779740230,11268779740834,604
11268779965397,11268779966015,618
11268780186941,11268780187530,589
11268780410608,11268780411147,539
11268780633794,11268780634379,585
11268780859094,11268780859668,574
11268781143924,11268781144558,634
11268781393411,11268781394039,628
11268781639848,11268781640471,623
11268781884809,11268781885412,603
11268782130826,11268782131462,636
11268782400233,11268782400887,654
11268782734510,11268782735119,609
11268783172126,11268783172785,659
11268783507694,11268783508806,1112
11268783760364,11268783761034,670
11268784011368,11268784012011,643
11268784260298,11268784260958,660
11268784510137,11268784510746,609
11268784762688,11268784763333,645
11268785012867,11268785013507,640
11268785369280,11268785370144,864
11268785670808,11268785671628,820
11268785971501,11268785972653,1152
11268786456878,11268786457864,986
11268786887294,11268786888518,1224
11268787368317,11268787369293,976
11268787717952,11268787719020,1068
11268788007057,11268788007651,594
11268788294887,11268788295525,638
11268788574528,11268788575181,653
11268788829810,11268788830451,641
11268789104896,11268789105537,641
11268789563349,11268789564439,1090
11268789959995,11268789961399,1404
11268790288840,11268790289579,739
11268790643668,11268790645060,1392
11268791154881,11268791156360,1479
11268791648382,11268791649899,1517
11268791978324,11268791979005,681
11268792261550,11268792262231,681
11268792516383,11268792517109,726
11268792769389,11268792770038,649
11268793018073,11268793018986,913
11268793268693,11268793269368,675
11268793507691,11268793508376,685
11268793746586,11268793747285,699
11268793983791,11268793984410,619
11268794219281,11268794219927,646
11268794466419,11268794467030,611
11268794704302,11268794704928,626
11268794936112,11268794936807,695
11268795166940,11268795167622,682
11268795419100,11268795419745,645
11268795685423,11268795686040,617
11268795944757,11268795945443,686
11268796196630,11268796197243,613
11268796479510,11268796480379,869
11268796915672,11268796917051,1379
11268797292785,11268797293590,805
11268797666356,11268797667753,1397
11268798022299,11268798023500,1201
11268798359970,11268798360590,620
11268798640594,11268798641251,657
11268798921155,11268798921812,657
11268799187588,11268799188245,657
11268799440614,11268799441280,666
11268799695022,11268799695681,659
11268799944542,11268799945216,674
11268800199547,11268800200218,671
11268800488613,11268800489536,923
11268800796783,11268800797892,1109
11268801102609,11268801103322,713
11268801378826,11268801379502,676
11268801631245,11268801631922,677
11268801885702,11268801886353,651
11268802150013,11268802150674,661
11268802422942,11268802423597,655
11268802694566,11268802695229,663
11268802985211,11268802985954,743
11268803249741,11268803250457,716
11268803503952,11268803504663,711
11268803757397,11268803758060,663
11268804008709,11268804009858,1149
11268804263896,11268804264599,703
11268804518200,11268804518874,674
11268804772297,11268804772972,675
11268805023252,11268805023954,702
11268805271928,11268805272620,692
11268805522189,11268805522901,712
11268805806831,11268805807676,845
11268806076015,11268806076693,678
11268806304120,11268806304740,620
11268806532228,11268806532857,629
11268806754223,11268806754791,568
11268807029125,11268807029679,554
11268807254148,11268807254747,599
11268807506071,11268807506592,521
11268807730968,11268807731506,538
11268808039569,11268808040323,754
11268808284737,11268808285342,605
11268808522491,11268808523089,598
11268808745288,11268808745921,633
11268808983809,11268808984463,654
11268809211513,11268809212128,615
11268809434465,11268809435098,633
11268809659537,11268809660125,588
11268809890909,11268809891490,581
11268810108796,11268810109362,566
11268810324919,11268810325485,566
11268810545054,11268810545602,548
11268810762796,11268810763407,611
11268810979391,11268810980029,638
11268811196065,11268811196643,578
11268811411494,11268811412067,573
11268811633686,11268811634247,561
11268811859899,11268811860460,561
11268812121347,11268812121991,644
11268812451484,11268812452127,643
11268812713200,11268812713869,669
11268812962078,11268812962756,678
11268813209766,11268813210425,659
11268813469041,11268813469756,715
11268813754749,11268813755632,883
11268814033093,11268814033795,702
11268814286277,11268814286913,636
11268814534869,11268814535508,639
11268814780130,11268814780779,649
11268815060175,11268815060848,673
11268815308201,11268815308842,641
11268815566624,11268815567223,599
11268815835583,11268815836202,619
11268816106405,11268816107105,700
11268816350780,11268816351444,664
11268816604355,11268816605043,688
11268816851603,11268816852263,660
11268817097598,11268817098231,633
11268817340452,11268817341138,686
11268817586173,11268817586840,667
11268817834613,11268817835293,680
11268818077731,11268818078404,673
11268818325024,11268818325696,672
11268818572425,11268818573128,703
11268818818108,11268818818754,646
11268819072029,11268819072702,673
11268819318568,11268819319206,638
11268819563368,11268819563989,621
11268819809328,11268819810020,692
11268820054282,11268820054931,649
11268820302675,11268820303350,675
11268820547328,11268820548005,677
11268820794390,11268820795080,690
11268821037915,11268821038587,672
11268821281093,11268821281730,637
11268821529966,11268821530602,636
11268821773288,11268821773945,657
11268822019106,11268822019766,660
11268822273591,11268822274226,635
11268822548218,11268822548934,716
11268822816553,11268822817216,663
11268823070433,11268823071113,680
11268823316918,11268823317631,713
11268823578723,11268823579808,1085
11268823825175,11268823825838,663
11268824074796,11268824075461,665
11268824335207,11268824335874,667
11268824581355,11268824582015,660
11268824828623,11268824829266,643
11268825075207,11268825075868,661
11268825321249,11268825321918,669
11268825582450,11268825583113,663
11268825830978,11268825831618,640
11268826076583,11268826077241,658
11268826326662,11268826327305,643
11268826581004,11268826581699,695
11268826827548,11268826828184,636
11268827071550,11268827072175,625
11268827317210,11268827317853,643
11268827563883,11268827564541,658
11268827811673,11268827812325,652
11268828058058,11268828058678,620
11268828302839,11268828303468,629
11268828552783,11268828553420,637
11268828797494,11268828798129,635
11268829059415,11268829060067,652
11268829303837,11268829304496,659
11268829549348,11268829549996,648
11268829797645,11268829798303,658
11268830041955,11268830042620,665
11268830286180,11268830286849,669
11268830531211,11268830531828,617
11268830775633,11268830776299,666
11268831025199,11268831025846,647
11268831270475,11268831271178,703
11268831515761,11268831516414,653
11268831760781,11268831761454,673
11268832005155,11268832005789,634
11268832259222,11268832259855,633
11268832505031,11268832505672,641
11268832750967,11268832751633,666
11268832993838,11268832994503,665
11268833239135,11268833239796,661
11268833490678,11268833491367,689
11268833737747,11268833738415,668
11268833981875,11268833982554,679
11268834249954,11268834250587,633
11268834556009,11268834556776,767
11268834822418,11268834823059,641
11268835068825,11268835069474,649
11268835313467,11268835314079,612
11268835572146,11268835572781,635
11268835828057,11268835828903,846
11268836097373,11268836098290,917
11268836360225,11268836360850,625
11268836620754,11268836621419,665
11268836868380,11268836869035,655
11268837118351,11268837118988,637
11268837364260,11268837364899,639
11268837609334,11268837610032,698
11268837852452,11268837853083,631
11268838098200,11268838098873,673
11268838344356,11268838345031,675
11268838588705,11268838589359,654
11268838832578,11268838833236,658
11268839086831,11268839087472,641
11268839332806,11268839333490,684
11268839580617,11268839581280,663
11268839825525,11268839826181,656
11268840070793,11268840071436,643
11268840316172,11268840316839,667
11268840561133,11268840561785,652
11268840810801,11268840811833,1032
11268841056564,11268841057236,672
11268841305543,11268841306199,656
11268841555778,11268841556489,711
11268841803098,11268841803783,685
11268842052121,11268842052787,666
11268842307858,11268842308501,643
11268842553522,11268842554152,630
11268842798960,11268842799585,625
11268843046708,11268843047363,655
11268843295141,11268843295779,638
11268843540095,11268843540731,636
11268843785980,11268843786604,624
11268844033133,11268844033801,668
11268844279051,11268844279807,756
11268844526508,11268844527160,652
11268844795657,11268844796285,628
11268845019958,11268845020576,618
11268845243197,11268845243806,609
11268845469588,11268845470203,615
11268845775565,11268845776193,628
11268846001338,11268846001928,590
11268846224294,11268846224887,593
11268846447000,11268846447591,591
11268846672300,11268846672893,593
11268846897689,11268846898298,609
11268847120404,11268847121010,606
11268847343149,11268847343720,571
11268847566996,11268847567596,600
11268847791262,11268847791845,583
11268848017076,11268848017634,558
11268848241065,11268848241655,590
11268848464474,11268848465077,603
11268848687101,11268848687710,609
11268848957576,11268848958237,661
11268849226909,11268849227588,679
11268849470978,11268849471637,659
11268849716286,11268849716959,673
11268849960402,11268849961074,672
11268850235908,11268850236518,610
11268850459548,11268850460156,608
11268850683254,11268850683868,614
11268850907608,11268850908221,613
11268851131462,11268851132054,592
11268851351626,11268851352250,624
11268851574339,11268851574943,604
11268851797053,11268851797706,653
11268852021222,11268852021847,625
11268852297412,11268852298072,660
11268852563144,11268852563768,624
11268852787571,11268852788197,626
11268853008402,11268853008995,593
11268853232976,11268853233534,558
11268853458983,11268853459572,589
11268853692123,11268853692690,567
11268853913970,11268853914561,591
11268854138670,11268854139261,591
11268854359940,11268854360538,598
11268854583166,11268854583780,614
11268854805879,11268854806484,605
11268855026992,11268855027580,588
11268855250663,11268855251258,595
11268855472904,11268855473516,612
11268855804181,11268855804760,579
11268856033849,11268856034436,587
11268856257893,11268856258484,591
11268856482625,11268856483664,1039
11268856704814,11268856705403,589
11268856927331,11268856927932,601
11268857152482,11268857153078,596
11268857376523,11268857377147,624
11268857600961,11268857601556,595
11268857824339,11268857824924,585
11268858047648,11268858048230,582
11268858270414,11268858270993,579
11268858492308,11268858492880,572
11268858716935,11268858717500,565
11268859022895,11268859023466,571
11268859266720,11268859267322,602
11268859490035,11268859490593,558
11268859711854,11268859712421,567
11268859936272,11268859936861,589
11268860157700,11268860158293,593
11268860379247,11268860379841,594
11268860602686,11268860603271,585
11268860827574,11268860828198,624
11268861053039,11268861053628,589
11268861278887,11268861279497,610
11268861502205,11268861502779,574
11268861725703,11268861726296,593
11268861950177,11268861950765,588
11268862172431,11268862173017,586
11268862476511,11268862477095,584
11268862708658,11268862709241,583
11268862931686,11268862932291,605
11268863156153,11268863156780,627
11268863381732,11268863382369,637
11268863604609,11268863605180,571
11268863825955,11268863826549,594
11268864048762,11268864049324,562
11268864274491,11268864275094,603
11268864495647,11268864496249,602
11268864718031,11268864718642,611
11268864943928,11268864944539,611
11268865168814,11268865169433,619
11268865389991,11268865390594,603
11268865693810,11268865694438,628
11268865917164,11268865917768,604
11268866137655,11268866138274,619
11268866361057,11268866361663,606
11268866585786,11268866586377,591
11268866808329,11268866808954,625
11268867029771,11268867030396,625
11268867251161,11268867251759,598
11268867555430,11268867556023,593
11268867778949,11268867779535,586
11268868000333,11268868000902,569
11268868223646,11268868224258,612
11268868446678,11268868447302,624
11268868671892,11268868672492,600
11268868900317,11268868900920,603
11268869216060,11268869216662,602
11268869472851,11268869473440,589
11268869728456,11268869729018,562
11268869986393,11268869986935,542
11268870243369,11268870243963,594
11268870485601,11268870486163,562
11268870709230,11268870709840,610
11268870932192,11268870932789,597
11268871156690,11268871157270,580
11268871392709,11268871393279,570
11268871632929,11268871633510,581
11268871856269,11268871856831,562
11268872077216,11268872077780,564
11268872353843,11268872354452,609
11268872629165,11268872630109,944
11268872853486,11268872854077,591
11268873076909,11268873077460,551
11268873301971,11268873302570,599
11268873527413,11268873527994,581
11268873751589,11268873752127,538
11268873975242,11268873975828,586
11268874199752,11268874200364,612
11268874425100,11268874425729,629
11268874649530,11268874650123,593
11268874875336,11268874875950,614
11268875172952,11268875173564,612
11268875402638,11268875403247,609
11268875713034,11268875713642,608
11268875937793,11268875938699,906
11268876161284,11268876161904,620
11268876384643,11268876385215,572
11268876606535,11268876607117,582
11268876833902,11268876834525,623
11268877057729,11268877058374,645
11268877285684,11268877286257,573
11268877586995,11268877587576,581
11268877809143,11268877809756,613
11268878034104,11268878034719,615
11268878257459,11268878258062,603
11268878481682,11268878482269,587
11268878702901,11268878703534,633
11268878975539,11268878976209,670
11268879243616,11268879244233,617
11268879468063,11268879468671,608
11268879696668,11268879697310,642
11268879920748,11268879921338,590
11268880145029,11268880145610,581
11268880368032,11268880368597,565
11268880591918,11268880592507,589
11268880814812,11268880815406,594
11268881039032,11268881039639,607
11268881263875,11268881264458,583
11268881488148,11268881488736,588
11268881710562,11268881711158,596
11268881935834,11268881936459,625
11268882238321,11268882238910,589
11268882540886,11268882541494,608
11268882766335,11268882766978,643
11268882992326,11268882992943,617
11268883217442,11268883218044,602
11268883441681,11268883442248,567
11268883668035,11268883668637,602
11268883892565,11268883893159,594
11268884117700,11268884118313,613
11268884341845,11268884342458,613
11268884566354,11268884566947,593
11268884788698,11268884789320,622
11268885012264,11268885012865,601
11268885237454,11268885238031,577
11268885461123,11268885461721,598
11268885773543,11268885774121,578
11268885998711,11268885999333,622
11268886222666,11268886223298,632
11268886447124,11268886447756,632
11268886670793,11268886671420,627
11268886897249,11268886897903,654
11268887120634,11268887121279,645
11268887343238,11268887343851,613
11268887567002,11268887567583,581
11268887791093,11268887791689,596
11268888016571,11268888017176,605
11268888237910,11268888238514,604
11268888463600,11268888464215,615
11268888685991,11268888686692,701
11268888955813,11268888956489,676
11268889217281,11268889217876,595
11268889441227,11268889441830,603
11268889664801,11268889665432,631
11268889888569,11268889889167,598
11268890110148,11268890110748,600
11268890337276,11268890337873,597
11268890560965,11268890561597,632
11268890855614,11268890856229,615
11268891087233,11268891087879,646
11268891312398,11268891313000,602
11268891537329,11268891537924,595
11268891760117,11268891760726,609
11268891983841,11268891984444,603
11268892206343,11268892211356,5013
11268892531736,11268892532613,877
11268892853240,11268892853996,756
11268893097479,11268893098171,692
11268893323554,11268893324205,651
11268893546948,11268893547596,648
11268893774820,11268893775436,616
11268893999697,11268894000312,615
11268894226426,11268894227021,595
11268894448825,11268894449428,603
11268894671843,11268894672431,588
11268894896149,11268894896735,586
11268895119424,11268895120048,624
11268895343599,11268895344213,614
11268895573728,11268895574347,619
11268895873261,11268895873873,612
11268896100582,11268896101202,620
11268896323838,11268896324467,629
11268896548545,11268896549156,611
11268896772017,11268896772641,624
11268896994143,11268896994763,620
11268897221237,11268897221872,635
11268897443426,11268897444060,634
11268897668607,11268897669242,635
11268897891113,11268897891730,617
11268898116455,11268898117061,606
11268898416250,11268898416847,597
11268898720099,11268898720687,588
11268899039823,11268899040435,612
11268899342626,11268899343239,613
11268899654681,11268899655553,872
11268899954067,11268899954787,720
11268900259084,11268900259681,597
11268900571538,11268900572126,588
11268900882346,11268900882998,652
11268901180493,11268901181077,584
11268901459551,11268901460227,676
11268901702326,11268901703207,881
11268901946313,11268901947187,874
11268902190949,11268902191633,684
11268902497659,11268902498248,589
11268902805917,11268902806499,582
11268903107949,11268903108719,770
11268903412767,11268903413700,933
11268903713849,11268903714478,629
11268904024830,11268904025410,580
11268904327491,11268904328094,603
11268904638411,11268904638994,583
11268904920746,11268904921387,641
11268905165845,11268905166482,637
11268905410301,11268905411154,853
11268905698556,11268905699242,686
11268906021774,11268906022366,592
11268906353171,11268906353967,796
11268906704502,11268906705231,729
11268907048618,11268907049208,590
11268907381301,11268907381888,587
11268907704218,11268907704960,742
11268907999326,11268908000045,719
11268908245532,11268908246206,674
11268908488503,11268908489329,826
11268908732384,11268908733087,703
11268909018443,11268909019212,769
11268909315723,11268909316400,677
11268909621389,11268909622410,1021
11268909921354,11268909922105,751
11268910226273,11268910226916,643
11268910526429,11268910527050,621
11268910749872,11268910750619,747
11268911055852,11268911056509,657
11268911361677,11268911362286,609
11268911641600,11268911642267,667
11268911885825,11268911886675,850
11268912128222,11268912128937,715
11268912423979,11268912424575,596
11268912751889,11268912752487,598
11268913055794,11268913056572,778
11268913366736,11268913367356,620
11268913694020,11268913694602,582
11268914042706,11268914043298,592
11268914359457,11268914360037,580
11268914661556,11268914662146,590
11268914940507,11268914941192,685
11268915184427,11268915185049,622
11268915430549,11268915431152,603
11268915730035,11268915730619,584
11268915989221,11268915989808,587
11268916316239,11268916316993,754
11268916657969,11268916658581,612
11268917000086,11268917000679,593
11268917317909,11268917318490,581
11268917599458,11268917600274,816
11268917843390,11268917844080,690
11268918089869,11268918090520,651
11268918337092,11268918337767,675
11268918580698,11268918581335,637
11268918824475,11268918825325,850
11268919074848,11268919075574,726
11268919322136,11268919322962,826
11268919566350,11268919567060,710
11268919812374,11268919813043,669
11268920060288,11268920061167,879
11268920303957,11268920304678,721
11268920551783,11268920552457,674
11268920797171,11268920797840,669
11268921042700,11268921043333,633
11268921286144,11268921286769,625
11268921530662,11268921531275,613
11268921777327,11268921777985,658
11268922021451,11268922022313,862
11268922272529,11268922273245,716
11268922612640,11268922613396,756
11268922929464,11268922930099,635
11268923232956,11268923233755,799
11268923541476,11268923542144,668
11268923854655,11268923855454,799
11268924157712,11268924158374,662
11268924440259,11268924441117,858
11268924685246,11268924685944,698
11268924928767,11268924929636,869
11268925173210,11268925173926,716
11268925417691,11268925418529,838
11268925746068,11268925779224,33156
11268926101532,11268926102294,762
11268926475786,11268926476386,600
11268926819383,11268926820126,743
11268927141916,11268927142577,661
11268927456207,11268927456954,747
11268927779709,11268927780332,623
11268928097425,11268928098169,744
11268928386881,11268928387949,1068
11268928647903,11268928648795,892
11268928899070,11268928899752,682
11268929162727,11268929163535,808
11268929511885,11268929512520,635
11268929854062,11268929854611,549
11268930194987,11268930195732,745
11268930528385,11268930529017,632
11268930957321,11268930957897,576
11268931213828,11268931214594,766
11268931548710,11268931549333,623
11268931845892,11268931846695,803
11268932088660,11268932089351,691
11268932368802,11268932369406,604
11268932684717,11268932685453,736
11268933020924,11268933021532,608
11268933359714,11268933360474,760
11268933706714,11268933707335,621
11268934050057,11268934050792,735
11268934366002,11268934366680,678
11268934643223,11268934643916,693
11268934885363,11268934886022,659
11268935130566,11268935131370,804
11268935368346,11268935369051,705
11268935668926,11268935669489,563
11268936011119,11268936011699,580
11268936354843,11268936355429,586
11268936686375,11268936686974,599
11268937032882,11268937033469,587
11268937361197,11268937361810,613
11268937655374,11268937656193,819
11268937900861,11268937901549,688
11268938142143,11268938143003,860
11268938389703,11268938390431,728
11268938631749,11268938632398,649
11268938881542,11268938882152,610
11268939239367,11268939239931,564
11268939591894,11268939592479,585
11268939935029,11268939935751,722
11268940272574,11268940273183,609
11268940603930,11268940604504,574
11268940987157,11268940987710,553
11268941325186,11268941325934,748
11268941649156,11268941649793,637
11268941930973,11268941931812,839
11268942172005,11268942172699,694
11268942435971,11268942436576,605
11268942739992,11268942740574,582
11268943076304,11268943077079,775
11268943395040,11268943395646,606
11268943719344,11268943720086,742
11268944058515,11268944059174,659
11268944392982,11268944393779,797
11268944732478,11268944733074,596
11268945030235,11268945031073,838
11268945275803,11268945276491,688
11268945519762,11268945520626,864
11268945866774,11268945867397,623
11268946190669,11268946191425,756
11268946542614,11268946543222,608
11268946888092,11268946888849,757
11268947229871,11268947230506,635
11268947572289,11268947572873,584
11268947900968,11268947901726,758
11268948201415,11268948202072,657
11268948484230,11268948485037,807
11268948726846,11268948727567,721
11268949007560,11268949008157,597
11268949313601,11268949314330,729
11268949633036,11268949634062,1026
11268949951387,11268949952139,752
11268950347153,11268950347793,640
11268950644465,11268950645316,851
11268950886794,11268950887437,643
11268951129745,11268951130560,815
11268951372306,11268951372985,679
11268951634677,11268951635429,752
11268951913924,11268951914653,729
11268952158199,11268952159053,854
11268952406179,11268952406975,796
11268952654300,11268952655162,862
11268952897818,11268952898554,736
11268953141476,11268953142125,649
11268953384534,11268953385224,690
11268953627989,11268953628846,857
11268953874876,11268953875567,691
11268954118609,11268954119428,819
11268954358975,11268954359642,667
11268954603828,11268954604671,843
11268954845902,11268954846597,695
11268955091937,11268955092785,848
11268955335209,11268955335875,666
11268955587529,11268955588376,847
11268955848422,11268955849116,694
11268956274619,11268956275390,771
11268956621653,11268956622274,621
11268956963071,11268956963829,758
11268957292153,11268957292781,628
11268957639920,11268957640701,781
11268957966504,11268957967155,651
11268958271183,11268958271969,786
11268958546343,11268958547038,695
11268958791060,11268958791893,833
11268959072950,11268959073557,607
11268959372132,11268959372903,771
11268959618349,11268959618944,595
11268959953349,11268959954117,768
11268960273979,11268960274608,629
11268960552692,11268960553514,822
11268960817010,11268960817620,610
11268961183445,11268961184328,883
11268961527349,11268961527971,622
11268961806679,11268961807528,849
11268962051133,11268962051835,702
11268962359495,11268962360071,576
11268962700633,11268962701387,754
11268963039899,11268963040522,623
11268963369819,11268963370599,780
11268963709068,11268963709707,639
11268964005235,11268964006077,842
11268964269062,11268964269684,622
11268964560520,11268964561346,826
11268964801171,11268964801848,677
11268965047107,11268965047784,677
11268965299744,11268965300558,814
11268965588808,11268965589432,624
11268965918359,11268965919157,798
11268966250088,11268966250731,643
11268966592307,11268966593155,848
11268966897189,11268966897822,633
11268967198069,11268967198860,791
11268967516042,11268967516706,664
11268967849244,11268967850002,758
11268968149038,11268968149679,641
11268968434498,11268968435356,858
11268968678535,11268968679308,773
11268968991736,11268968992497,761
11268969326114,11268969326747,633
11268969668673,11268969669709,1036
11268970015272,11268970016066,794
11268970344324,11268970344937,613
11268970678437,11268970679241,804
11268970979735,11268970980425,690
11268971435188,11268971435970,782
11268971718314,11268971719072,758
11268971964310,11268971965194,884
11268972212105,11268972212839,734
11268972643722,11268972644469,747
11268972987199,11268972987812,613
11268973318091,11268973318829,738
11268973657378,11268973658009,631
11268973984116,11268973984888,772
11268974284363,11268974284942,579
11268974601929,11268974602698,769
11268974915084,11268974915720,636
11268975192536,11268975193535,999
11268975435273,11268975435946,673
11268975709017,11268975709772,755
11268976017127,11268976017759,632
11268976356525,11268976357303,778
11268976660382,11268976660990,608
11268976961533,11268976962283,750
11268977274714,11268977275345,631
11268977578782,11268977579550,768
11268977905964,11268977906546,582
11268978232518,11268978233261,743
11268978516774,11268978517437,663
11268978761878,11268978762740,862
11268979041035,11268979041647,612
11268979323003,11268979323866,863
11268979584585,11268979585182,597
11268979914863,11268979915641,778
11268980200652,11268980201368,716
11268980463708,11268980464563,855
11268980731678,11268980732301,623
11268981038896,11268981039675,779
11268981338900,11268981339542,642
11268981713153,11268981714021,868
11268981958603,11268981959260,657
11268982204667,11268982205474,807
11268982571505,11268982572102,597
11268982916517,11268982917283,766
11268983265668,11268983266274,606
11268983596762,11268983597513,751
11268983933355,11268983933967,612
11268984259775,11268984260525,750
11268984566491,11268984567125,634
11268984880593,11268984881388,795
11268985164702,11268985165379,677
11268985417805,11268985418634,829
11268985671035,11268985671745,710
11268985921203,11268985922089,886
11268986171591,11268986172300,709
11268986430321,11268986431134,813
11268986712820,11268986713723,903
11268987003548,11268987004437,889
11268987258723,11268987259409,686
11268987511569,11268987512471,902
11268987759592,11268987760309,717
11268988004512,11268988005359,847
11268988248089,11268988248859,770
11268988500245,11268988501086,841
11268988748015,11268988748686,671
11268989042498,11268989043285,787
11268989355338,11268989355959,621
11268989645347,11268989646286,939
11268989895027,11268989895756,729
11268990152985,11268990153869,884
11268990434129,11268990434790,661
11268990747171,11268990748059,888
11268991093963,11268991095293,1330
11268991555797,11268991557305,1508
11268992007429,11268992008634,1205
11268992492530,11268992493615,1085
11268992859455,11268992860269,814
11268993169624,11268993170670,1046
11268993458201,11268993458889,688
11268993745959,11268993748091,2132
11268994034049,11268994034732,683
11268994316196,11268994317260,1064
11268994580005,11268994580622,617
11268994831462,11268994832439,977
11268995097391,11268995098123,732
11268995368507,11268995369553,1046
11268995630412,11268995631047,635
11268995872289,11268995873101,812
11268996096994,11268996097550,556
11268996341877,11268996342968,1091
11268996585932,11268996586576,644
11268996833116,11268996833989,873
11268997062772,11268997063480,708
11268997293595,11268997294383,788
11268997522702,11268997523247,545
11268997749976,11268997750733,757
11268997980352,11268997980969,617
11268998214534,11268998215334,800
11268998435908,11268998436517,609
11268998661293,11268998662123,830
11268998932215,11268998933158,943
11268999207194,11268999208097,903
11268999477777,11268999478569,792
11268999765205,11268999766056,851
11269000028678,11269000029337,659
11269000292972,11269000293902,930
11269000585801,11269000586474,673
11269000890644,11269000891552,908
11269001166032,11269001166727,695
11269001418827,11269001419699,872
11269001653950,11269001654622,672
11269001887609,11269001888411,802
11269002131429,11269002132043,614
11269002527331,11269002528538,1207
11269002877894,11269002878604,710
11269003121450,11269003122351,901
11269003343240,11269003343946,706
11269003567394,11269003568222,828
11269003787949,11269003788597,648
11269004014485,11269004015343,858
11269004275267,11269004276032,765
11269004502745,11269004503595,850
11269004748819,11269004749422,603
11269005030227,11269005031432,1205
11269005316501,11269005317212,711
11269005684340,11269005685559,1219
11269005995202,11269005996043,841
11269006303714,11269006304554,840
11269006549638,11269006550329,691
11269006811812,11269006812710,898
11269007067011,11269007067728,717
11269007314670,11269007315605,935
11269007555005,11269007555663,658
11269007785523,11269007786359,836
11269008017917,11269008018588,671
11269008266687,11269008267535,848
11269008517431,11269008518179,748
11269008744520,11269008745291,771
11269009031656,11269009032337,681
11269009273085,11269009273877,792
11269009548299,11269009548997,698
11269009782165,11269009783001,836
11269010002274,11269010002922,648
11269010228021,11269010228823,802
11269010447963,11269010448627,664
11269010670863,11269010671682,819
11269010888815,11269010889467,652
11269011109775,11269011110528,753
11269011346974,11269011347662,688
11269011570388,11269011571156,768
11269011787132,11269011787749,617
11269012010856,11269012011619,763
11269012258023,11269012258772,749
11269012494662,11269012495421,759
11269012717917,11269012718583,666
11269012938120,11269012938931,811
11269013158092,11269013158754,662
11269013403395,11269013404251,856
11269013667059,11269013667748,689
11269013911661,11269013912442,781
11269014242289,11269014243058,769
11269014483474,11269014484307,833
11269014762640,11269014763321,681
11269015025340,11269015026255,915
11269015264645,11269015265374,729
11269015509937,11269015510845,908
11269015742281,11269015742923,642
11269015975232,11269015976077,845
11269016190133,11269016190810,677
11269016408006,11269016408811,805
11269016623668,11269016624320,652
11269016841994,11269016842817,823
11269017058065,11269017058686,621
11269017275974,11269017276777,803
11269017490163,11269017490794,631
11269017708451,11269017709288,837
11269017922714,11269017923854,1140
11269018142154,11269018142978,824
11269018354740,11269018355357,617
11269018571593,11269018572352,759
11269018788291,11269018788950,659
11269019051557,11269019052376,819
11269019274605,11269019275271,666
11269019492402,11269019493203,801
11269019708186,11269019708854,668
11269019923803,11269019924594,791
11269020141826,11269020142577,751
11269020372734,11269020373519,785
11269020587186,11269020587872,686
11269020805549,11269020806356,807
11269021052028,11269021052712,684
11269021279071,11269021280960,1889
11269021494538,11269021495131,593
11269021710866,11269021711614,748
11269021924073,11269021924697,624
11269022141761,11269022142553,792
11269022369780,11269022370497,717
11269022588555,11269022589278,723
11269022800499,11269022801080,581
11269023016861,11269023017641,780
11269023233481,11269023234095,614
11269023456740,11269023457538,798
11269023671275,11269023671905,630
11269023888531,11269023889319,788
11269024102607,11269024103219,612
11269024322434,11269024323182,748
11269024533242,11269024533893,651
11269024749718,11269024750473,755
11269024964102,11269024964703,601
11269025179600,11269025180359,759
11269025395324,11269025395936,612
11269025651833,11269025652617,784
11269025872781,11269025873420,639
11269026122023,11269026122817,794
11269026337915,11269026338546,631
11269026554059,11269026554829,770
11269026768185,11269026768816,631
11269026984981,11269026985732,751
11269027197875,11269027198492,617
11269027416733,11269027417511,778
11269027633450,11269027634078,628
11269027848534,11269027849334,800
11269028062140,11269028062792,652
11269028280000,11269028280781,781
11269028501029,11269028501569,540
11269028717554,11269028718351,797
11269028936352,11269028937000,648
11269029153738,11269029154517,779
11269029390307,11269029390958,651
11269029611006,11269029612971,1965
11269029827135,11269029827804,669
11269030056442,11269030057262,820
11269030284712,11269030285348,636
11269030507890,11269030508633,743
11269030761179,11269030761873,694
11269030990201,11269030991080,879
11269031208891,11269031209541,650
11269031431015,11269031431758,743
11269031650022,11269031650649,627
11269031865280,11269031866048,768
11269032079758,11269032080372,614
11269032316229,11269032317006,777
11269032535265,11269032535867,602
11269032753124,11269032753910,786
11269032970694,11269032971301,607
11269033187389,11269033188181,792
11269033401372,11269033402019,647
11269033619079,11269033619801,722
11269033836266,11269033836909,643
11269034051922,11269034052713,791
11269034265760,11269034266364,604
11269034488239,11269034489034,795
11269034704956,11269034705538,582
11269034922659,11269034923437,778
11269035134615,11269035135264,649
11269035351786,11269035352550,764
11269035586305,11269035586954,649
11269035808669,11269035809465,796
11269036025515,11269036026167,652
11269036242621,11269036243368,747
11269036458329,11269036458913,584
11269036676479,11269036677264,785
11269036893681,11269036894257,576
11269037114007,11269037114795,788
11269037330320,11269037330948,628
11269037547614,11269037548410,796
11269037763929,11269037764541,612
11269037984976,11269037985737,761
11269038199698,11269038200335,637
11269038421275,11269038422058,783
11269038643317,11269038643957,640
11269038863973,11269038864775,802
11269039088751,11269039090512,1761
11269039308288,11269039309082,794
11269039533457,11269039534039,582
11269039751948,11269039752688,740
11269039970928,11269039971563,635
11269040193231,11269040194020,789
11269040419013,11269040419634,621
11269040636608,11269040637342,734
11269040850764,11269040851390,626
11269041069827,11269041070516,689
11269041310076,11269041310661,585
11269041528413,11269041529144,731
11269041742192,11269041743828,1636
11269041962693,11269041963393,700
11269042176455,11269042177060,605
11269042406563,11269042407670,1107
11269042621068,11269042621681,613
11269042839404,11269042840266,862
11269043056064,11269043056660,596
11269043322055,11269043322900,845
11269043576002,11269043576687,685
11269043834340,11269043835182,842
11269044070522,11269044071252,730
11269044294744,11269044295585,841
11269044529194,11269044529885,691
11269044748049,11269044748943,894
11269044969220,11269044969857,637
11269045190095,11269045190933,838
11269045410952,11269045411567,615
11269045648197,11269045649040,843
11269045870180,11269045870846,666
11269046087196,11269046087969,773
11269046304603,11269046305221,618
11269046521857,11269046522592,735
11269046737028,11269046737675,647
11269046954502,11269046955290,788
11269047168032,11269047168667,635
11269047387170,11269047387971,801
11269047601739,11269047602349,610
11269047820155,11269047820930,775
11269048033970,11269048034570,600
11269048252607,11269048253354,747
11269048470522,11269048471103,581
11269048687792,11269048688543,751
11269048911865,11269048912502,637
11269049139372,11269049140194,822
11269049410539,11269049411177,638
11269049632419,11269049633144,725
11269049851826,11269049852398,572
11269050074294,11269050075052,758
11269050310836,11269050311427,591
11269050531895,11269050532683,788
11269050753034,11269050753692,658
11269050975440,11269050976215,775
11269051192949,11269051193564,615
11269051428951,11269051429728,777
11269051650397,11269051651003,606
11269051873066,11269051873836,770
11269052092185,11269052092766,581
11269052322099,11269052322891,792
11269052543360,11269052543962,602
11269052764521,11269052765287,766
11269053028567,11269053029212,645
11269053260325,11269053261180,855
11269053477218,11269053477869,651
11269053695223,11269053696027,804
11269053911242,11269053911869,627
11269054129466,11269054130252,786
11269054353943,11269054354533,590
11269054570789,11269054571566,777
11269054797225,11269054797861,636
11269055018682,11269055019459,777
11269055233842,11269055234455,613
11269055462507,11269055463314,807
11269055689344,11269055689966,622
11269055909924,11269055910709,785
11269056129464,11269056130130,666
11269056345686,11269056346517,831
11269056560548,11269056561140,592
11269056775816,11269056776599,783
11269056990427,11269056991068,641
11269057208247,11269057209063,816
11269057438318,11269057438920,602
11269057654831,11269057655592,761
11269057865921,11269057866564,643
11269058080551,11269058081322,771
11269058298850,11269058299525,675
11269058516015,11269058516846,831
11269058732469,11269058733066,597
11269058953897,11269058954713,816
11269059168974,11269059169621,647
11269059386327,11269059387058,731
11269059599539,11269059600203,664
11269059818110,11269059818911,801
11269060030851,11269060031479,628
11269060248723,11269060249511,788
11269060489229,11269060489852,623
11269060706212,11269060706944,732
11269060920379,11269060920981,602
11269061137225,11269061137951,726
11269061378982,11269061379593,611
11269061598843,11269061599567,724
11269061813640,11269061814245,605
11269062031301,11269062032034,733
11269062250737,11269062251380,643
11269062469572,11269062470316,744
11269062684948,11269062685550,602
11269062901824,11269062902571,747
11269063117519,11269063118141,622
11269063333106,11269063333823,717
11269063550426,11269063551023,597
11269063767961,11269063768724,763
11269063983118,11269063983734,616
11269064197036,11269064197771,735
11269064412102,11269064412674,572
11269064632043,11269064632787,744
11269064845335,11269064845899,564
11269065062723,11269065063515,792
11269065276163,11269065276760,597
11269065494901,11269065495655,754
11269065716341,11269065716915,574
11269065934667,11269065935459,792
11269066150189,11269066150827,638
11269066368681,11269066369480,799
11269066582608,11269066583213,605
11269066802642,11269066803458,816
11269067018050,11269067019064,1014
11269067237323,11269067238086,763
11269067453303,11269067453943,640
11269067675678,11269067676447,769
11269067894442,11269067895049,607
11269068111521,11269068112255,734
11269068326985,11269068327581,596
11269068542086,11269068542817,731
11269068758797,11269068759391,594
11269068978952,11269068979677,725
11269069196770,11269069197497,727
11269069443602,11269069444431,829
11269069673815,11269069674546,731
11269069895923,11269069896665,742
11269070116023,11269070116611,588
11269070337297,11269070338065,768
11269070553229,11269070553893,664
11269070772807,11269070773557,750
11269070988629,11269070989270,641
11269071209377,11269071210155,778
11269071421806,11269071422478,672
11269071639848,11269071640618,770
11269071855652,11269071856272,620
11269072072207,11269072072963,756
11269072297711,11269072298357,646
11269072517691,11269072518427,736
11269072735266,11269072735894,628
11269072989176,11269072990094,918
11269073279715,11269073280413,698
11269073530229,11269073531052,823
11269073749548,11269073750325,777
11269073968772,11269073969493,721
11269074185344,11269074187665,2321
11269074404710,11269074405520,810
11269074643344,11269074644008,664
11269074984552,11269074988547,3995
11269075328184,11269075329111,927
11269075594255,11269075595095,840
11269075819716,11269075820400,684
11269076043079,11269076043849,770
11269076270720,11269076271393,673
11269076497092,11269076497900,808
11269076716796,11269076717421,625
11269076939675,11269076940442,767
11269077163889,11269077164562,673
11269077391946,11269077392754,808
11269077613566,11269077614181,615
11269077837699,11269077838491,792
11269078059280,11269078059865,585
11269078280680,11269078281460,780
11269078511418,11269078512039,621
11269078734084,11269078734845,761
11269078961150,11269078961821,671
11269079222148,11269079222972,824
11269079439480,11269079440157,677
11269079672856,11269079673684,828
11269079890182,11269079890859,677
11269080107234,11269080108045,811
11269080321886,11269080322605,719
11269080542787,11269080543555,768
11269080754786,11269080755376,590
11269080973031,11269080973807,776
11269081186167,11269081186808,641
11269081403497,11269081404244,747
11269081618410,11269081619030,620
11269081833630,11269081834437,807
11269082050548,11269082051174,626
11269082276156,11269082276962,806
11269082493786,11269082494439,653
11269082711622,11269082712406,784
11269082929664,11269082930315,651
11269083146829,11269083147627,798
11269083361885,11269083362554,669
11269083580047,11269083580829,782
11269083791550,11269083792203,653
11269084009054,11269084009844,790
11269084225533,11269084226191,658
11269084441754,11269084442541,787
11269084654909,11269084655539,630
11269084870767,11269084871545,778
11269085083586,11269085084220,634
11269085301344,11269085302108,764
11269085512640,11269085513273,633
11269085739312,11269085740056,744
11269085956752,11269085957410,658
11269086172613,11269086173413,800
11269086391922,11269086392571,649
11269086610109,11269086610850,741
11269086824010,11269086824662,652
11269087038454,11269087039209,755
11269087252996,11269087253638,642
11269087468944,11269087469703,759
11269087683483,11269087684098,615
11269087899236,11269087899958,722
11269088113249,11269088113881,632
11269088329260,11269088330013,753
11269088544474,11269088545089,615
11269088759620,11269088760398,778
11269088985478,11269088986181,703
11269089205768,11269089206614,846
11269089421239,11269089421885,646
11269089643787,11269089644553,766
11269089856650,11269089857252,602
11269090079600,11269090080330,730
11269090293999,11269090294601,602
11269090515571,11269090516342,771
11269090729966,11269090730632,666
11269090945849,11269090946671,822
11269091158270,11269091158903,633
11269091378801,11269091380013,1212
11269091591869,11269091592492,623
11269091810460,11269091811197,737
11269092024411,11269092025053,642
11269092245735,11269092246566,831
11269092467378,11269092467974,596
11269092685828,11269092686541,713
11269092898406,11269092899037,631
11269093115773,11269093116555,782
11269093328056,11269093328705,649
11269093543682,11269093544413,731
11269093764471,11269093765253,782
11269093981341,11269093982157,816
11269094196037,11269094196667,630
11269094410740,11269094411526,786
11269094624365,11269094624998,633
11269094840553,11269094841344,791
11269095056015,11269095056660,645
11269095271519,11269095288838,17319
11269095501324,11269095501945,621
11269095721291,11269095722087,796
11269095936814,11269095937435,621
11269096153054,11269096153808,754
11269096372045,11269096372663,618
11269096587456,11269096588245,789
11269096801794,11269096802412,618
11269097019839,11269097020577,738
11269097233011,11269097233667,656
11269097448971,11269097449759,788
11269097659636,11269097660246,610
11269097876058,11269097876862,804
11269098091151,11269098091804,653
11269098313029,11269098313805,776
11269098527167,11269098527821,654
11269098746842,11269098747630,788
11269098966338,11269098966983,645
11269099186100,11269099186928,828
11269099409525,11269099410144,619
11269099624338,11269099625071,733
11269099841700,11269099842289,589
11269100057863,11269100058658,795
11269100274184,11269100274835,651
11269100490764,11269100491543,779
11269100705889,11269100706507,618
11269100922296,11269100923028,732
11269101140391,11269101141002,611
11269101362627,11269101363422,795
11269101578618,11269101579249,631
11269101798793,11269101799619,826
11269102013900,11269102014621,721
11269102237876,11269102238674,798
11269102467483,11269102468127,644
11269102688420,11269102689255,835
11269102904977,11269102905664,687
11269103125829,11269103126632,803
11269103342357,11269103342999,642
11269103573421,11269103574232,811
11269103789515,11269103790217,702
11269104011955,11269104012752,797
11269104230259,11269104230873,614
11269104453387,11269104454129,742
11269104667727,11269104668392,665
11269104884442,11269104885209,767
11269105099817,11269105100435,618
11269105322161,11269105322880,719
11269105538008,11269105538637,629
11269105760553,11269105761281,728
11269105975469,11269105976086,617
11269106191907,11269106192658,751
11269106416299,11269106416899,600
11269106637593,11269106638348,755
11269106852225,11269106852887,662
11269107071193,11269107071909,716
11269107290976,11269107291598,622
11269107511103,11269107511933,830
11269107728837,11269107729444,607
11269107948929,11269107949717,788
11269108168283,11269108168900,617
11269108390076,11269108390895,819
11269108608791,11269108609398,607
11269108829711,11269108830452,741
11269109049052,11269109049643,591
11269109296374,11269109297159,785
11269109530829,11269109531449,620
11269109748265,11269109749072,807
11269109964723,11269109965357,634
11269110183114,11269110183846,732
11269110399514,11269110400117,603
11269110616089,11269110616860,771
11269110827882,11269110828509,627
11269111045124,11269111045912,788
11269111259001,11269111259633,632
11269111474242,11269111475044,802
11269111689091,11269111689678,587
11269111909877,11269111910611,734
11269112125490,11269112126101,611
11269112351948,11269112352711,763
11269112569040,11269112569711,671
11269112788744,11269112789519,775
11269113008674,11269113009314,640
11269113228878,11269113229653,775
11269113449240,11269113449877,637
11269113666890,11269113667687,797
11269113881875,11269113882502,627
11269114097888,11269114098659,771
11269114318057,11269114318696,639
11269114536838,11269114537628,790
11269114750368,11269114751032,664
11269114968176,11269114968930,754
11269115182336,11269115182912,576
11269115406234,11269115407002,768
11269115627649,11269115628301,652
11269115847172,11269115847935,763
11269116063058,11269116063724,666
11269116287588,11269116288309,721
11269116506054,11269116506673,619
11269116727333,11269116728082,749
11269116947804,11269116948423,619
11269117164108,11269117164986,878
11269117381265,11269117381882,617
11269117596835,11269117597566,731
11269117812290,11269117812932,642
11269118026610,11269118027340,730
11269118245555,11269118247911,2356
11269118464496,11269118465212,716
11269118683696,11269118684332,636
11269118903860,11269118904584,724
11269119120698,11269119121349,651
11269119343129,11269119343936,807
11269119616492,11269119617106,614
11269119843294,11269119844017,723
11269120064458,11269120065062,604
11269120294217,11269120294927,710
11269120512589,11269120513200,611
11269120736493,11269120737247,754
11269120953850,11269120954442,592
11269121173462,11269121174226,764
11269121405595,11269121406186,591
11269121627409,11269121628147,738
11269121849173,11269121849763,590
11269122070992,11269122071758,766
11269122310619,11269122311272,653
11269122530427,11269122531141,714
11269122750868,11269122751477,609
11269122971534,11269122972329,795
11269123188424,11269123189005,581
11269123425714,11269123426627,913
11269123646121,11269123646725,604
11269123865457,11269123866231,774
11269124083579,11269124084171,592
11269124303801,11269124304606,805
11269124517394,11269124518038,644
11269124733462,11269124734212,750
11269124949226,11269124949797,571
11269125166766,11269125167556,790
11269125383363,11269125383943,580
11269125606843,11269125607646,803
11269125820422,11269125821053,631
11269126036538,11269126037288,750
11269126251094,11269126251705,611
11269126467082,11269126467833,751
11269126681241,11269126681858,617
11269126902658,11269126903465,807
11269127117118,11269127117702,584
11269127353844,11269127354588,744
11269127568846,11269127569539,693
11269127785087,11269127785815,728
11269128008657,11269128009300,643
11269128226906,11269128227688,782
11269128442124,11269128442789,665
11269128659856,11269128660626,770
11269128880449,11269128881077,628
11269129096418,11269129097161,743
11269129311674,11269129312311,637
11269129533039,11269129533845,806
11269129747311,11269129747950,639
11269129962554,11269129963295,741
11269130177191,11269130177796,605
11269130394089,11269130394802,713
11269130609992,11269130610647,655
11269130825177,11269130825942,765
11269131041046,11269131041698,652
11269131254884,11269131255668,784
11269131470894,11269131471551,657
11269131686770,11269131687543,773
11269131900303,11269131900960,657
11269132117193,11269132118573,1380
11269132348292,11269132348987,695
11269132568821,11269132569627,806
11269132783497,11269132784138,641
11269133000603,11269133001393,790
11269133213800,11269133214406,606
11269133435024,11269133435811,787
11269133650716,11269133651371,655
11269133873464,11269133874267,803
11269134086871,11269134087503,632
11269134308477,11269134309257,780
11269134523465,11269134524084,619
11269134740182,11269134740948,766
11269134956409,11269134957036,627
11269135172474,11269135173203,729
11269135393168,11269135393763,595
11269135612572,11269135613407,835
11269135830672,11269135831347,675
11269136049316,11269136050108,792
11269136264340,11269136265008,668
11269136480113,11269136480881,768
11269136695372,11269136696049,677
11269136914832,11269136915572,740
11269137128986,11269137129614,628
11269137345429,11269137346191,762
11269137559952,11269137560614,662
11269137776800,11269137777545,745
11269137991923,11269137992560,637
11269138208803,11269138209548,745
11269138431433,11269138432050,617
11269138648390,11269138649131,741
11269138860194,11269138860870,676
11269139104804,11269139105593,789
11269139322000,11269139322650,650
11269139538295,11269139539034,739
11269139752359,11269139752949,590
11269139970253,11269139971048,795
11269140183731,11269140185461,1730
11269140417196,11269140417888,692
11269140634203,11269140634855,652
11269140849710,11269140850468,758
11269141066715,11269141067405,690
11269141283001,11269141283774,773
11269141497387,11269141498048,661
11269141716398,11269141717130,732
11269141929386,11269141930029,643
11269142148339,11269142149050,711
11269142371037,11269142371699,662
11269142589951,11269142590671,720
11269142807903,11269142808553,650
11269143027078,11269143027820,742
11269143245631,11269143246229,598
11269143468858,11269143469580,722
11269143702520,11269143703180,660
11269143924223,11269143925051,828
11269144141979,11269144142582,603
11269144361640,11269144362445,805
11269144590160,11269144590822,662
11269144809691,11269144810450,759
11269145028732,11269145029369,637
11269145250951,11269145252745,1794
11269145473240,11269145473899,659
11269145698974,11269145699755,781
11269145915754,11269145916408,654
11269146134698,11269146135925,1227
11269146353989,11269146354680,691
11269146573223,11269146573981,758
11269146803247,11269146803937,690
11269147034117,11269147034897,780
11269147263574,11269147264253,679
11269147494400,11269147495184,784
11269147723952,11269147724626,674
11269147952813,11269147953584,771
11269148178456,11269148179096,640
11269148403365,11269148404174,809
11269148633928,11269148634585,657
11269148867534,11269148868335,801
11269149115764,11269149116412,648
11269149372188,11269149373016,828
11269149602793,11269149603439,646
11269149837105,11269149837873,768
11269150063482,11269150064107,625
11269150291879,11269150292651,772
11269150534404,11269150535050,646
11269150761382,11269150762258,876
11269150986445,11269150987326,881
11269151217142,11269151217916,774
11269151443322,11269151443996,674
11269151671052,11269151671793,741
11269151895356,11269151896018,662
11269152126113,11269152126852,739
11269152362496,11269152363194,698
11269152608195,11269152608963,768
11269152834582,11269152835275,693
11269153066971,11269153067780,809
11269153320479,11269153321163,684
11269153549726,11269153550591,865
11269153780203,11269153780877,674
11269154008884,11269154009684,800
11269154237788,11269154238435,647
11269154472884,11269154473680,796
11269154705211,11269154705848,637
11269154935915,11269154936713,798
11269155167871,11269155168561,690
11269155418313,11269155419131,818
11269155664285,11269155665002,717
11269155903190,11269155904071,881
11269156134698,11269156135352,654
11269156382906,11269156383677,771
11269156620930,11269156621636,706
11269156862156,11269156862963,807
11269157094106,11269157094759,653
11269157327525,11269157328315,790
11269157554564,11269157555219,655
11269157784456,11269157785264,808
11269158010782,11269158011404,622
11269158242362,11269158243098,736
11269158470920,11269158471567,647
11269158698517,11269158699325,808
11269158934273,11269158934980,707
11269159266425,11269159267210,785
11269159557644,11269159558272,628
11269159849473,11269159850179,706
11269160141883,11269160142482,599
11269160430761,11269160431500,739
11269160691313,11269160692019,706
11269160919476,11269160920267,791
11269161145084,11269161146386,1302
11269161373184,11269161374013,829
11269161602647,11269161603307,660
11269161830278,11269161831058,780
11269162058380,11269162059004,624
11269162297747,11269162298588,841
11269162552339,11269162552949,610
11269162850169,11269162850914,745
11269163193603,11269163194287,684
11269163505726,11269163506585,859
11269163733586,11269163734313,727
11269163963969,11269163964774,805
11269164197990,11269164198655,665
11269164427775,11269164428564,789
11269164655043,11269164655682,639
11269164887193,11269164888014,821
11269165112706,11269165113323,617
11269165342948,11269165343745,797
11269165577719,11269165578393,674
11269165810518,11269165811342,824
11269166035415,11269166036056,641
11269166267162,11269166267981,819
11269166503283,11269166503939,656
11269166731361,11269166732172,811
11269166957015,11269166957653,638
11269167185473,11269167186248,775
11269167412888,11269167413582,694
11269167638718,11269167639492,774
11269167863141,11269167863811,670
11269168089471,11269168090236,765
11269168314523,11269168315151,628
11269168540904,11269168541671,767
11269168769364,11269168769956,592
11269169006456,11269169007263,807
11269169236427,11269169237088,661
11269169463273,11269169464039,766
11269169717505,11269169718179,674
11269169948327,11269169949093,766
11269170177870,11269170178582,712
11269170425152,11269170425934,782
11269170651423,11269170652052,629
11269170885803,11269170886568,765
11269171127774,11269171128434,660
11269171429852,11269171430842,990
11269171692398,11269171693068,670
11269171943310,11269171944160,850
11269172190463,11269172191155,692
11269172448530,11269172449389,859
11269172696446,11269172697116,670
11269172943301,11269172944173,872
11269173189839,11269173190540,701
11269173439543,11269173440392,849
11269173684753,11269173685414,661
11269173930360,11269173931530,1170
11269174176580,11269174177267,687
11269174423731,11269174424557,826
11269174668375,11269174669033,658
11269174911333,11269174912182,849
11269175155533,11269175156228,695
11269175404034,11269175404948,914
11269175662065,11269175662746,681
11269175911728,11269175912595,867
11269176156023,11269176156702,679
11269176400099,11269176400965,866
11269176644263,11269176644983,720
11269176889598,11269176890448,850
11269177136195,11269177136876,681
11269177394308,11269177395180,872
11269177640090,11269177640772,682
11269177884950,11269177885799,849
11269178127841,11269178128510,669
11269178372739,11269178373574,835
11269178616262,11269178616954,692
11269178860864,11269178861749,885
11269179114076,11269179114818,742
11269179373410,11269179374284,874
11269179617274,11269179617920,646
11269179862013,11269179862879,866
11269180106143,11269180106832,689
11269180349819,11269180350692,873
11269180597243,11269180597937,694
11269180847496,11269180848321,825
11269181091819,11269181092499,680
11269181334773,11269181335588,815
11269181577082,11269181577797,715
11269181824694,11269181825537,843
11269182067200,11269182067838,638
11269182322746,11269182323608,862
11269182570994,11269182571668,674
11269182817835,11269182818689,854
11269183063567,11269183064255,688
11269183309913,11269183310755,842
11269183555095,11269183555783,688
11269183799897,11269183800695,798
11269184043359,11269184044019,660
11269184292798,11269184293634,836
11269184537065,11269184537724,659
11269184783493,11269184784281,788
11269185026280,11269185026967,687
11269185271764,11269185272592,828
11269185516765,11269185517462,697
11269185770270,11269185771128,858
11269186015089,11269186015737,648
11269186262794,11269186263577,783
11269186504353,11269186505016,663
11269186752579,11269186753589,1010
11269187000794,11269187001454,660
11269187244878,11269187245710,832
11269187487016,11269187487713,697
11269187730532,11269187731364,832
11269187976158,11269187976857,699
11269188219676,11269188220494,818
11269188463374,11269188464045,671
11269188710009,11269188710807,798
11269188962305,11269188962939,634
11269189210073,11269189210932,859
11269189456069,11269189456805,736
11269189701952,11269189702789,837
11269189946174,11269189946871,697
11269190192035,11269190192885,850
11269190437826,11269190438481,655
11269190682774,11269190683612,838
11269190926408,11269190927098,690
11269191171820,11269191172684,864
11269191414043,11269191414706,663
11269191660455,11269191661284,829
11269191901942,11269191902612,670
11269192147397,11269192148232,835
11269192396624,11269192397277,653
11269192645015,11269192645796,781
11269192891486,11269192892163,677
11269193137507,11269193138266,759
11269193383327,11269193383967,640
11269193626865,11269193627628,763
11269193920553,11269193921208,655
11269194175092,11269194175896,804
11269194419179,11269194419811,632
11269194663705,11269194664492,787
11269194907641,11269194908313,672
11269195150571,11269195151398,827
11269195397547,11269195398214,667
11269195650484,11269195651297,813
11269195895608,11269195896278,670
11269196141563,11269196142369,806
11269196392436,11269196393076,640
11269196635465,11269196636269,804
11269196880909,11269196881542,633
11269197126495,11269197127313,818
11269197368613,11269197369292,679
11269197617041,11269197617876,835
11269197861043,11269197861724,681
11269198105571,11269198106381,810
11269198348663,11269198349350,687
11269198593587,11269198594429,842
11269198839309,11269198839958,649
11269199088954,11269199089781,827
11269199354766,11269199355446,680
11269199602650,11269199603497,847
11269199846107,11269199846772,665
11269200093461,11269200094292,831
11269200338162,11269200338816,654
11269200581878,11269200582714,836
11269200825617,11269200826255,638
11269201069063,11269201069903,840
11269201314914,11269201315596,682
11269201678138,11269201679031,893
11269201923644,11269201924346,702
11269202167947,11269202168737,790
11269202423919,11269202424579,660
11269202669940,11269202670804,864
11269202916056,11269202916709,653
11269203161631,11269203162408,777
11269203433520,11269203434182,662
11269203676610,11269203677439,829
11269203923074,11269203923744,670
11269204170260,11269204171112,852
11269204418297,11269204418983,686
11269204663456,11269204664274,818
11269204905418,11269204906061,643
11269205152852,11269205153676,824
11269205398157,11269205399221,1064
11269205656942,11269205657758,816
11269205902799,11269205903464,665
11269206148352,11269206149237,885
11269206403303,11269206404008,705
11269206650220,11269206651047,827
11269206900379,11269206901068,689
11269207145687,11269207146516,829
11269207389491,11269207390157,666
11269207634308,11269207635148,840
11269207879555,11269207880252,697
11269208126587,11269208127402,815
11269208375720,11269208376394,674
11269208622967,11269208623789,822
11269208866178,11269208866846,668
11269209120415,11269209121195,780
11269209365593,11269209366307,714
11269209610483,11269209611289,806
11269209860354,11269209861050,696
11269210105697,11269210106520,823
11269210349375,11269210350052,677
11269210616734,11269210617593,859
11269210859660,11269210860401,741
11269211107621,11269211108434,813
11269211352612,11269211353260,648
11269211597266,11269211598070,804
11269211839720,11269211840384,664
11269212082182,11269212083005,823
11269212336025,11269212336646,621
11269212581883,11269212582730,847
11269212823016,11269212823673,657
11269213066574,11269213067407,833
11269213310303,11269213310979,676
11269213556573,11269213557427,854
11269213798872,11269213799601,729
11269214045327,11269214046191,864
11269214305731,11269214306391,660
11269214546368,11269214547208,840
11269214790276,11269214790968,692
11269215033494,11269215034316,822
11269215273106,11269215273754,648
11269215516420,11269215517225,805
11269215767269,11269215767927,658
11269216013857,11269216014662,805
11269216255559,11269216256196,637
11269216506632,11269216507491,859
11269216750986,11269216751651,665
11269216995545,11269216996450,905
11269217240167,11269217240828,661
11269217484377,11269217485187,810
11269217728365,11269217729032,667
11269217970775,11269217971565,790
11269218212639,11269218213316,677
11269218459910,11269218460737,827
11269218699709,11269218700379,670
11269218950761,11269218951624,863
11269219195510,11269219196165,655
11269219445280,11269219446114,834
11269219687612,11269219688303,691
11269219930655,11269219931536,881
11269220173724,11269220174417,693
11269220420417,11269220421269,852
11269220664625,11269220665327,702
11269220911018,11269220911909,891
11269221374067,11269221374772,705
11269221612815,11269221613686,871
11269221845224,11269221845902,678
11269222080289,11269222081135,846
11269222318048,11269222318746,698
11269222559325,11269222560192,867
11269222795462,11269222796180,718
11269223029254,11269223030128,874
11269223264797,11269223265495,698
11269223502005,11269223502854,849
11269223734579,11269223735253,674
11269223966792,11269223967598,806
11269224197943,11269224198616,673
11269224431361,11269224432247,886
11269224663374,11269224664040,666
11269224902889,11269224903705,816
11269225134201,11269225134881,680
11269225366922,11269225367733,811
11269225608977,11269225609633,656
11269225843560,11269225844407,847
11269226075899,11269226076632,733
11269226312084,11269226312955,871
11269226545211,11269226545894,683
11269226777691,11269226778540,849
11269227009994,11269227011080,1086
11269227247719,11269227248601,882
11269227479541,11269227480221,680
11269227712713,11269227713511,798
11269227948618,11269227949299,681
11269228182021,11269228182847,826
11269228413147,11269228413838,691
11269228649602,11269228650408,806
11269228890795,11269228891437,642
11269229128361,11269229129208,847
11269229362018,11269229362752,734
11269229596280,11269229597124,844
11269229829573,11269229830255,682
11269230065656,11269230066534,878
11269230300963,11269230301676,713
11269230535890,11269230536693,803
11269230766987,11269230767678,691
11269231004045,11269231004860,815
11269231236562,11269231237239,677
11269231468151,11269231469003,852
11269231699689,11269231700358,669
11269231931895,11269231932772,877
11269232165346,11269232166007,661
11269232404180,11269232405007,827
11269232640555,11269232641277,722
11269232876302,11269232877109,807
11269233108509,11269233112241,3732
11269233345276,11269233346125,849
11269233578171,11269233578854,683
11269233821418,11269233822313,895
11269234053723,11269234054410,687
11269234287374,11269234288225,851
11269234518493,11269234519184,691
11269234754532,11269234755363,831
11269234987623,11269234988335,712
11269235221707,11269235222546,839
11269235457113,11269235457774,661
11269235698143,11269235698954,811
11269235931154,11269235931817,663
11269236168222,11269236169044,822
11269236417081,11269236417762,681
11269236650619,11269236651424,805
11269236881789,11269236882461,672
11269237115271,11269237116101,830
11269237350199,11269237350846,647
11269237583114,11269237583948,834
11269237822855,11269237823533,678
11269238056365,11269238057181,816
11269238288598,11269238289283,685
11269238526383,11269238527199,816
11269238758262,11269238758948,686
11269238997666,11269238998488,822
11269239231229,11269239231877,648
11269239465510,11269239466374,864
11269239698162,11269239698844,682
11269239934871,11269239935720,849
11269240171175,11269240171878,703
11269240633485,11269240634357,872
11269240868846,11269240869555,709
11269241105502,11269241106350,848
11269241338996,11269241339719,723
11269241572918,11269241576601,3683
11269241809603,11269241810310,707
11269242044558,11269242045399,841
11269242286382,11269242287089,707
11269242521651,11269242522689,1038
11269242758347,11269242759044,697
11269242993056,11269242993874,818
11269243226409,11269243227118,709
11269243462937,11269243463799,862
11269243696926,11269243697594,668
11269243931210,11269243935057,3847
11269244168514,11269244169199,685
11269244408085,11269244408931,846
11269244640595,11269244641248,653
11269244873063,11269244873968,905
11269245105607,11269245106301,694
11269245338389,11269245339219,830
11269245588155,11269245588830,675
11269245823401,11269245824211,810
11269246056564,11269246057274,710
11269246294585,11269246295396,811
11269246527343,11269246528009,666
11269246761031,11269246761885,854
11269246992598,11269246993273,675
11269247225231,11269247226118,887
11269247463270,11269247463974,704
11269247699211,11269247700033,822
11269247932255,11269247932963,708
11269248166145,11269248166947,802
11269248406750,11269248407421,671
11269248641405,11269248642234,829
11269248879289,11269248880161,872
11269249117686,11269249118501,815
11269249351512,11269249352192,680
11269249585569,11269249586421,852
11269249818140,11269249818870,730
11269250056400,11269250057222,822
11269250288821,11269250289496,675
11269250522518,11269250523296,778
11269250757521,11269250758185,664
11269250991629,11269250992401,772
11269251224091,11269251224755,664
11269251461207,11269251462028,821
11269251693445,11269251694151,706
11269251927958,11269251928753,795
11269252161237,11269252161940,703
11269252399706,11269252400556,850
11269252678898,11269252679694,796
11269252936355,11269252937213,858
11269253160210,11269253160902,692
11269253378066,11269253378918,852
11269253602544,11269253603198,654
11269253825106,11269253825930,824
11269254034273,11269254034914,641
11269254241818,11269254242569,751
11269254463842,11269254464468,626
11269254671976,11269254672767,791
11269254899607,11269254900825,1218
11269255231639,11269255232907,1268
11269255532177,11269255532875,698
11269255834779,11269255835634,855
11269256115924,11269256116583,659
11269256365982,11269256366857,875
11269256634154,11269256634851,697
11269256909501,11269256910485,984
11269257154403,11269257155111,708
11269257417448,11269257418351,903
11269257653456,11269257654173,717
11269257889552,11269257890401,849
11269258123753,11269258124432,679
11269258387473,11269258388537,1064
11269258697235,11269258698135,900
11269258964248,11269258965151,903
11269259204004,11269259204708,704
11269259440803,11269259441621,818
11269259675172,11269259675876,704
11269259909194,11269259910025,831
11269260382941,11269260383619,678
11269260632399,11269260633291,892
11269260868384,11269260869049,665
11269261102592,11269261103418,826
11269261334482,11269261335142,660
11269261568824,11269261569652,828
11269261802139,11269261802804,665
11269262036091,11269262036926,835
11269262280236,11269262280881,645
11269262532018,11269262532892,874
11269262766231,11269262766928,697
11269263001132,11269263001959,827
11269263252886,11269263253603,717
11269263485892,11269263486693,801
11269263719703,11269263720366,663
11269263953449,11269263954289,840
11269264185834,11269264186522,688
11269264420140,11269264420968,828
11269264653632,11269264654328,696
11269264886535,11269264887313,778
11269265119104,11269265119786,682
11269265352034,11269265352892,858
11269265591481,11269265592171,690
11269265828487,11269265829319,832
11269266062001,11269266062690,689
11269266307649,11269266308499,850
11269266539850,11269266540567,717
11269266773942,11269266774953,1011
11269267007489,11269267008163,674
11269267257089,11269267257917,828
11269267488855,11269267489583,728
11269267721386,11269267722191,805
11269267952970,11269267953655,685
11269268186294,11269268187145,851
11269268418554,11269268419203,649
11269268652137,11269268652962,825
11269268893178,11269268893790,612
11269269127767,11269269128615,848
11269269360328,11269269361019,691
11269269592922,11269269593768,846
11269269825395,11269269826059,664
11269270058264,11269270059111,847
11269270315300,11269270315986,686
11269270548070,11269270548999,929
11269270780886,11269270781575,689
11269271014333,11269271015429,1096
11269271273292,11269271273966,674
11269271505294,11269271506147,853
11269271736728,11269271737369,641
11269271970933,11269271971781,848
11269272202663,11269272203384,721
11269272444457,11269272445354,897
11269272677057,11269272677728,671
11269272910597,11269272911406,809
11269273143590,11269273144234,644
11269273408322,11269273409202,880
11269273641251,11269273641983,732
11269273875791,11269273876643,852
11269274108801,11269274109484,683
11269274341439,11269274342356,917
11269274573652,11269274574317,665
11269274806891,11269274807743,852
11269275038211,11269275038851,640
11269275271639,11269275272476,837
11269275505516,11269275506193,677
11269275744820,11269275745668,848
11269275979280,11269275979953,673
11269276214140,11269276215004,864
11269276449112,11269276449746,634
11269276686632,11269276687442,810
11269276920535,11269276921181,646
11269277154668,11269277155541,873
11269277389903,11269277390635,732
11269277624405,11269277625246,841
11269277856573,11269277857274,701
11269278095193,11269278096019,826
11269278328058,11269278328777,719
11269278561734,11269278562567,833
11269278794913,11269278795571,658
11269279039806,11269279040625,819
11269279274205,11269279274838,633
11269279507836,11269279511839,4003
11269279975334,11269279976097,763
11269280213578,11269280214430,852
11269280448819,11269280449575,756
11269280684700,11269280685558,858
11269280917078,11269280917802,724
11269281167883,11269281168752,869
11269281401991,11269281402709,718
11269281634689,11269281635507,818
11269281865920,11269281866622,702
11269282098886,11269282099701,815
11269282338087,11269282338747,660
11269282571846,11269282572671,825
11269282803707,11269282804341,634
11269283036198,11269283037027,829
11269283267941,11269283268568,627
11269283497978,11269283498793,815
11269283728686,11269283729377,691
11269283960533,11269283961382,849
11269284190837,11269284191520,683
11269284423175,11269284423990,815
11269284653396,11269284654072,676
11269284884960,11269284885785,825
11269285115479,11269285116156,677
11269285347968,11269285348811,843
11269285588896,11269285589559,663
11269285824188,11269285825142,954
11269286058232,11269286058904,672
11269286291382,11269286292208,826
11269286522827,11269286523495,668
11269286756417,11269286757229,812
11269286998838,11269286999553,715
11269287231475,11269287232252,777
11269287462357,11269287463085,728
11269287694594,11269287695412,818
11269287923957,11269287924621,664
11269288156106,11269288156948,842
11269288386847,11269288387554,707
11269288616766,11269288617625,859
11269288846790,11269288847482,692
11269289085412,11269289086244,832
11269289317609,11269289318353,744
11269289552632,11269289553474,842
11269289785166,11269289785845,679
11269290016982,11269290017796,814
11269290249494,11269290250197,703
11269290481657,11269290482444,787
11269290718231,11269290718938,707
11269290951013,11269290951831,818
11269291181027,11269291181744,717
11269291413746,11269291414562,816
11269291643325,11269291644000,675
11269291874743,11269291875611,868
11269292104922,11269292105585,663
11269292343753,11269292344581,828
11269292575888,11269292576521,633
11269292809450,11269292810246,796
11269293039064,11269293039696,632
11269293270874,11269293271613,739
11269293501352,11269293501993,641
11269293734262,11269293738341,4079
11269293968857,11269293969537,680
11269294201968,11269294202818,850
11269294433833,11269294434553,720
11269294665541,11269294666345,804
11269294895968,11269294896597,629
11269295127818,11269295128607,789
11269295358425,11269295359125,700
11269295598907,11269295599737,830
11269295830670,11269295831355,685
11269296065303,11269296066097,794
11269296301160,11269296301809,649
11269296536052,11269296536942,890
11269296767648,11269296768352,704
11269297001437,11269297002291,854
11269297233777,11269297234440,663
11269297467878,11269297468721,843
11269297700368,11269297700991,623
11269297932222,11269297933047,825
11269298163414,11269298164051,637
11269298397280,11269298398089,809
11269298628458,11269298629127,669
11269299093928,11269299094737,809
11269299330752,11269299331425,673
11269299563469,11269299564331,862
11269299795539,11269299796198,659
11269300029218,11269300030037,819
11269300261348,11269300261986,638
11269300494985,11269300495837,852
11269300725391,11269300726079,688
11269300957587,11269300958423,836
11269301189337,11269301189988,651
11269301421908,11269301422735,827
11269301657505,11269301658154,649
11269301895616,11269301896404,788
11269302127848,11269302128508,660
11269302368462,11269302369308,846
11269302602278,11269302602967,689
11269302834100,11269302834966,866
11269303065679,11269303066396,717
11269303299218,11269303300023,805
11269303531478,11269303532136,658
11269303763513,11269303767676,4163
11269303998265,11269303998921,656
11269304230685,11269304231496,811
11269304461212,11269304461866,654
11269304694127,11269304694989,862
11269304926150,11269304926991,841
11269305159785,11269305160609,824
11269305397533,11269305398219,686
11269305640116,11269305640936,820
11269305874013,11269305874707,694
11269306106924,11269306107746,822
11269306342073,11269306342720,647
11269306581799,11269306582653,854
11269306812920,11269306813578,658
11269307048593,11269307049385,792
11269307280786,11269307281451,665
11269307513181,11269307514020,839
11269307745879,11269307746584,705
11269307982487,11269307983351,864
11269308214594,11269308215261,667
11269308446098,11269308446903,805
11269308677216,11269308677891,675
11269308916328,11269308917166,838
11269309148093,11269309148787,694
11269309385038,11269309385882,844
11269309618083,11269309618758,675
11269309852621,11269309853488,867
11269310084377,11269310085055,678
11269310325069,11269310325890,821
11269310558274,11269310558949,675
11269310790011,11269310790796,785
11269311020716,11269311021414,698
11269311253083,11269311253907,824
11269311495982,11269311496681,699
11269311728293,11269311729113,820
11269311960531,11269311961240,709
11269312196527,11269312197352,825
11269312436750,11269312437480,730
11269312671212,11269312672109,897
11269312903517,11269312904215,698
11269313148054,11269313148911,857
11269313381089,11269313381781,692
11269313615022,11269313615897,875
11269313846665,11269313847353,688
11269314079895,11269314080720,825
11269314311488,11269314312158,670
11269314548887,11269314549767,880
11269314803419,11269314804134,715
11269315046585,11269315047420,835
11269315278653,11269315279364,711
11269315514250,11269315515122,872
11269315756113,11269315756821,708
11269315991505,11269315992379,874
11269316239583,11269316240278,695
11269316504456,11269316505336,880
11269316753068,11269316753790,722
11269317001374,11269317002242,868
11269317238346,11269317239044,698
11269317473967,11269317474792,825
11269317706732,11269317707411,679
11269317941047,11269317941933,886
11269318175291,11269318175979,688
11269318633772,11269318634657,885
11269318870759,11269318871480,721
11269319116487,11269319117370,883
11269319350173,11269319350861,688
11269319588401,11269319589272,871
11269319821987,11269319822692,705
11269320057322,11269320061449,4127
11269320294977,11269320295670,693
11269320530669,11269320531515,846
11269320763687,11269320764428,741
11269320999011,11269320999845,834
11269321231303,11269321232039,736
11269321465177,11269321466027,850
11269321698098,11269321698786,688
11269321933223,11269321934056,833
11269322165303,11269322165968,665
11269322405784,11269322406644,860
11269322642432,11269322643148,716
11269322875978,11269322876846,868
11269323108247,11269323108978,731
11269323340923,11269323342267,1344
11269323577740,11269323578452,712
11269323811160,11269323812069,909
11269324042832,11269324043541,709
11269324276213,11269324277063,850
11269324508919,11269324509633,714
11269324747536,11269324748375,839
11269324980211,11269324980925,714
11269325214082,11269325214952,870
11269325452099,11269325452802,703
11269325700642,11269325701510,868
11269325935172,11269325936250,1078
11269326169400,11269326170261,861
11269326402933,11269326403626,693
11269326636123,11269326636929,806
11269326868003,11269326868692,689
11269327102755,11269327103608,853
11269327335904,11269327336608,704
11269327569153,11269327570037,884
11269327801740,11269327802401,661
11269328035955,11269328036825,870
11269328274352,11269328275067,715
11269328508755,11269328510139,1384
11269328741893,11269328742570,677
11269328985365,11269328986213,848
11269329218864,11269329219569,705
11269329459041,11269329459918,877
11269329691365,11269329692049,684
11269329924871,11269329925704,833
11269330157635,11269330158325,690
11269330391434,11269330392270,836
11269330623368,11269330624032,664
11269330857373,11269330858190,817
11269331090517,11269331091201,684
11269331325252,11269331326132,880
11269331559007,11269331559713,706
11269331791883,11269331792701,818
11269332024774,11269332025479,705
11269332284032,11269332288041,4009
11269332521503,11269332522238,735
11269332756442,11269332757345,903
11269332992732,11269332993458,726
11269333228656,11269333229528,872
11269333461712,11269333462438,726
11269333696557,11269333697457,900
11269333930627,11269333931334,707
11269334164459,11269334165349,890
11269334405082,11269334405773,691
11269334639631,11269334640538,907
11269334872040,11269334872739,699
11269335108789,11269335109693,904
11269335366547,11269335367260,713
11269335617601,11269335618489,888
11269335852974,11269335853659,685
11269336087845,11269336088793,948
11269336324501,11269336325165,664
11269336558890,11269336559763,873
11269336791431,11269336792108,677
11269337025930,11269337026821,891
11269337258060,11269337258762,702
11269337498789,11269337499642,853
11269337735762,11269337736576,814
11269338215091,11269338215939,848
11269338473094,11269338473815,721
11269338708929,11269338709807,878
11269338952244,11269338952946,702
11269339188249,11269339189076,827
11269339422132,11269339422808,676
11269339656955,11269339657821,866
11269339904801,11269339905462,661
11269340143679,11269340144503,824
11269340382428,11269340383109,681
11269340635973,11269340636806,833
11269340870130,11269340870845,715
11269341107954,11269341108808,854
11269341344260,11269341344952,692
11269341579981,11269341580817,836
11269341814280,11269341815000,720
11269342049183,11269342050077,894
11269342313145,11269342313958,813
11269342553187,11269342554045,858
11269342789097,11269342789793,696
11269343030315,11269343031155,840
11269343271864,11269343272550,686
11269343510243,11269343514658,4415
11269343757216,11269343757902,686
11269343997489,11269343998329,840
11269344235613,11269344236309,696
11269344482733,11269344483579,846
11269344716052,11269344716741,689
11269344950592,11269344951398,806
11269345185983,11269345186661,678
11269345422369,11269345423192,823
11269345674152,11269345674841,689
11269345910788,11269345911644,856
11269346147802,11269346148495,693
11269346395390,11269346396204,814
11269346628297,11269346628966,669
11269346862918,11269346863725,807
11269347097151,11269347097830,679
11269347331892,11269347332729,837
11269347565480,11269347566168,688
11269347799060,11269347799879,819
11269348033145,11269348033842,697
11269348269894,11269348270736,842
11269348521686,11269348522342,656
11269348760302,11269348761132,830
11269349031414,11269349032083,669
11269349369900,11269349370739,839
11269349694236,11269349694904,668
11269349932439,11269349933290,851
11269350164356,11269350165011,655
11269350398638,11269350399455,817
11269350633861,11269350634543,682
11269350872311,11269350873178,867
11269351107735,11269351108402,667
11269351347174,11269351348031,857
11269351581736,11269351582405,669
11269351815237,11269351816074,837
11269352048264,11269352048983,719
11269352301391,11269352302202,811
11269352539701,11269352540360,659
11269352776592,11269352777436,844
11269353009452,11269353010162,710
11269353245090,11269353247756,2666
11269353485083,11269353485775,692
11269353754878,11269353755716,838
11269354036162,11269354036809,647
11269354299237,11269354300141,904
11269354535526,11269354536236,710
11269354770971,11269354771810,839
11269355005237,11269355005936,699
11269355239907,11269355240753,846
11269355473742,11269355474427,685
11269355740237,11269355741109,872
11269355978479,11269355979184,705
11269356212278,11269356213159,881
11269356477930,11269356478640,710
11269356738438,11269356739306,868
11269356980567,11269356981240,673
11269357217553,11269357218422,869
11269357460872,11269357461529,657
11269357956383,11269357957329,946
11269358218183,11269358218875,692
11269358459394,11269358460262,868
11269358692420,11269358693076,656
11269358942465,11269358943302,837
11269359177541,11269359178222,681
11269359420962,11269359421814,852
11269359657558,11269359658219,661
11269359895850,11269359896759,909
11269360130099,11269360130867,768
11269360366143,11269360366981,838
11269360605651,11269360606337,686
11269360838918,11269360839760,842
11269361075164,11269361075805,641
11269361308224,11269361309004,780
11269361540111,11269361540810,699
11269361776735,11269361777614,879
11269362010361,11269362011061,700
11269362255137,11269362255947,810
11269362490661,11269362491355,694
11269362727970,11269362728782,812
11269363033625,11269363034390,765
11269363394242,11269363395366,1124
11269363719077,11269363719871,794
11269363952830,11269363953714,884
11269364171457,11269364172136,679
11269364390868,11269364391695,827
11269364607572,11269364608224,652
11269364823447,11269364824245,798
11269365038282,11269365038950,668
11269365254554,11269365255345,791
11269365469650,11269365470419,769
11269365696591,11269365697370,779
11269365913897,11269365914544,647
11269366129719,11269366130541,822
11269366343455,11269366344091,636
11269366556939,11269366557728,789
11269366783456,11269366784111,655
11269366999502,11269367000302,800
11269367218055,11269367218694,639
11269367434711,11269367435519,808
11269367648803,11269367649433,630
11269367862824,11269367863641,817
11269368076682,11269368077336,654
11269368293114,11269368293894,780
11269368507057,11269368507697,640
11269368724251,11269368725064,813
11269368948167,11269368948863,696
11269369165590,11269369166400,810
11269369380276,11269369384004,3728
11269369601942,11269369602726,784
11269369815883,11269369816513,630
11269370030371,11269370031181,810
11269370242919,11269370243540,621
11269370475030,11269370475808,778
11269370687939,11269370688538,599
11269370901433,11269370902196,763
11269371113087,11269371113691,604
11269371327209,11269371327976,767
11269371555885,11269371556488,603
11269371774415,11269371775203,788
11269371987786,11269371988393,607
11269372202330,11269372203108,778
11269372454894,11269372455551,657
11269372690468,11269372691247,779
11269372924253,11269372924916,663
11269373159058,11269373159888,830
11269373390670,11269373391336,666
11269373628483,11269373629288,805
11269373861655,11269373862318,663
11269374095339,11269374096223,884
11269374326784,11269374327460,676
11269374558755,11269374559581,826
11269374791122,11269374791817,695
11269375023798,11269375024571,773
11269375257914,11269375258577,663
11269375491335,11269375492314,979
11269375729708,11269375730370,662
11269375964416,11269375965227,811
11269376196122,11269376196810,688
11269376428112,11269376428942,830
11269376660756,11269376661427,671
11269376893233,11269376894073,840
11269377357251,11269377357947,696
11269377594345,11269377595154,809
11269377826931,11269377827580,649
11269378059529,11269378060287,758
11269378296423,11269378297087,664
11269378528300,11269378529102,802
11269378759189,11269378759814,625
11269379001209,11269379001966,757
11269379234285,11269379234948,663
11269379467095,11269379467867,772
11269379698658,11269379699319,661
11269379931305,11269379932051,746
11269380162871,11269380163491,620
11269380395434,11269380396242,808
11269380626870,11269380627503,633
11269380859400,11269380860218,818
11269381091897,11269381092526,629
11269381325198,11269381326007,809
11269381557788,11269381558451,663
11269381790381,11269381791165,784
11269382022875,11269382023539,664
11269382267430,11269382268245,815
11269382514625,11269382515274,649
11269382748152,11269382748937,785
11269382979490,11269382980146,656
11269383211373,11269383212155,782
11269383459661,11269383460338,677
11269383692526,11269383693286,760
11269383924703,11269383925385,682
11269384157457,11269384158293,836
11269384390126,11269384390782,656
11269384621166,11269384621951,785
11269384854008,11269384854681,673
11269385086199,11269385087001,802
11269385317334,11269385317976,642
11269385559574,11269385560406,832
11269385793575,11269385794251,676
11269386027468,11269386028334,866
11269386261324,11269386261983,659
11269386495251,11269386496055,804
11269386726348,11269386726976,628
11269386959203,11269386959996,793
11269387190864,11269387191524,660
11269387423218,11269387424046,828
11269387655526,11269387656147,621
11269387889317,11269387893636,4319
11269388127094,11269388127780,686
11269388371898,11269388372683,785
11269388604734,11269388605419,685
11269388837620,11269388838431,811
11269389073525,11269389074176,651
11269389307869,11269389308687,818
11269389557004,11269389557670,666
11269389789730,11269389790532,802
11269390022183,11269390022815,632
11269390254510,11269390255324,814
11269390489419,11269390490077,658
11269390722479,11269390723278,799
11269390953505,11269390954160,655
11269391186462,11269391187280,818
11269391419382,11269391420162,780
11269391653596,11269391654369,773
11269391885148,11269391885778,630
11269392117506,11269392118270,764
11269392356480,11269392357077,597
11269392604174,11269392605001,827
11269392839556,11269392843291,3735
11269393078070,11269393078849,779
11269393311223,11269393311883,660
11269393545258,11269393546090,832
11269393778035,11269393778688,653
11269394010441,11269394011253,812
11269394242878,11269394243531,653
11269394476711,11269394477551,840
11269394710538,11269394711210,672
11269394944570,11269394945416,846
11269395178661,11269395179328,667
11269395416741,11269395417566,825
11269395657694,11269395658347,653
11269395897143,11269395897973,830
11269396131551,11269396132215,664
11269396613030,11269396613869,839
11269396849953,11269396850664,711
11269397084958,11269397085791,833
11269397322343,11269397323023,680
11269397562281,11269397563186,905
11269397796736,11269397797427,691
11269398031517,11269398032349,832
11269398263024,11269398263655,631
11269398497130,11269398497891,761
11269398729470,11269398730153,683
11269398971592,11269398972406,814
11269399204985,11269399205649,664
11269399439349,11269399440206,857
11269399672950,11269399673618,668
11269399906715,11269399907530,815
11269400139004,11269400139685,681
11269400372389,11269400373203,814
11269400605405,11269400606047,642
11269400840536,11269400841371,835
11269401072265,11269401072910,645
11269401305798,11269401306659,861
11269401539642,11269401540280,638
11269401773016,11269401773831,815
11269402005695,11269402006349,654
11269402246921,11269402248261,1340
11269402480524,11269402481198,674
11269402715618,11269402716448,830
11269402948843,11269402949565,722
11269403182512,11269403183370,858
11269403416860,11269403417535,675
11269403655623,11269403656488,865
11269403889991,11269403890697,706
11269404125343,11269404126177,834
11269404362846,11269404363502,656
11269404596570,11269404597368,798
11269404828733,11269404829445,712
11269405063391,11269405064209,818
11269405294537,11269405295230,693
11269405527819,11269405528635,816
11269405770895,11269405771560,665
11269406006975,11269406007879,904
11269406241547,11269406242194,647
11269406477396,11269406478235,839
11269406709266,11269406709941,675
11269406943760,11269406944594,834
11269407175352,11269407176036,684
11269407409519,11269407410383,864
11269407641859,11269407642552,693
11269407874782,11269407875634,852
11269408106600,11269408107276,676
11269408340103,11269408340909,806
11269408572431,11269408573096,665
11269408805989,11269408806828,839
11269409044687,11269409045366,679
11269409278375,11269409279242,867
11269409510645,11269409511292,647
11269409743281,11269409744114,833
11269409975987,11269409976681,694
11269410209098,11269410209918,820
11269410467207,11269410467920,713
11269410702047,11269410702917,870
11269410934156,11269410934787,631
11269411167771,11269411168611,840
11269411400616,11269411401268,652
11269411633894,11269411634730,836
11269411865013,11269411865748,735
11269412098976,11269412099871,895
11269412339562,11269412340209,647
11269412575987,11269412576846,859
11269412813446,11269412814169,723
11269413047576,11269413048412,836
11269413281844,11269413282527,683
11269413516388,11269413517252,864
11269413749669,11269413750352,683
11269413983468,11269413984312,844
11269414216092,11269414216744,652
11269414448542,11269414449409,867
11269414680152,11269414680821,669
11269414914356,11269414915179,823
11269415148554,11269415149228,674
11269415381122,11269415382001,879
11269415622998,11269415623697,699
11269416079157,11269416079952,795
11269416314917,11269416315567,650
11269416548761,11269416549599,838
11269416781912,11269416782594,682
11269417015314,11269417016190,876
11269417247643,11269417248320,677
11269417510000,11269417510843,843
11269417743103,11269417743770,667
11269417977825,11269417978672,847
11269418209382,11269418210046,664
11269418453082,11269418453929,847
11269418686137,11269418686822,685
11269418928920,11269418929749,829
11269419172535,11269419173187,652
11269419408574,11269419409320,746
11269419641438,11269419642107,669
11269419875436,11269419876251,815
11269420112997,11269420113667,670
11269420348576,11269420349383,807
11269420580467,11269420581177,710
11269420814153,11269420814997,844
11269421047388,11269421048106,718
11269421285231,11269421286084,853
11269421517812,11269421518480,668
11269421751262,11269421752118,856
11269421983102,11269421983801,699
11269422222901,11269422223723,822
11269422456918,11269422457588,670
11269422696589,11269422697416,827
11269422930530,11269422931258,728
11269423165230,11269423166055,825
11269423398084,11269423398765,681
11269423632326,11269423633213,887
11269423866199,11269423866864,665
11269424099865,11269424100741,876
11269424340789,11269424341506,717
11269424574268,11269424575130,862
11269424805175,11269424805836,661
11269425037668,11269425038538,870
11269425270507,11269425274415,3908
11269425522568,11269425523457,889
11269425763916,11269425764625,709
11269425998309,11269425999218,909
11269426232244,11269426233056,812
11269426467066,11269426467952,886
11269426700786,11269426701482,696
11269426950789,11269426951638,849
11269427184806,11269427185519,713
11269427418214,11269427419100,886
11269427651572,11269427652256,684
11269427883385,11269427884283,898
11269428116329,11269428117064,735
11269428348605,11269428349455,850
11269428579507,11269428580171,664
11269428812885,11269428813707,822
11269429052894,11269429053573,679
11269429297355,11269429298167,812
11269429529002,11269429529697,695
11269429760224,11269429761078,854
11269429992173,11269429992896,723
11269430229439,11269430230246,807
11269430471501,11269430472195,694
11269430704251,11269430705101,850
11269430936454,11269430937174,720
11269431168661,11269431169666,1005
11269431403626,11269431404359,733
11269431637729,11269431638595,866
11269431868280,11269431869036,756
11269432099801,11269432100706,905
11269432340536,11269432341223,687
11269432576453,11269432577326,873
11269432809679,11269432810357,678
11269433042331,11269433043159,828
11269433274784,11269433275481,697
11269433506944,11269433507781,837
11269433737475,11269433738156,681
11269433973578,11269433974434,856
11269434205303,11269434205994,691
11269434438706,11269434439538,832
11269434670115,11269434670812,697
11269434902676,11269434903944,1268
11269435372201,11269435372880,679
11269435611955,11269435612871,916
11269435845474,11269435846150,676
11269436078505,11269436079324,819
11269436311034,11269436311716,682
11269436545271,11269436546106,835
11269436779150,11269436779830,680
11269437014435,11269437015263,828
11269437246834,11269437247528,694
11269437480210,11269437481065,855
11269437710666,11269437711395,729
11269437943293,11269437944098,805
11269438175890,11269438176619,729
11269438418097,11269438418950,853
11269438648240,11269438648932,692
11269438887976,11269438888845,869
11269439121096,11269439121779,683
11269439357456,11269439358340,884
11269439593815,11269439594514,699
11269439826970,11269439827830,860
11269440060248,11269440060944,696
11269440294373,11269440295227,854
11269440528150,11269440528860,710
11269440761384,11269440762226,842
11269440993450,11269440994147,697
11269441227058,11269441227907,849
11269441457305,11269441457957,652
11269441689289,11269441690149,860
11269441920377,11269441921066,689
11269442157723,11269442158578,855
11269442393753,11269442394437,684
11269442628213,11269442629059,846
11269442858015,11269442858722,707
11269443090162,11269443091079,917
11269443336800,11269443337503,703
11269443569280,11269443570130,850
11269443800986,11269443801711,725
11269444034120,11269444034973,853
11269444266497,11269444267200,703
11269444502252,11269444503105,853
11269444741975,11269444742671,696
11269444977349,11269444978228,879
11269445218658,11269445219324,666
11269445451836,11269445452591,755
11269445696273,11269445696976,703
11269445932322,11269445933162,840
11269446164350,11269446165020,670
11269446397019,11269446397842,823
11269446628380,11269446629059,679
11269446861005,11269446861853,848
11269447092325,11269447093035,710
11269447327990,11269447328875,885
11269447563825,11269447564519,694
11269447799037,11269447799908,871
11269448034982,11269448035693,711
11269448269224,11269448270084,860
11269448501815,11269448502513,698
11269448733750,11269448734634,884
11269448974938,11269448975589,651
11269449210178,11269449211044,866
11269449442023,11269449442706,683
11269449674708,11269449675527,819
11269449910676,11269449911400,724
11269450145343,11269450146156,813
11269450378401,11269450379068,667
11269450616535,11269450617396,861
11269450849595,11269450850297,702
11269451081848,11269451082712,864
11269451313340,11269451314094,754
11269451547327,11269451548211,884
11269451778654,11269451779368,714
11269452012414,11269452013268,854
11269452251513,11269452252216,703
11269452486621,11269452487475,854
11269452725199,11269452725889,690
11269452964168,11269452965023,855
11269453195692,11269453196404,712
11269453429349,11269453430193,844
11269453661942,11269453662599,657
11269453895050,11269453896231,1181
11269454129797,11269454130483,686
11269454421519,11269454422422,903
11269454913833,11269454914594,761
11269455158931,11269455159772,841
11269455371880,11269455372530,650
11269455621103,11269455621974,871
11269455905580,11269455906273,693
11269456182028,11269456182914,886
11269456430284,11269456430965,681
11269456663582,11269456664440,858
11269456897506,11269456898220,714
11269457132817,11269457133649,832
11269457369138,11269457369789,651
11269457620257,11269457621045,788
11269457861933,11269457862625,692
11269458150810,11269458151617,807
11269458390826,11269458395143,4317
11269458633014,11269458633847,833
11269458870060,11269458870731,671
11269459122138,11269459126001,3863
11269459363714,11269459364399,685
11269459621462,11269459622312,850
11269459874824,11269459875531,707
11269460140262,11269460141070,808
11269460417092,11269460417852,760
11269460703691,11269460704578,887
11269460940931,11269460941682,751
11269461176054,11269461176965,911
11269461413318,11269461414043,725
11269461648478,11269461649356,878
11269461896994,11269461897681,687
11269462143847,11269462144731,884
11269462446278,11269462447020,742
11269462684796,11269462685676,880
11269462920233,11269462920948,715
11269463157283,11269463158133,850
11269463433958,11269463434610,652
11269463683819,11269463684613,794
11269463968145,11269463968811,666
11269464260163,11269464261080,917
11269464501686,11269464502424,738
11269464739440,11269464740355,915
11269464974844,11269464975546,702
11269465222252,11269465223118,866
11269465454655,11269465455379,724
11269465744528,11269465745380,852
11269465960634,11269465961299,665
11269466172515,11269466173292,777
11269466384505,11269466385167,662
11269466596134,11269466596885,751
11269466826186,11269466827123,937
11269467067189,11269467067992,803
11269467327524,11269467328160,636
11269467574515,11269467575304,789
11269467786487,11269467787164,677
11269467997148,11269467997953,805
11269468205398,11269468206066,668
11269468439003,11269468439746,743
11269468668998,11269468669633,635
11269468897931,11269468898740,809
11269469155669,11269469156360,691
11269469374027,11269469374819,792
11269469583421,11269469584009,588
11269469794213,11269469794957,744
11269469998071,11269469998674,603
11269470296021,11269470296839,818
11269470540125,11269470540766,641
11269470794554,11269470795290,736
11269471092416,11269471093053,637
11269471308438,11269471309257,819
11269471517271,11269471517896,625
11269471726582,11269471727254,672
11269471934466,11269471935045,579
11269472173572,11269472174336,764
11269472444134,11269472444756,622
11269472659807,11269472660567,760
11269472866636,11269472867262,626
11269473075008,11269473075793,785
11269473280119,11269473280754,635
11269473487074,11269473487911,837
11269473733810,11269473734504,694
11269473964446,11269473965222,776
11269474205028,11269474205644,616
11269474470426,11269474471239,813
11269474923734,11269474924396,662
11269475135494,11269475136278,784
11269475342917,11269475343524,607
11269475579256,11269475580033,777
11269475796878,11269475797499,621
11269476051636,11269476052355,719
11269476258461,11269476259048,587
11269476483299,11269476484051,752
11269476688148,11269476688733,585
11269476893112,11269476893855,743
11269477137314,11269477137947,633
11269477368702,11269477369481,779
11269477632386,11269477632952,566
11269477863677,11269477864436,759
11269478070288,11269478070899,611
11269478277114,11269478277884,770
11269478482253,11269478482887,634
11269478688666,11269478689419,753
11269478979987,11269478980749,762
11269479281171,11269479282110,939
11269479512806,11269479513439,633
11269479728181,11269479728964,783
11269479934816,11269479935424,608
11269480145730,11269480146503,773
11269480385969,11269480386577,608
11269480597958,11269480598685,727
11269480920353,11269480921311,958
11269481201135,11269481201939,804
11269481471477,11269481472139,662
11269481763860,11269481764746,886
11269482017695,11269482018666,971
11269482265619,11269482266415,796
11269482482053,11269482482722,669
11269482695523,11269482696280,757
11269482914601,11269482915160,559
11269483125274,11269483126015,741
11269483353742,11269483354569,827
11269483580840,11269483581562,722
11269483850472,11269483851115,643
11269484064290,11269484065066,776
11269484269990,11269484270621,631
11269484478972,11269484479767,795
11269484684602,11269484685253,651
11269484893421,11269484894224,803
11269485111734,11269485112335,601
11269485320080,11269485320800,720
11269485548050,11269485548675,625
11269485758384,11269485759155,771
11269485963523,11269485964139,616
11269486168755,11269486169489,734
11269486390969,11269486391573,604
11269486599331,11269486600107,776
11269486805311,11269486805924,613
11269487010825,11269487011663,838
11269487218444,11269487219086,642
11269487424195,11269487424931,736
11269487627903,11269487628514,611
11269487832064,11269487832768,704
11269488035940,11269488036578,638
11269488241737,11269488242475,738
11269488446394,11269488446992,598
11269488656986,11269488657674,688
11269488861725,11269488862357,632
11269489075004,11269489075744,740
11269489300841,11269489301500,659
11269489507584,11269489508320,736
11269489711904,11269489712490,586
11269489917714,11269489918472,758
11269490119711,11269490120288,577
11269490325419,11269490326131,712
11269490528503,11269490529094,591
11269490733728,11269490734434,706
11269490937667,11269490938244,577
11269491145156,11269491145884,728
11269491350055,11269491350752,697
11269491563830,11269491564506,676
11269491768255,11269491768931,676
11269491981884,11269491982589,705
11269492191070,11269492191650,580
11269492402905,11269492403625,720
11269492608584,11269492609184,600
11269492816857,11269492817525,668
11269493263630,11269493264247,617
11269493472122,11269493472865,743
11269493680588,11269493681219,631
11269493888525,11269493889292,767
11269494093445,11269494094057,612
11269494298596,11269494299390,794
11269494503903,11269494504450,547
11269494710186,11269494710900,714
11269494913266,11269494913873,607
11269495119588,11269495120308,720
11269495326726,11269495327299,573
11269495532238,11269495532883,645
11269495741992,11269495742526,534
11269495953573,11269495954298,725
11269496161639,11269496162270,631
11269496377375,11269496378066,691
11269496582583,11269496583167,584
11269496790917,11269496791691,774
11269497011742,11269497012335,593
11269497235946,11269497236631,685
11269497442717,11269497443310,593
11269497649010,11269497649749,739
11269497854995,11269497855583,588
11269498061907,11269498062624,717
11269498269105,11269498269705,600
11269498495243,11269498496013,770
11269498711472,11269498712071,599
11269498927902,11269498928577,675
11269499131957,11269499132517,560
11269499340067,11269499340749,682
11269499543222,11269499543822,600
11269499748663,11269499749345,682
11269499949911,11269499950522,611
11269500161590,11269500162312,722
11269500364778,11269500365396,618
11269500571425,11269500572340,915
11269500773567,11269500774136,569
11269500979086,11269500979846,760
11269501180685,11269501181265,580
11269501392880,11269501393602,722
11269501595162,11269501595715,553
11269501799161,11269501799869,708
11269502001732,11269502002300,568
11269502203824,11269502204542,718
11269502413113,11269502413709,596
11269502617600,11269502618305,705
11269502819384,11269502819995,611
11269503023016,11269503023757,741
11269503227734,11269503228313,579
11269503431108,11269503431871,763
11269503637828,11269503638440,612
11269503842126,11269503842904,778
11269504046421,11269504046997,576
11269504249455,11269504250206,751
11269504450450,11269504451038,588
11269504652347,11269504653113,766
11269504854161,11269504854762,601
11269505058672,11269505059430,758
11269505273054,11269505273636,582
11269505478090,11269505478811,721
11269505688336,11269505688997,661
11269505897853,11269505898603,750
11269506100950,11269506101560,610
11269506328771,11269506329469,698
11269506531986,11269506532595,609
11269506736148,11269506736863,715
11269506938191,11269506938833,642
11269507140740,11269507141456,716
11269507345630,11269507346203,573
11269507566875,11269507567588,713
11269507768275,11269507768849,574
11269507976624,11269507977329,705
11269508180903,11269508182128,1225
11269508400467,11269508401172,705
11269508603215,11269508603857,642
11269508806561,11269508807277,716
11269509013272,11269509013846,574
11269509218437,11269509219153,716
11269509419878,11269509420481,603
11269509623461,11269509624175,714
11269510066398,11269510066998,600
11269510275937,11269510276655,718
11269510479270,11269510479889,619
11269510683804,11269510684559,755
11269510886124,11269510886746,622
11269511090486,11269511091224,738
11269511292186,11269511292760,574
11269511495889,11269511496637,748
11269511700312,11269511700930,618
11269511905841,11269511906591,750
11269512109424,11269512110051,627
11269512320705,11269512321424,719
11269512525862,11269512526444,582
11269512731346,11269512732060,714
11269512936531,11269512937135,604
11269513150345,11269513151105,760
11269513357938,11269513358529,591
11269513564921,11269513565619,698
11269513769544,11269513770143,599
11269513981060,11269513981768,708
11269514188239,11269514188829,590
11269514396806,11269514397514,708
11269514602663,11269514603211,548
11269514807977,11269514808654,677
11269515013160,11269515013725,565
11269515220716,11269515221278,562
11269515425779,11269515426477,698
11269515640787,11269515641469,682
11269515849930,11269515850485,555
11269516056713,11269516057438,725
11269516260774,11269516261344,570
11269516467536,11269516468098,562
11269516675882,11269516676614,732
11269516880219,11269516880812,593
11269517086539,11269517087252,713
11269517291102,11269517291695,593
11269517497753,11269517498481,728
11269517700361,11269517700941,580
11269517906684,11269517907425,741
11269518111822,11269518112406,584
11269518320391,11269518321125,734
11269518526678,11269518527268,590
11269518736049,11269518736631,582
11269518949813,11269518950536,723
11269519158801,11269519159335,534
11269519364454,11269519365150,696
11269519569358,11269519569913,555
11269519778425,11269519779119,694
11269519995017,11269519995614,597
11269520203431,11269520204149,718
11269520411527,11269520412124,597
11269520616852,11269520617561,709
11269520821936,11269520822554,618
11269521027114,11269521027821,707
11269521229082,11269521229629,547
11269521442914,11269521443588,674
11269521653684,11269521654248,564
11269521865244,11269521865970,726
11269522074958,11269522075530,572
11269522292462,11269522293168,706
11269522497924,11269522498498,574
11269522701827,11269522702554,727
11269522905252,11269522905870,618
11269523110891,11269523111645,754
11269523315683,11269523316304,621
11269523519668,11269523520416,748
11269523720130,11269523720694,564
11269523926127,11269523926853,726
11269524129007,11269524129554,547
11269524334644,11269524335406,762
11269524536238,11269524536802,564
11269524740726,11269524741450,724
11269524945721,11269524946287,566
11269525150935,11269525151655,720
11269525357246,11269525357871,625
11269525567849,11269525568472,623
11269525776189,11269525776923,734
11269525980964,11269525981545,581
11269526189345,11269526190070,725
11269526395348,11269526395919,571
11269526601635,11269526602348,713
11269526806553,11269526807168,615
11269527252177,11269527252899,722
11269527465247,11269527465845,598
11269527672441,11269527673194,753
11269527876642,11269527877235,593
11269528083830,11269528084554,724
11269528287659,11269528288242,583
11269528493016,11269528493729,713
11269528698582,11269528699145,563
11269528907989,11269528908710,721
11269529114083,11269529114731,648
11269529329188,11269529329899,711
11269529535655,11269529536291,636
11269529741954,11269529742668,714
11269529949389,11269529949981,592
11269530156667,11269530157267,600
11269530364469,11269530365183,714
11269530572707,11269530573285,578
11269530782444,11269530783159,715
11269530988898,11269530989457,559
11269531195700,11269531196404,704
11269531404944,11269531405516,572
11269531612512,11269531613193,681
11269531818257,11269531818854,597
11269532025067,11269532025772,705
11269532237773,11269532238382,609
11269532445116,11269532445837,721
11269532648079,11269532648614,535
11269532857809,11269532858432,623
11269533062230,11269533062962,732
11269533266130,11269533266686,556
11269533470335,11269533470888,553
11269533673233,11269533673817,584
11269533876026,11269533876715,689
11269534077699,11269534078284,585
11269534281651,11269534282371,720
11269534482706,11269534483315,609
11269534686738,11269534687318,580
11269534891208,11269534891758,550
11269535094645,11269535095186,541
11269535298177,11269535299114,937
11269535501000,11269535501527,527
11269535708489,11269535709183,694
11269535911522,11269535912095,573
11269536115099,11269536115862,763
11269536317314,11269536317920,606
11269536520704,11269536521271,567
11269536724124,11269536724695,571
11269536927818,11269536928576,758
11269537129065,11269537129669,604
11269537332324,11269537333037,713
11269537534782,11269537535366,584
11269537739390,11269537740112,722
11269537941873,11269537942461,588
11269538145675,11269538146383,708
11269538348391,11269538349034,643
11269538551827,11269538552415,588
11269538755159,11269538755838,679
11269538961350,11269538961935,585
11269539166895,11269539167607,712
11269539368007,11269539368588,581
11269539572870,11269539573577,707
11269539774161,11269539774738,577
11269539979008,11269539979593,585
11269540184122,11269540184865,743
11269540385942,11269540386527,585
11269540591401,11269540591983,582
11269540794792,11269540795530,738
11269540996062,11269540996668,606
11269541200403,11269541200988,585
11269541404133,11269541404721,588
11269541607279,11269541607968,689
11269541809496,11269541810055,559
11269542013337,11269542014077,740
11269542223987,11269542224564,577
11269542432669,11269542433417,748
11269542637425,11269542638040,615
11269542843686,11269542844405,719
11269543055353,11269543055957,604
11269543261231,11269543261922,691
11269543464162,11269543464744,582
11269543892172,11269543892925,753
11269544102579,11269544103163,584
11269544307480,11269544308230,750
11269544514685,11269544515257,572
11269544719964,11269544720698,734
11269544921372,11269544921935,563
11269545125710,11269545126413,703
11269545326516,11269545327186,670
11269545530985,11269545531720,735
11269545739351,11269545739915,564
11269545944004,11269545944693,689
11269546148266,11269546148838,572
11269546352027,11269546352714,687
11269546554882,11269546555479,597
11269546758296,11269546758995,699
11269546960866,11269546961463,597
11269547165071,11269547165740,669
11269547365936,11269547366561,625
11269547570930,11269547571618,688
11269547772613,11269547773208,595
11269547977469,11269547978157,688
11269548178836,11269548179449,613
11269548382300,11269548382899,599
11269548584916,11269548585595,679
11269548786646,11269548787241,595
11269548993836,11269548994517,681
11269549196921,11269549197482,561
11269549400587,11269549401282,695
11269549603159,11269549603759,600
11269549806712,11269549807286,574
11269550015251,11269550016003,752
11269550217068,11269550217658,590
11269550421215,11269550421782,567
11269550624242,11269550624861,619
11269550827379,11269550827971,592
11269551031035,11269551031567,532
11269551234053,11269551234601,548
11269551437074,11269551437624,550
11269551639585,11269551640270,685
11269551841257,11269551841842,585
11269552045101,11269552045666,565
11269552254112,11269552255376,1264
11269552460158,11269552460736,578
11269552664783,11269552665429,646
11269552866598,11269552867181,583
11269553070140,11269553070842,702
11269553272565,11269553273124,559
11269553475714,11269553476264,550
11269553679138,11269553679695,557
11269553882138,11269553882686,548
11269554085548,11269554086253,705
11269554287849,11269554288380,531
11269554490948,11269554491491,543
11269554695091,11269554695642,551
11269554899376,11269554899894,518
11269555103272,11269555103804,532
11269555307003,11269555307684,681
11269555509816,11269555510395,579
11269555718078,11269555718762,684
11269555920635,11269555921235,600
11269556124704,11269556125422,718
11269556324567,11269556325185,618
11269556528332,11269556528861,529
11269556730901,11269556731603,702
11269556931467,11269556932075,608
11269557135340,11269557135909,569
11269557338589,11269557339141,552
11269557542078,11269557542610,532
11269557745462,11269557745978,516
11269557947812,11269557948348,536
11269558149916,11269558150590,674
11269558350837,11269558351432,595
11269558556305,11269558556859,554
11269558758835,11269558759396,561
11269558967681,11269558968241,560
11269559172144,11269559172698,554
11269559380726,11269559381485,759
11269559583958,11269559584553,595
11269559789013,11269559789579,566
11269559992385,11269559993081,696
11269560193927,11269560194555,628
11269560397657,11269560398355,698
11269560833232,11269560833851,619
11269561041117,11269561041677,560
11269561246117,11269561246677,560
11269561449082,11269561449760,678
11269561651791,11269561652318,527
11269561854859,11269561855395,536
11269562058884,11269562059955,1071
11269562267780,11269562268518,738
11269562470674,11269562471261,587
11269562674555,11269562675291,736
11269562892836,11269562893409,573
11269563102340,11269563103142,802
11269563306378,11269563307174,796
11269563508284,11269563508897,613
11269563711487,11269563712042,555
11269563911894,11269563912645,751
11269564112655,11269564113240,585
11269564320830,11269564321391,561
11269564523298,11269564523867,569
11269564725613,11269564726185,572
11269564926739,11269564927302,563
11269565129218,11269565129751,533
11269565331067,11269565331581,514
11269565533339,11269565533846,507
11269565756863,11269565757452,589
11269565960875,11269565961432,557
11269566173603,11269566174209,606
11269566377883,11269566378444,561
11269566582037,11269566582618,581
11269566785634,11269566786175,541
11269566987700,11269566988248,548
11269567191609,11269567192160,551
11269567394679,11269567395216,537
11269567597435,11269567598001,566
11269567800068,11269567800643,575
11269568001920,11269568002431,511
11269568202690,11269568203417,727
11269568403347,11269568403951,604
11269568605895,11269568606467,572
11269568808056,11269568808616,560
11269569018345,11269569018937,592
11269569234387,11269569234975,588
11269569438140,11269569438713,573
11269569641626,11269569642150,524
11269569844070,11269569844814,744
11269570045052,11269570045644,592
11269570247614,11269570248188,574
11269570448519,11269570449228,709
11269570648114,11269570648695,581
11269570850867,11269570851440,573
11269571053353,11269571053892,539
11269571255738,11269571256307,569
11269571458214,11269571458823,609
11269571661218,11269571661771,553
11269571862835,11269571863412,577
11269572063446,11269572064011,565
11269572267952,11269572268505,553
11269572469689,11269572470248,559
11269572670657,11269572671223,566
11269572872899,11269572873472,573
11269573075672,11269573076262,590
11269573276513,11269573277110,597
11269573478967,11269573479526,559
11269573681207,11269573681820,613
11269573884176,11269573884932,756
11269574084479,11269574085116,637
11269574288241,11269574288828,587
11269574496236,11269574496802,566
11269574699021,11269574699584,563
11269574901513,11269574902074,561
11269575103674,11269575104208,534
11269575309651,11269575310243,592
11269575512855,11269575513428,573
11269575723798,11269575724368,570
11269575934432,11269575935028,596
11269576199010,11269576199698,688
11269576425900,11269576426497,597
11269576633543,11269576634092,549
11269576839735,11269576840341,606
11269577044099,11269577044667,568
11269577247105,11269577247624,519
11269577717510,11269577718157,647
11269577951003,11269577951611,608
11269578161909,11269578162512,603
11269578372932,11269578373464,532
11269578578904,11269578579430,526
11269578785017,11269578785561,544
11269579018085,11269579018671,586
11269579241467,11269579242001,534
11269579449546,11269579450122,576
11269579658679,11269579659240,561
11269579863975,11269579864511,536
11269580073609,11269580074142,533
11269580292157,11269580292701,544
11269580499998,11269580500534,536
11269580707469,11269580707994,525
11269580913409,11269580913961,552
11269581122138,11269581122675,537
11269581346992,11269581347606,614
11269581554002,11269581554572,570
11269581760444,11269581760968,524
11269581968250,11269581968792,542
11269582173995,11269582174527,532
11269582386804,11269582387375,571
11269582594933,11269582595476,543
11269582800814,11269582801380,566
11269583010587,11269583011136,549
11269583217497,11269583218048,551
11269583426002,11269583426550,548
11269583635275,11269583635809,534
11269583841234,11269583841817,583
11269584051460,11269584051974,514
11269584261777,11269584262308,531
11269584467110,11269584467663,553
11269584678064,11269584678657,593
11269584885346,11269584885917,571
11269585091027,11269585091839,812
11269585309460,11269585309998,538
11269585518830,11269585519351,521
11269585734581,11269585735142,561
11269585942197,11269585942746,549
11269586161499,11269586162041,542
11269586378065,11269586378976,911
11269586591716,11269586592232,516
11269586800285,11269586800865,580
11269587010837,11269587011379,542
11269587219612,11269587220132,520
11269587427593,11269587428106,513
11269587634126,11269587634657,531
11269587838430,11269587838947,517
11269588043739,11269588044341,602
11269588247037,11269588247603,566
11269588452999,11269588453557,558
11269588657057,11269588657645,588
11269588864697,11269588865281,584
11269589076605,11269589077164,559
11269589283493,11269589284032,539
11269589502646,11269589503224,578
11269589712145,11269589712718,573
11269589920633,11269589921172,539
11269590135433,11269590136018,585
11269590347739,11269590348300,561
11269590555021,11269590555563,542
11269590760838,11269590761370,532
11269590969847,11269590970380,533
11269591176431,11269591176997,566
11269591386346,11269591386909,563
11269591594543,11269591595068,525
11269591801953,11269591802482,529
11269592008004,11269592008543,539
11269592219001,11269592219547,546
11269592427302,11269592427889,587
11269592638395,11269592638931,536
11269592845862,11269592846360,498
11269593052012,11269593052599,587
11269593261450,11269593262023,573
11269593468640,11269593469224,584
11269593676684,11269593677258,574
11269593884795,11269593885360,565
11269594093591,11269594094115,524
11269594535201,11269594535797,596
11269594747181,11269594747754,573
11269594953733,11269594954307,574
11269595161264,11269595161824,560
11269595367585,11269595368153,568
11269595578449,11269595578963,514
11269595787521,11269595788034,513
11269595996978,11269595997496,518
11269596203639,11269596204136,497
11269596409649,11269596410184,535
11269596616908,11269596617429,521
11269596827677,11269596828241,564
11269597032855,11269597033425,570
11269597237976,11269597238527,551
11269597443746,11269597444283,537
11269597649187,11269597649727,540
11269597854791,11269597855331,540
11269598064188,11269598064678,490
11269598270308,11269598270811,503
11269598479149,11269598479701,552
11269598685819,11269598686364,545
11269598895800,11269598896359,559
11269599215029,11269599215705,676
11269599447367,11269599447945,578
11269599657497,11269599658012,515
11269599864424,11269599864959,535
11269600070797,11269600071330,533
11269600277110,11269600277702,592
11269600481885,11269600482431,546
11269600687278,11269600687826,548
11269600897951,11269600898515,564
11269601102674,11269601103245,571
11269601307370,11269601307965,595
11269601513052,11269601513626,574
11269601717533,11269601718096,563
11269601922302,11269601922877,575
11269602127771,11269602128294,523
11269602336783,11269602337391,608
11269602543069,11269602543620,551
11269602747424,11269602747980,556
11269602951477,11269602952021,544
11269603156090,11269603156669,579
11269603359990,11269603360538,548
11269603564304,11269603564859,555
11269603768737,11269603769305,568
11269603974807,11269603975329,522
11269604180101,11269604180600,499
11269604385719,11269604386229,510
11269604589593,11269604590134,541
11269604794662,11269604795207,545
11269604998687,11269604999208,521
11269605203031,11269605203561,530
11269605406564,11269605407143,579
11269605619447,11269605620018,571
11269605831653,11269605832187,534
11269606037169,11269606037678,509
11269606242771,11269606243277,506
11269606449024,11269606449519,495
11269606652661,11269606653157,496
11269606856296,11269606856778,482
11269607059346,11269607059888,542
11269607268168,11269607268703,535
11269607472062,11269607472579,517
11269607676310,11269607676834,524
11269607880379,11269607880893,514
11269608084500,11269608084996,496
11269608287630,11269608288138,508
11269608492443,11269608493014,571
11269608696672,11269608697204,532
11269608906105,11269608906650,545
11269609111651,11269609112175,524
11269609315807,11269609316323,516
11269609519588,11269609520109,521
11269609723273,11269609723807,534
11269609926634,11269609927147,513
11269610129823,11269610130336,513
11269610334311,11269610334819,508
11269610537880,11269610538395,515
11269610742403,11269610742907,504
11269611175113,11269611175671,558
11269611387108,11269611387620,512
11269611590169,11269611590639,470
11269611794183,11269611794701,518
11269611999210,11269611999727,517
11269612201814,11269612202324,510
11269612411590,11269612412138,548
11269612616275,11269612616810,535
11269612833666,11269612834245,579
11269613038775,11269613039331,556
11269613242723,11269613243289,566
11269613447346,11269613447872,526
11269613651181,11269613652102,921
11269613856109,11269613856651,542
11269614060309,11269614060860,551
11269614262963,11269614263493,530
11269614467158,11269614467725,567
11269614669867,11269614670429,562
11269614872691,11269614873262,571
11269615076157,11269615076722,565
11269615280208,11269615280711,503
11269615484442,11269615484995,553
11269615693612,11269615694160,548
11269615901726,11269615902299,573
11269616107732,11269616108313,581
11269616312829,11269616313391,562
11269616518843,11269616519367,524
11269616723246,11269616723777,531
11269616927525,11269616928047,522
11269617131684,11269617132225,541
11269617335303,11269617335868,565
11269617539499,11269617540046,547
11269617748006,11269617748523,517
11269617952323,11269617952843,520
11269618154945,11269618155479,534
11269618358731,11269618359273,542
11269618564249,11269618564779,530
11269618767706,11269618768202,496
11269618975786,11269618976419,633
11269619181841,11269619182421,580
11269619385568,11269619386093,525
11269619590563,11269619591108,545
11269619794208,11269619794752,544
11269619997483,11269619998054,571
11269620201879,11269620202449,570
11269620405673,11269620406217,544
11269620610194,11269620610703,509
11269620813960,11269620814480,520
11269621024482,11269621025068,586
11269621229694,11269621230212,518
11269621433972,11269621434456,484
11269621638029,11269621638558,529
11269621841565,11269621842050,485
11269622046476,11269622046988,512
11269622254400,11269622254957,557
11269622460989,11269622461512,523
11269622666636,11269622667157,521
11269622870440,11269622870963,523
11269623104942,11269623105475,533
11269623312046,11269623312595,549
11269623518792,11269623519278,486
11269623721583,11269623722071,488
11269623923556,11269623924077,521
11269624126782,11269624127311,529
11269624329944,11269624330463,519
11269624531916,11269624532422,506
11269624734024,11269624734519,495
11269624936605,11269624937114,509
11269625138637,11269625139162,525
11269625342179,11269625342771,592
11269625549990,11269625550577,587
11269625755155,11269625755676,521
11269625959024,11269625959614,590
11269626162518,11269626163077,559
11269626365589,11269626366180,591
11269626568315,11269626568867,552
11269626769166,11269626769715,549
11269626971583,11269626972095,512
11269627173928,11269627174440,512
11269627375309,11269627375833,524
11269627577886,11269627578394,508
11269628011011,11269628011590,579
11269628225944,11269628226488,544
11269628433488,11269628434043,555
11269628641481,11269628641995,514
11269628847827,11269628848353,526
11269629059071,11269629059595,524
11269629268221,11269629268726,505
11269629473414,11269629473965,551
11269629681456,11269629681989,533
11269629882999,11269629883495,496
11269630086049,11269630086562,513
11269630288759,11269630289258,499
11269630492635,11269630493130,495
11269630695263,11269630695724,461
11269630897762,11269630898306,544
11269631100492,11269631101024,532
11269631303690,11269631304225,535
11269631505858,11269631506414,556
11269631708486,11269631709023,537
11269631909410,11269631909949,539
11269632111964,11269632112524,560
11269632319222,11269632319763,541
11269632523016,11269632523534,518
11269632726476,11269632727004,528
11269632930637,11269632931208,571
11269633132919,11269633133444,525
11269633336180,11269633336702,522
11269633538398,11269633538966,568
11269633741610,11269633742092,482
11269633943748,11269633944292,544
11269634146935,11269634147451,516
11269634349813,11269634350358,545
11269634553570,11269634554097,527
11269634755341,11269634755905,564
11269634958571,11269634959118,547
11269635160761,11269635161271,510
11269635365449,11269635365951,502
11269635574413,11269635574931,518
11269635788984,11269635789540,556
11269635992653,11269635993139,486
11269636200648,11269636201188,540
11269636404446,11269636404997,551
11269636609177,11269636609698,521
11269636812008,11269636812528,520
11269637015140,11269637015665,525
11269637219034,11269637219574,540
11269637423798,11269637424309,511
11269637628653,11269637629686,1033
11269637833710,11269637834235,525
11269638038119,11269638038634,515
11269638241386,11269638241925,539
11269638449480,11269638450003,523
11269638654081,11269638654627,546
11269638857111,11269638857665,554
11269639067320,11269639067872,552
11269639270877,11269639271427,550
11269639475236,11269639475791,555
11269639680038,11269639680540,502
11269639884667,11269639885192,525
11269640089824,11269640090348,524
11269640294466,11269640294982,516
11269640498579,11269640499109,530
11269640701804,11269640702318,514
11269640903957,11269640904493,536
11269641106479,11269641107008,529
11269641310466,11269641311002,536
11269641514527,11269641515118,591
11269641717739,11269641718287,548
11269641922439,11269641922943,504
11269642125431,11269642125951,520
11269642332676,11269642333219,543
11269642537677,11269642538224,547
11269642742505,11269642743069,564
11269642946517,11269642947049,532
11269643150391,11269643150925,534
11269643354961,11269643355475,514
11269643564268,11269643564932,664
11269643784551,11269643785162,611
11269644024655,11269644025594,939
11269644510013,11269644510984,971
11269644760377,11269644760909,532
11269644967410,11269644967927,517
11269645171632,11269645172136,504
11269645377069,11269645377610,541
11269645589847,11269645590364,517
11269645796301,11269645796817,516
11269646000509,11269646001058,549
11269646204980,11269646205491,511
11269646409604,11269646410167,563
11269646613637,11269646614177,540
11269646817759,11269646818321,562
11269647022088,11269647022643,555
11269647225402,11269647225911,509
11269647429341,11269647429866,525
11269647634361,11269647635426,1065
11269647839733,11269647840254,521
11269648046454,11269648047006,552
11269648251019,11269648251566,547
11269648454093,11269648454613,520
11269648658188,11269648658721,533
11269648862343,11269648862891,548
11269649080383,11269649080932,549
11269649286034,11269649286583,549
11269649491765,11269649492316,551
11269649694718,11269649695293,575
11269649898506,11269649899073,567
11269650105440,11269650105993,553
11269650311658,11269650312182,524
11269650515853,11269650516401,548
11269650719270,11269650719828,558
11269650923331,11269650923865,534
11269651130724,11269651131272,548
11269651337153,11269651337710,557
11269651553718,11269651554276,558
11269651763156,11269651763647,491
11269651970782,11269651971282,500
11269652179343,11269652179865,522
11269652392455,11269652392989,534
11269652602825,11269652603363,538
11269652813237,11269652813792,555
11269653019651,11269653020176,525
11269653231156,11269653231704,548
11269653436489,11269653437063,574
11269653644082,11269653644613,531
11269653850748,11269653851291,543
11269654060495,11269654061048,553
11269654270764,11269654271321,557
11269654485601,11269654486151,550
11269654687955,11269654688518,563
11269654896759,11269654897290,531
11269655105288,11269655105846,558
11269655311238,11269655311785,547
11269655517397,11269655517932,535
11269655730954,11269655731457,503
11269655937359,11269655937889,530
11269656142649,11269656143216,567
11269656347096,11269656347658,562
11269656551868,11269656552415,547
11269656755311,11269656755809,498
11269656959755,11269656960284,529
11269657165084,11269657165578,494
11269657370870,11269657371386,516
11269657575515,11269657576056,541
11269657779373,11269657779880,507
11269657982569,11269657983086,517
11269658186097,11269658186616,519
11269658402418,11269658402922,504
11269658606612,11269658607141,529
11269658810531,11269658811047,516
11269659032372,11269659032894,522
11269659253453,11269659253964,511
11269659462062,11269659462573,511
11269659667037,11269659667587,550
11269659873407,11269659873923,516
11269660077813,11269660078326,513
11269660283255,11269660283762,507
11269660488495,11269660489008,513
11269660694598,11269660695142,544
11269660898683,11269660899207,524
11269661331671,11269661332256,585
11269661541984,11269661542570,586
11269661748653,11269661749218,565
11269661953195,11269661953756,561
11269662157708,11269662158271,563
11269662368099,11269662368657,558
11269662573968,11269662574534,566
11269662779375,11269662779937,562
11269662983641,11269662984187,546
11269663188145,11269663188663,518
11269663392814,11269663393315,501
11269663597660,11269663598156,496
11269663803501,11269663804033,532
11269664008287,11269664008809,522
11269664212068,11269664212637,569
11269664415830,11269664416364,534
11269664621162,11269664621695,533
11269664825614,11269664826525,911
11269665031582,11269665032117,535
11269665236402,11269665236976,574
11269665440305,11269665440856,551
11269665648978,11269665649530,552
11269665853087,11269665853664,577
11269666056630,11269666057164,534
11269666259664,11269666260174,510
11269666463651,11269666464165,514
11269666667649,11269666668154,505
11269666876855,11269666877386,531
11269667081230,11269667081770,540
11269667286216,11269667286707,491
11269667490501,11269667491031,530
11269667695020,11269667695545,525
11269667899606,11269667900129,523
11269668102930,11269668103456,526
11269668308421,11269668308940,519
11269668511421,11269668511966,545
11269668717355,11269668717864,509
11269668930698,11269668931285,587
11269669136891,11269669137430,539
11269669341750,11269669342301,551
11269669548360,11269669548932,572
11269669753008,11269669753535,527
11269669961583,11269669962133,550
11269670166542,11269670167034,492
11269670377764,11269670378307,543
11269670595846,11269670596405,559
11269670802386,11269670802993,607
11269671007212,11269671007719,507
11269671213767,11269671214275,508
11269671418882,11269671419376,494
11269671623304,11269671623830,526
11269671829551,11269671830084,533
11269672035392,11269672036011,619
11269672246426,11269672246980,554
11269672464490,11269672465015,525
11269672670767,11269672671310,543
11269672875161,11269672875679,518
11269673078818,11269673079371,553
11269673282568,11269673283120,552
11269673487101,11269673487648,547
11269673691108,11269673691656,548
11269673894959,11269673895508,549
11269674098508,11269674099057,549
11269674302453,11269674303009,556
11269674505694,11269674506596,902
11269674711662,11269674712224,562
11269674916024,11269674916553,529
11269675119076,11269675119614,538
11269675324831,11269675325372,541
11269675529711,11269675530254,543
11269675741194,11269675741739,545
11269675945251,11269675945816,565
11269676149727,11269676150267,540
11269676355090,11269676355594,504
11269676559041,11269676559524,483
11269676763206,11269676763786,580
11269676975121,11269676975666,545
11269677183399,11269677183928,529
11269677386993,11269677387489,496
11269677590226,11269677590746,520
11269678043696,11269678044283,587
11269678255416,11269678255924,508
11269678460440,11269678460977,537
11269678665176,11269678665707,531
11269678868440,11269678868977,537
11269679079051,11269679079602,551
11269679283395,11269679283936,541
11269679487317,11269679487866,549
11269679692211,11269679692762,551
11269679897642,11269679898210,568
11269680101281,11269680101860,579
11269680314986,11269680315533,547
11269680654449,11269680655130,681
11269680872735,11269680873352,617
11269681082676,11269681083264,588
11269681292077,11269681292620,543
11269681502631,11269681503196,565
11269681712455,11269681713020,565
11269681920154,11269681920675,521
11269682127226,11269682127796,570
11269682378412,11269682378988,576
11269682585464,11269682586017,553
11269682792578,11269682793095,517
11269683001384,11269683001926,542
11269683231868,11269683232483,615
11269683442429,11269683442991,562
11269683654066,11269683654612,546
11269683864349,11269683864903,554
11269684068616,11269684069165,549
11269684272223,11269684272781,558
11269684479764,11269684480337,573
11269684685604,11269684686201,597
11269684889345,11269684889901,556
11269685097658,11269685098224,566
11269685301630,11269685302191,561
11269685505117,11269685505669,552
11269685717208,11269685717753,545
11269685921431,11269685921998,567
11269686126294,11269686126838,544
11269686329515,11269686330061,546
11269686532049,11269686532606,557
11269686738726,11269686739269,543
11269686987397,11269686988043,646
11269687216887,11269687217449,562
11269687478208,11269687478826,618
11269687724563,11269687725118,555
11269687941671,11269687942373,702
11269688197276,11269688197939,663
11269688467120,11269688467771,651
11269688706366,11269688707005,639
11269688957705,11269688958373,668
11269689216436,11269689217223,787
11269689494239,11269689494888,649
11269689741573,11269689742234,661
11269689991933,11269689992609,676
11269690269419,11269690270077,658
11269690561766,11269690562447,681
11269690824213,11269690825074,861
11269691153668,11269691154943,1275
11269691495251,11269691496314,1063
11269691792901,11269691793608,707
11269692073819,11269692074452,633
11269692398659,11269692399509,850
11269692678492,11269692679149,657
11269692942340,11269692942977,637
11269693200437,11269693201091,654
11269693493335,11269693494144,809
11269693808395,11269693809510,1115
11269694076716,11269694077271,555
11269694304463,11269694305044,581
11269694516788,11269694517307,519
11269694740678,11269694741765,1087
11269694979513,11269694980174,661
11269695258146,11269695258784,638
11269695558704,11269695559450,746
11269695857921,11269695858538,617
11269696076196,11269696076811,615
11269696285718,11269696286296,578
11269696494367,11269696494922,555
11269696707382,11269696707918,536
11269697206065,11269697206634,569
11269697435523,11269697436088,565
11269697645745,11269697646370,625
11269697858793,11269697859373,580
11269698067851,11269698068565,714
11269698302070,11269698302640,570
11269698514497,11269698515045,548
11269698723418,11269698723973,555
11269698943205,11269698943929,724
11269699154824,11269699155366,542
11269699388118,11269699388647,529
11269699596584,11269699597150,566
11269699803773,11269699804357,584
11269700096470,11269700097016,546
11269700427051,11269700427709,658
11269700721549,11269700722224,675
11269700977502,11269700978212,710
11269701216833,11269701217514,681
11269701457455,11269701458126,671
11269701694977,11269701695647,670
11269701930924,11269701931579,655
11269702168656,11269702169332,676
11269702436542,11269702437181,639
11269702670904,11269702671529,625
11269702905079,11269702905706,627
11269703137787,11269703138383,596
11269703370402,11269703371024,622
11269703603453,11269703604074,621
11269703838882,11269703839502,620
11269704080375,11269704080995,620
11269704344963,11269704345614,651
11269704614688,11269704615343,655
11269704885894,11269704886664,770
11269705147651,11269705148596,945
11269705419373,11269705420098,725
11269705717087,11269705717714,627
11269706068760,11269706069537,777
11269706374363,11269706375333,970
11269706678525,11269706679260,735
11269706951970,11269706953154,1184
11269707225991,11269707226695,704
11269707520357,11269707521318,961
11269707765390,11269707765987,597
11269708014314,11269708015111,797
11269708272976,11269708273497,521
11269708517941,11269708518593,652
11269708748358,11269708748875,517
11269708985521,11269708986091,570
11269709211576,11269709212172,596
11269709450274,11269709450789,515
11269709691050,11269709691673,623
11269709922186,11269709922769,583
11269710138110,11269710138670,560
11269710348559,11269710349096,537
11269710568168,11269710568729,561
11269710777698,11269710778227,529
11269710986236,11269710986788,552
11269711193809,11269711194360,551
11269711420733,11269711421274,541
11269711629776,11269711630353,577
11269711838943,11269711839526,583
11269712048578,11269712049086,508
11269712271774,11269712272286,512
11269712483859,11269712484442,583
11269712692072,11269712692600,528
11269712901154,11269712901664,510
11269713109354,11269713109901,547
11269713335634,11269713336174,540
11269713546411,11269713546952,541
11269713754827,11269713755402,575
11269713962165,11269713962963,798
11269714170460,11269714171061,601
11269714377134,11269714377703,569
11269714583687,11269714584827,1140
11269714793176,11269714793760,584
11269715058047,11269715058650,603
11269715273989,11269715274535,546
11269715571813,11269715572372,559
11269715797038,11269715797624,586
11269716391518,11269716392177,659
11269716602195,11269716602791,596
11269716810672,11269716811253,581
11269717028159,11269717028765,606
11269717239677,11269717240219,542
11269717457344,11269717457920,576
11269717688319,11269717688846,527
11269717893803,11269717894348,545
11269718114998,11269718115584,586
11269718371854,11269718372432,578
11269718612172,11269718612757,585
11269718815878,11269718816431,553
11269719032051,11269719032632,581
11269719241390,11269719241936,546
11269719447918,11269719448517,599
11269719652856,11269719653414,558
11269719857175,11269719857743,568
11269720061397,11269720061980,583
11269720266811,11269720267394,583
11269720469444,11269720470002,558
11269720673139,11269720673693,554
11269720875793,11269720876344,551
11269721078401,11269721078947,546
11269721281881,11269721282420,539
11269721485563,11269721486145,582
11269721689641,11269721690232,591
11269721893103,11269721893676,573
11269722097065,11269722097624,559
11269722334623,11269722335197,574
11269722568445,11269722569118,673
11269722810106,11269722810672,566
11269723014557,11269723015148,591
11269723218372,11269723218942,570
11269723422976,11269723423559,583
11269723627017,11269723627574,557
11269723831620,11269723832212,592
11269724067467,11269724068102,635
11269724287709,11269724288309,600
11269724500719,11269724501323,604
11269724707020,11269724707605,585
11269724914262,11269724914851,589
11269725122684,11269725123667,983
11269725328326,11269725328888,562
11269725538512,11269725539100,588
11269725753465,11269725754053,588
11269725961941,11269725962470,529
11269726173180,11269726173735,555
11269726380982,11269726381550,568
11269726591732,11269726592281,549
11269726799303,11269726799863,560
11269727005701,11269727006255,554
11269727216865,11269727217426,561
11269727426291,11269727426844,553
11269727636531,11269727637073,542
11269727843918,11269727844423,505
11269728051429,11269728051955,526
11269728257088,11269728257639,551
11269728464046,11269728464576,530
11269728673842,11269728674376,534
11269728893196,11269728893789,593
11269729114714,11269729115318,604
11269729358696,11269729359267,571
11269729565387,11269729565927,540
11269729771377,11269729771955,578
11269729977123,11269729977834,711
11269730183245,11269730183814,569
11269730413077,11269730413682,605
11269730617811,11269730618375,564
11269730822917,11269730823460,543
11269731028486,11269731029024,538
11269731240826,11269731241374,548
11269731445950,11269731446509,559
11269731652710,11269731653238,528
11269731858033,11269731858607,574
11269732073888,11269732074446,558
11269732300369,11269732301100,731
11269732528405,11269732528901,496
11269732735718,11269732736257,539
11269732942027,11269732942552,525
11269733147055,11269733147595,540
11269733595891,11269733596417,526
11269733816459,11269733817021,562
11269734022913,11269734023418,505
11269734241773,11269734242347,574
11269734448944,11269734449487,543
11269734653167,11269734653735,568
11269734857114,11269734857677,563
11269735061084,11269735061595,511
11269735264727,11269735265276,549
11269735468631,11269735469157,526
11269735684144,11269735684700,556
11269735892446,11269735893021,575
11269736098694,11269736099263,569
11269736303737,11269736304297,560
11269736523417,11269736523987,570
11269736727253,11269736727797,544
11269736933094,11269736933615,521
11269737137119,11269737137629,510
11269737345379,11269737345888,509
11269737549825,11269737550509,684
11269737753895,11269737754448,553
11269737957909,11269737958475,566
11269738161768,11269738162327,559
11269738374671,11269738375274,603
11269738614493,11269738615156,663
11269738854516,11269738855143,627
11269739094711,11269739095324,613
11269739315982,11269739316643,661
11269739536296,11269739536938,642
11269739753165,11269739753828,663
11269739999611,11269740000273,662
11269740232500,11269740233174,674
11269740455116,11269740455784,668
11269740683240,11269740683841,601
11269740902176,11269740902774,598
11269741119401,11269741119990,589
11269741335555,11269741336132,577
11269741553502,11269741554123,621
11269741769659,11269741770301,642
11269741984835,11269741985424,589
11269742200827,11269742201424,597
11269742432487,11269742433116,629
11269742650382,11269742650997,615
11269742868066,11269742869089,1023
11269743085583,11269743086198,615
11269743303495,11269743304098,603
11269743519360,11269743519978,618
11269743736477,11269743737054,577
11269743952777,11269743953361,584
11269744169761,11269744170339,578
11269744385299,11269744385935,636
11269744603710,11269744604354,644
11269744820952,11269744821588,636
11269745037025,11269745037639,614
11269745253760,11269745254345,585
11269745469485,11269745470136,651
11269745738074,11269745738744,670
11269745963193,11269745963820,627
11269746181510,11269746182074,564
11269746399208,11269746399811,603
11269746616904,11269746617561,657
11269746834082,11269746834720,638
11269747050414,11269747051032,618
11269747266584,11269747267201,617
11269747482925,11269747483576,651
11269747698447,11269747699081,634
11269747914795,11269747915415,620
11269748158073,11269748158710,637
11269748379383,11269748379983,600
11269748595750,11269748596376,626
11269748809491,11269748810093,602
11269749035161,11269749035776,615
11269749251517,11269749252115,598
11269749474354,11269749475010,656
11269749695630,11269749696243,613
11269749910045,11269749910688,643
11269750124081,11269750124728,647
11269750337611,11269750338254,643
11269750551179,11269750551787,608
11269750766241,11269750766872,631
11269751221050,11269751221673,623
11269751440241,11269751440835,594
11269751655759,11269751656783,1024
11269751871025,11269751871658,633
11269752083411,11269752084027,616
11269752306551,11269752307192,641
11269752525180,11269752525831,651
11269752738998,11269752739618,620
11269752953571,11269752954165,594
11269753168348,11269753169005,657
11269753383726,11269753384333,607
11269753598356,11269753598959,603
11269753824376,11269753825037,661
11269754061184,11269754061861,677
11269754309121,11269754309813,692
11269754551940,11269754552597,657
11269754790077,11269754790696,619
11269755112033,11269755112715,682
11269755372230,11269755372880,650
11269755619717,11269755620369,652
11269755853972,11269755854585,613
11269756086938,11269756087564,626
11269756319641,11269756320279,638
11269756554134,11269756554742,608
11269756830653,11269756831512,859
11269757088251,11269757088963,712
11269757325478,11269757326123,645
11269757558558,11269757559172,614
11269757790233,11269757790860,627
11269758021049,11269758021664,615
11269758251743,11269758252381,638
11269758488725,11269758489353,628
11269758718816,11269758719410,594
11269758961327,11269758961956,629
11269759202526,11269759203107,581
11269759448637,11269759449244,607
11269759680750,11269759681332,582
11269759912463,11269759913046,583
11269760145507,11269760146091,584
11269760376837,11269760377415,578
11269760608019,11269760608617,598
11269760838437,11269760839056,619
11269761068217,11269761068791,574
11269761312104,11269761312747,643
11269761542428,11269761543047,619
11269761773105,11269761774022,917
11269762002314,11269762003102,788
11269762242870,11269762243583,713
11269762482313,11269762482949,636
11269762717707,11269762718317,610
11269762950033,11269762950622,589
11269763183244,11269763183872,628
11269763413598,11269763414154,556
11269763645602,11269763646212,610
11269763876949,11269763877544,595
11269764107094,11269764107720,626
11269764337204,11269764337816,612
11269764566612,11269764567221,609
11269764795534,11269764796379,845
11269765025390,11269765026212,822
11269765255618,11269765256293,675
11269765493275,11269765493880,605
11269765731214,11269765731862,648
11269765964959,11269765965632,673
11269766197111,11269766197731,620
11269766453450,11269766454050,600
11269766685720,11269766686343,623
11269766923171,11269766923790,619
11269767153883,11269767154511,628
11269767399231,11269767399849,618
11269767631585,11269767632216,631
11269767863355,11269767864011,656
11269768094947,11269768095586,639
11269768327054,11269768327673,619
11269768565740,11269768566401,661
11269768797412,11269768798026,614
11269769084719,11269769085553,834
11269769350598,11269769351227,629
11269769585360,11269769585977,617
11269769817787,11269769818698,911
11269770281841,11269770282562,721
11269770529225,11269770529884,659
11269770760518,11269770761139,621
11269770992076,11269770992667,591
11269771241771,11269771242480,709
11269771473150,11269771473779,629
11269771705521,11269771706146,625
11269771934808,11269771935465,657
11269772164522,11269772165114,592
11269772399729,11269772400352,623
11269772633576,11269772634160,584
11269772865597,11269772866191,594
11269773097334,11269773097953,619
11269773328902,11269773329544,642
11269773564598,11269773565464,866
11269773795895,11269773796640,745
11269774027835,11269774028475,640
11269774288581,11269774289354,773
11269774517909,11269774518645,736
11269774749367,11269774750044,677
11269774979779,11269774980416,637
11269775210826,11269775211473,647
11269775440636,11269775441455,819
11269775684357,11269775685038,681
11269775929474,11269775930171,697
11269776163246,11269776164103,857
11269776418321,11269776419020,699
11269776649297,11269776650186,889
11269776880452,11269776881168,716
11269777110584,11269777111245,661
11269777341069,11269777341899,830
11269777573469,11269777574141,672
11269777803260,11269777804067,807
11269778033363,11269778034026,663
11269778264476,11269778265289,813
11269778493302,11269778494008,706
11269778724263,11269778725090,827
11269779014346,11269779015022,676
11269779253717,11269779254378,661
11269779497400,11269779498131,731
11269779730951,11269779731812,861
11269779961487,11269779962169,682
11269780192960,11269780193744,784
11269780420724,11269780421418,694
11269780651073,11269780651734,661
11269780883369,11269780883990,621
11269781112724,11269781113573,849
11269781369327,11269781369967,640
11269781599878,11269781600671,793
11269781829640,11269781830301,661
11269782060774,11269782061435,661
11269782307559,11269782308906,1347
11269782548709,11269782549360,651
11269782782026,11269782782840,814
11269783014271,11269783014948,677
11269783247192,11269783248022,830
11269783479514,11269783480210,696
11269783709921,11269783710745,824
11269783937890,11269783938581,691
11269784167857,11269784168681,824
11269784402228,11269784402927,699
11269784636019,11269784636674,655
11269784868563,11269784869437,874
11269785099678,11269785100354,676
11269785344418,11269785345067,649
11269785589383,11269785590216,833
11269785823566,11269785824246,680
11269786055188,11269786056017,829
11269786286959,11269786287600,641
11269786520327,11269786520981,654
11269786753227,11269786754048,821
11269786983984,11269786984632,648
11269787215312,11269787215939,627
11269787470779,11269787471541,762
11269787700217,11269787700881,664
11269787931636,11269787932287,651
11269788162909,11269788163526,617
11269788399477,11269788400268,791
11269788629779,11269788630447,668
11269788861840,11269788862608,768
11269789103734,11269789104348,614
11269789342843,11269789343632,789
11269789584320,11269789584982,662
11269789893954,11269789894800,846
11269790139084,11269790139782,698
11269790384082,11269790384745,663
11269790632557,11269790633211,654
11269790875898,11269790876730,832
11269791116512,11269791117174,662
11269791378051,11269791378895,844
11269791621120,11269791621821,701
11269791865465,11269791866149,684
11269792107257,11269792108107,850
11269792357716,11269792358405,689
11269792604112,11269792604963,851
11269792843953,11269792844616,663
11269793090946,11269793091655,709
11269793338753,11269793339610,857
11269793582983,11269793583681,698
11269793825635,11269793826466,831
11269794066479,11269794067185,706
11269794318183,11269794319011,828
11269794560068,11269794560757,689
11269794802041,11269794802919,878
11269795042924,11269795043601,677
11269795286022,11269795286871,849
11269795560521,11269795561191,670
11269795805969,11269795806823,854
11269796047222,11269796047913,691
11269796300310,11269796301195,885
11269796539375,11269796540046,671
11269796783705,11269796784607,902
11269797024405,11269797025124,719
11269797267782,11269797268619,837
11269797508857,11269797509548,691
11269797750901,11269797751787,886
11269797993908,11269797994595,687
11269798233719,11269798234529,810
11269798480875,11269798481516,641
11269798723248,11269798723928,680
11269798992567,11269798993393,826
11269799244865,11269799245626,761
11269799490707,11269799491374,667
11269799735965,11269799736859,894
11269799980473,11269799981144,671
11269800228951,11269800229828,877
11269800484641,11269800485315,674
11269800728821,11269800729654,833
11269800969284,11269800969968,684
11269801212585,11269801213433,848
11269801465855,11269801466528,673
11269801712083,11269801712924,841
11269801951196,11269801951831,635
11269802195884,11269802197289,1405
11269802484870,11269802485550,680
11269802728419,11269802729254,835
11269802974134,11269802974780,646
11269803219035,11269803219891,856
11269803461315,11269803461995,680
11269803704241,11269803705094,853
11269803946854,11269803947527,673
11269804191381,11269804192254,873
11269804437132,11269804437825,693
11269804677380,11269804678226,846
11269804917987,11269804918673,686
11269805162964,11269805163805,841
11269805402122,11269805402873,751
11269805650301,11269805651145,844
11269805893906,11269805894615,709
11269806136961,11269806137777,816
11269806381522,11269806382225,703
11269806625525,11269806626381,856
11269806867568,11269806868259,691
11269807110930,11269807111770,840
11269807352426,11269807353154,728
11269807597083,11269807597929,846
11269807836281,11269807836945,664
11269808078344,11269808079170,826
11269808321812,11269808322549,737
11269808564925,11269808565763,838
11269808806879,11269808807557,678
11269809286064,11269809286835,771
11269809523106,11269809523808,702
11269809756732,11269809757562,830
11269809987768,11269809988407,639
11269810220500,11269810221312,812
11269810459620,11269810460269,649
11269810692638,11269810693445,807
11269810922680,11269810923358,678
11269811155294,11269811156124,830
11269811384796,11269811385447,651
11269811615196,11269811616007,811
11269811845146,11269811845812,666
11269812079862,11269812080720,858
11269812319615,11269812320285,670
11269812564918,11269812565685,767
11269812797103,11269812797738,635
11269813029676,11269813030503,827
11269813260512,11269813261164,652
11269813491089,11269813491915,826
11269813721028,11269813722256,1228
11269813952608,11269813953429,821
11269814181943,11269814182598,655
11269814417700,11269814418330,630
11269814649318,11269814650122,804
11269814878717,11269814879368,651
11269815108791,11269815109750,959
11269815338641,11269815339255,614
11269815575712,11269815576528,816
11269815807865,11269815808526,661
11269816041519,11269816042321,802
11269816272782,11269816273501,719
11269816510799,11269816511617,818
11269816744645,11269816745276,631
11269816981112,11269816981893,781
11269817211360,11269817211969,609
11269817446332,11269817447129,797
11269817718841,11269817719537,696
11269817953084,11269817953888,804
11269818187990,11269818188671,681
11269818419836,11269818420645,809
11269818649266,11269818649929,663
11269818893266,11269818894405,1139
11269819134491,11269819135163,672
11269819372643,11269819373440,797
11269819609805,11269819610463,658
11269819849875,11269819850660,785
11269820081009,11269820081689,680
11269820313183,11269820314009,826
11269820563754,11269820564449,695
11269820794902,11269820795691,789
11269821024393,11269821025054,661
11269821254578,11269821255358,780
11269821485777,11269821486484,707
11269821715894,11269821716729,835
11269821945173,11269821945837,664
11269822175288,11269822176075,787
11269822432529,11269822433222,693
11269822666711,11269822667517,806
11269822897261,11269822897890,629
11269823128930,11269823129750,820
11269823359794,11269823360409,615
11269823593579,11269823594342,763
11269823824026,11269823824695,669
11269824053789,11269824054613,824
11269824305834,11269824306447,613
11269824535698,11269824536472,774
11269824765689,11269824766280,591
11269824995875,11269824996623,748
11269825224109,11269825224744,635
11269825479930,11269825480730,800
11269825718986,11269825719624,638
11269825951439,11269825952433,994
11269826187805,11269826188476,671
11269826418859,11269826419678,819
11269826648156,11269826648793,637
11269826878025,11269826878830,805
11269827109482,11269827110142,660
11269827339159,11269827339998,839
11269827569466,11269827570106,640
11269827801383,11269827802171,788
11269828029523,11269828030186,663
11269828259605,11269828260446,841
11269828715799,11269828716463,664
11269828958623,11269828959433,810
11269829189958,11269829190589,631
11269829427824,11269829428652,828
11269829656850,11269829657495,645
11269829886708,11269829887496,788
11269830115310,11269830115945,635
11269830358235,11269830358982,747
11269830587102,11269830587744,642
11269830817073,11269830817861,788
11269831046061,11269831046720,659
11269831276372,11269831277227,855
11269831506412,11269831507100,688
11269831741285,11269831742093,808
11269831970648,11269831971259,611
11269832200954,11269832201731,777
11269832450557,11269832451262,705
11269832686020,11269832686840,820
11269832918240,11269832918911,671
11269833151134,11269833151962,828
11269833381379,11269833382067,688
11269833613218,11269833614054,836
11269833843736,11269833844394,658
11269834075076,11269834075881,805
11269834303571,11269834304230,659
11269834532942,11269834533760,818
11269834762426,11269834763095,669
11269834992517,11269834993303,786
11269835221182,11269835221860,678
11269835450861,11269835451655,794
11269835689148,11269835689834,686
11269835924727,11269835925602,875
11269836154802,11269836155505,703
11269836390662,11269836391469,807
11269836620230,11269836620938,708
11269836852823,11269836853625,802
11269837084258,11269837084903,645
11269837319044,11269837319798,754
11269837549787,11269837550453,666
11269837780752,11269837781578,826
11269838011366,11269838011982,616
11269838249255,11269838250056,801
11269838477770,11269838478407,637
11269838716535,11269838717330,795
11269838955225,11269838955938,713
11269839190336,11269839191181,845
11269839421860,11269839422593,733
11269839656764,11269839657568,804
11269839887999,11269839888654,655
11269840120583,11269840121422,839
11269840349976,11269840350695,719
11269840588396,11269840589227,831
11269840817501,11269840818194,693
11269841049327,11269841050193,866
11269841279212,11269841279842,630
11269841509799,11269841510638,839
11269841739239,11269841739873,634
11269841970259,11269841971094,835
11269842199331,11269842200329,998
11269842464591,11269842465498,907
11269842697773,11269842698420,647
11269842932178,11269842933017,839
11269843162967,11269843163638,671
11269843396349,11269843397176,827
11269843629056,11269843629743,687
11269843859482,11269843860299,817
11269844087675,11269844088360,685
11269844319292,11269844320080,788
11269844548883,11269844549521,638
11269844779311,11269844780103,792
11269845011505,11269845012158,653
11269845241194,11269845241974,780
11269845470694,11269845471374,680
11269845707981,11269845708833,852
11269845938533,11269845939187,654
11269846168735,11269846169533,798
11269846398780,11269846399427,647
11269846630123,11269846630944,821
11269846859706,11269846860360,654
11269847091313,11269847092147,834
11269847554134,11269847554793,659
11269847787104,11269847787953,849
11269848016589,11269848017248,659
11269848246641,11269848247449,808
11269848474440,11269848475104,664
11269848705021,11269848705847,826
11269848943080,11269848943745,665
11269849176533,11269849177397,864
11269849410473,11269849411127,654
11269849644090,11269849644891,801
11269849874723,11269849875448,725
11269850107494,11269850108310,816
11269850338806,11269850339415,609
11269850575048,11269850575839,791
11269850806199,11269850806849,650
11269851037569,11269851038401,832
11269851274739,11269851275380,641
11269851505987,11269851506761,774
11269851734359,11269851734997,638
11269851966005,11269851966803,798
11269852194931,11269852195534,603
11269852450239,11269852451067,828
11269852682926,11269852683563,637
11269852916542,11269852917341,799
11269853149412,11269853150032,620
11269853383445,11269853384277,832
11269853615409,11269853616053,644
11269853846728,11269853847501,773
11269854077487,11269854078136,649
11269854308259,11269854309065,806
11269854542700,11269854543334,634
11269854773732,11269854774538,806
11269855002232,11269855002831,599
11269855232374,11269855233196,822
11269855461039,11269855461749,710
11269855699928,11269855700796,868
11269855933678,11269855934388,710
11269856167284,11269856168133,849
11269856398780,11269856399405,625
11269856631562,11269856632393,831
11269856862099,11269856862765,666
11269857092647,11269857093491,844
11269857322475,11269857323180,705
11269857553039,11269857553867,828
11269857784443,11269857785122,679
11269858014964,11269858015802,838
11269858246770,11269858247500,730
11269858477596,11269858478453,857
11269858707495,11269858708183,688
11269858948862,11269858949738,876
11269859180977,11269859181644,667
11269859414173,11269859415031,858
11269859646672,11269859647339,667
11269859879675,11269859880510,835
11269860109968,11269860110674,706
11269860341381,11269860342194,813
11269860572097,11269860572781,684
11269860802751,11269860803581,830
11269861032754,11269861033415,661
11269861264765,11269861265588,823
11269861493489,11269861494148,659
11269861724171,11269861724987,816
11269861953375,11269861954017,642
11269862184165,11269862185007,842
11269862425982,11269862426672,690
11269862660505,11269862661364,859
11269862892550,11269862893218,668
11269863127338,11269863128168,830
11269863357679,11269863358337,658
11269863590748,11269863591566,818
11269863821615,11269863822270,655
11269864057566,11269864058386,820
11269864288733,11269864289450,717
11269864529002,11269864529837,835
11269864760440,11269864761136,696
11269864991681,11269864992526,845
11269865220723,11269865221415,692
11269865464497,11269865465332,835
11269865700018,11269865700738,720
11269865934414,11269865935251,837
11269866166250,11269866166918,668
11269866399219,11269866400051,832
11269866630660,11269866631325,665
11269867083552,11269867084410,858
11269867318540,11269867319201,661
11269867564195,11269867565046,851
11269867795044,11269867795749,705
11269868026079,11269868026914,835
11269868256627,11269868257312,685
11269868487582,11269868488412,830
11269868718260,11269868718936,676
11269868958603,11269868959457,854
11269869190323,11269869190962,639
11269869423674,11269869424510,836
11269869654707,11269869655369,662
11269869887802,11269869888682,880
11269870121052,11269870121730,678
11269870355085,11269870355934,849
11269870584665,11269870585316,651
11269870815283,11269870816077,794
11269871045624,11269871046241,617
11269871276957,11269871277776,819
11269871507058,11269871507685,627
11269871741284,11269871742097,813
11269871970767,11269871971415,648
11269872201556,11269872202388,832
11269872444024,11269872444718,694
11269872678179,11269872679351,1172
11269872910765,11269872911498,733
11269873143298,11269873144147,849
11269873379164,11269873379821,657
11269873612210,11269873613029,819
11269873843008,11269873843668,660
11269874074976,11269874075829,853
11269874305158,11269874305795,637
11269874549932,11269874550775,843
11269874780725,11269874781399,674
11269875011649,11269875012490,841
11269875246422,11269875247091,669
11269875479378,11269875480203,825
11269875717822,11269875718488,666
11269875952967,11269875953780,813
11269876184989,11269876185658,669
11269876421723,11269876422581,858
11269876652652,11269876653289,637
11269876885041,11269876885835,794
11269877113933,11269877114588,655
11269877349467,11269877350299,832
11269877579351,11269877580002,651
11269877811236,11269877812054,818
11269878040898,11269878041622,724
11269878272937,11269878273786,849
11269878521548,11269878522204,656
11269878753701,11269878754532,831
11269878994358,11269878995041,683
11269879238885,11269879239762,877
11269879468025,11269879468676,651
11269879700572,11269879701391,819
11269879931487,11269879932124,637
11269880162510,11269880163337,827
11269880399061,11269880399715,654
11269880630152,11269880630973,821
11269880859897,11269880860550,653
11269881092050,11269881092902,852
11269881328234,11269881328879,645
11269881558828,11269881559627,799
11269881788055,11269881788704,649
11269882018619,11269882019474,855
11269882254387,11269882255042,655
11269882487966,11269882488819,853
11269882720674,11269882721310,636
11269882952614,11269882953405,791
11269883183550,11269883184198,648
11269883417578,11269883418403,825
11269883647854,11269883648471,617
11269883878828,11269883879660,832
11269884109429,11269884110067,638
11269884340375,11269884341201,826
11269884571126,11269884571766,640
11269884802390,11269884803203,813
11269885031658,11269885032262,604
11269885262972,11269885263782,810
11269885491449,11269885492085,636
11269885730183,11269885731017,834
11269885960141,11269885960785,644
11269886191171,11269886192022,851
11269886653679,11269886654332,653
11269886888255,11269886889134,879
11269887118235,11269887118863,628
11269887349710,11269887350547,837
11269887579829,11269887580510,681
11269887813500,11269887814339,839
11269888043247,11269888043882,635
11269888274239,11269888275045,806
11269888505441,11269888506087,646
11269888736674,11269888737499,825
11269888982028,11269888982662,634
11269889215633,11269889216503,870
11269889446903,11269889447568,665
11269889686918,11269889687981,1063
11269889989172,11269889989879,707
11269890232657,11269890233471,814
11269890445725,11269890446397,672
11269890656333,11269890657094,761
11269890876354,11269890877001,647
11269891086037,11269891086781,744
11269891318689,11269891319340,651
11269891576045,11269891576863,818
11269891811516,11269891812183,667
11269892045982,11269892046802,820
11269892296199,11269892296906,707
11269892541168,11269892542028,860
11269892781254,11269892781954,700
11269893020966,11269893021783,817
11269893255898,11269893256629,731
11269893513812,11269893514645,833
11269893756379,11269893757024,645
11269894002257,11269894003028,771
11269894238312,11269894239011,699
11269894505989,11269894506795,806
11269894786040,11269894786925,885
11269895063500,11269895064546,1046
11269895335406,11269895336161,755
11269895605771,11269895606987,1216
11269895908583,11269895909301,718
11269896251333,11269896253168,1835
11269896592002,11269896593162,1160
11269896963473,11269896964856,1383
11269897298770,11269897299718,948
11269897633627,11269897634589,962
11269897920618,11269897921460,842
11269898184095,11269898185013,918
11269898470242,11269898470985,743
11269898738276,11269898739366,1090
11269899015250,11269899016046,796
11269899287413,11269899288331,918
11269899543509,11269899544197,688
11269899790214,11269899791074,860
11269900038709,11269900039403,694
11269900307910,11269900308864,954
11269900569079,11269900569816,737
11269900824378,11269900825184,806
11269901074966,11269901075678,712
11269901315529,11269901316393,864
11269901553772,11269901554437,665
11269901789123,11269901790655,1532
11269902023030,11269902023715,685
11269902286928,11269902287777,849
11269902534400,11269902535133,733
11269902777142,11269902778020,878
11269903026521,11269903027293,772
11269903305720,11269903306684,964
11269903557500,11269903558210,710
11269903822130,11269903823077,947
11269904079980,11269904080658,678
11269904339238,11269904340100,862
11269904578874,11269904579541,667
11269904814294,11269904815066,772
11269905049178,11269905049904,726
11269905288196,11269905289004,808
11269905578477,11269905579519,1042
11269905895480,11269905896247,767
11269906136975,11269906137566,591
11269906367202,11269906367950,748
11269906574021,11269906574600,579
11269907106462,11269907107287,825
11269907342038,11269907342621,583
11269907559367,11269907560110,743
11269907817277,11269907818093,816
11269908101297,11269908102268,971
11269908375542,11269908376227,685
11269908647282,11269908648234,952
11269908929129,11269908929758,629
11269909176006,11269909176850,844
11269909428203,11269909428791,588
11269909681966,11269909682758,792
11269909919423,11269909920008,585
11269910145037,11269910145732,695
11269910385119,11269910385677,558
11269910611060,11269910611796,736
11269910854284,11269910855126,842
11269911084319,11269911085027,708
11269911299330,11269911299916,586
11269911530985,11269911531686,701
11269911738328,11269911738900,572
11269911991605,11269911992391,786
11269912224129,11269912224787,658
11269912442505,11269912443191,686
11269912654375,11269912654965,590
11269912865074,11269912865840,766
11269913074102,11269913074712,610
11269913291721,11269913292526,805
11269913502458,11269913503643,1185
11269913712007,11269913712787,780
11269913923188,11269913923764,576
11269914135868,11269914136619,751
11269914342356,11269914342879,523
11269914553192,11269914553917,725
11269914763416,11269914763950,534
11269914976251,11269914976948,697
11269915184981,11269915185521,540
11269915414190,11269915414890,700
11269915686767,11269915687373,606
11269915931393,11269915959433,28040
11269916239788,11269916240378,590
11269916472022,11269916472735,713
11269916765227,11269916765948,721
11269917021902,11269917022772,870
11269917264039,11269917264723,684
11269917499683,11269917500550,867
11269917766145,11269917766864,719
11269918005758,11269918006622,864
11269918238708,11269918239374,666
11269918485406,11269918486199,793
11269918715245,11269918715893,648
11269918968027,11269918968940,913
11269919202658,11269919203345,687
11269919434923,11269919435788,865
11269919665615,11269919666277,662
11269919897763,11269919898605,842
11269920127377,11269920128063,686
11269920361940,11269920362814,874
11269920590321,11269920590992,671
11269920820256,11269920821063,807
11269921048470,11269921049154,684
11269921279087,11269921279858,771
11269921509338,11269921510027,689
11269921740943,11269921741760,817
11269921971368,11269921972010,642
11269922203139,11269922203962,823
11269922505528,11269922506164,636
11269922772720,11269922773541,821
11269923005301,11269923005972,671
11269923236214,11269923237037,823
11269923479998,11269923480668,670
11269923711010,11269923711810,800
11269923940258,11269923940924,666
11269924196136,11269924196982,846
11269924446049,11269924446734,685
11269924681079,11269924681945,866
11269924915297,11269924915937,640
11269925149615,11269925150450,835
11269925392792,11269925393461,669
11269925637498,11269925638355,857
11269925872782,11269925873442,660
11269926105842,11269926106658,816
11269926350241,11269926350860,619
11269926583227,11269926584089,862
11269927043483,11269927044118,635
11269927279750,11269927280542,792
11269927512032,11269927512687,655
11269927746031,11269927746834,803
11269927977104,11269927977751,647
11269928209034,11269928209831,797
11269928439648,11269928440493,845
11269928670373,11269928671168,795
11269928909781,11269928910379,598
11269929144882,11269929145699,817
11269929391151,11269929391771,620
11269929624508,11269929625260,752
11269929856278,11269929856929,651
11269930092370,11269930093175,805
11269930324358,11269930325043,685
11269930557645,11269930558455,810
11269930788874,11269930789510,636
11269931021259,11269931022055,796
11269931251720,11269931252361,641
11269931485785,11269931486580,795
11269931715930,11269931716545,615
11269931945966,11269931946783,817
11269932174784,11269932175400,616
11269932414313,11269932415136,823
11269932649749,11269932650400,651
11269932908799,11269932909668,869
11269933160168,11269933160921,753
11269933400668,11269933401524,856
11269933633277,11269933633951,674
11269933866047,11269933866851,804
11269934096618,11269934097250,632
11269934350801,11269934351564,763
11269934581080,11269934581684,604
11269934814096,11269934814917,821
11269935044666,11269935045339,673
11269935276173,11269935277008,835
11269935523116,11269935523778,662
11269935770589,11269935771433,844
11269936005562,11269936006229,667
11269936240201,11269936241012,811
11269936472391,11269936473035,644
11269936706196,11269936707024,828
11269936938192,11269936938861,669
11269937174184,11269937174996,812
11269937421759,11269937422406,647
11269937653809,11269937654622,813
11269937884250,11269937884893,643
11269938115114,11269938115901,787
11269938361948,11269938362581,633
11269938592841,11269938593678,837
11269938823374,11269938824022,648
11269939059844,11269939060699,855
11269939292470,11269939293134,664
11269939523334,11269939524221,887
11269939754978,11269939755633,655
11269939986653,11269939987522,869
11269940216113,11269940216804,691
11269940448219,11269940449062,843
11269940678118,11269940678827,709
11269940908783,11269940909584,801
11269941138610,11269941139323,713
11269941390606,11269941391489,883
11269941620898,11269941621597,699
11269941852111,11269941852909,798
11269942083570,11269942084224,654
11269942351358,11269942352174,816
11269942590362,11269942591040,678
11269942828685,11269942829572,887
11269943059670,11269943060408,738
11269943290772,11269943291616,844
11269943530427,11269943531193,766
11269943762307,11269943763157,850
11269943992215,11269943992881,666
11269944223323,11269944224728,1405
11269944459992,11269944460656,664
11269944690151,11269944690993,842
11269944919477,11269944920184,707
11269945161682,11269945162528,846
11269945392537,11269945393224,687
11269945631668,11269945632495,827
11269945863155,11269945863840,685
11269946317683,11269946318526,843
11269946551131,11269946551833,702
11269946783297,11269946784118,821
11269947013810,11269947014534,724
11269947245831,11269947246707,876
11269947480348,11269947481029,681
11269947710807,11269947711691,884
11269947940224,11269947940900,676
11269948170127,11269948170969,842
11269948398426,11269948399107,681
11269948627265,11269948628116,851
11269948855497,11269948856171,674
11269949096933,11269949097826,893
11269949337472,11269949338166,694
11269949571758,11269949572599,841
11269949803888,11269949804565,677
11269950037749,11269950038559,810
11269950269831,11269950270495,664
11269950509415,11269950510255,840
11269950740740,11269950741390,650
11269950971860,11269950972715,855
11269951201383,11269951202047,664
11269951432726,11269951433527,801
11269951663101,11269951663749,648
11269951894341,11269951895187,846
11269952124394,11269952125076,682
11269952394031,11269952394885,854
11269952627804,11269952628555,751
11269952860997,11269952861852,855
11269953091624,11269953092289,665
11269953331538,11269953332378,840
11269953561918,11269953562587,669
11269953791031,11269953791919,888
11269954020765,11269954021454,689
11269954250828,11269954251674,846
11269954482014,11269954482703,689
11269954713489,11269954714320,831
11269954943118,11269954943806,688
11269955173436,11269955174293,857
11269955402596,11269955403263,667
11269955641261,11269955642074,813
11269955872569,11269955873221,652
11269956103101,11269956103905,804
11269956333743,11269956334382,639
11269956564613,11269956565426,813
11269956793314,11269956793959,645
11269957023373,11269957024206,833
11269957252443,11269957253089,646
11269957483808,11269957484635,827
11269957713412,11269957714163,751
11269957943233,11269957944033,800
11269958172591,11269958173256,665
11269958403135,11269958403957,822
11269958632418,11269958633101,683
11269958862509,11269958863349,840
11269959103291,11269959103946,655
11269959337537,11269959338377,840
11269959570067,11269959570783,716
11269959803754,11269959804577,823
11269960036691,11269960037346,655
11269960274643,11269960275446,803
11269960505519,11269960506223,704
11269960740383,11269960741267,884
11269960972027,11269960972723,696
11269961219184,11269961220076,892
11269961449167,11269961449870,703
11269961678384,11269961679244,860
11269961907519,11269961908159,640
11269962137751,11269962138622,871
11269962373972,11269962374877,905
11269962607039,11269962607913,874
11269962836358,11269962837061,703
11269963066038,11269963066849,811
11269963293901,11269963294535,634
11269963522312,11269963523113,801
11269963750907,11269963751565,658
11269963980185,11269963980971,786
11269964209040,11269964209700,660
11269964437054,11269964437874,820
11269964665612,11269964666261,649
11269964894399,11269964895207,808
11269965121681,11269965122834,1153
11269965590860,11269965591672,812
11269965822905,11269965823596,691
11269966054779,11269966055624,845
11269966284005,11269966284685,680
11269966515298,11269966516139,841
11269966744347,11269966745018,671
11269966974382,11269966975192,810
11269967202753,11269967203398,645
11269967432338,11269967433192,854
11269967660498,11269967661169,671
11269967890881,11269967891720,839
11269968119151,11269968119806,655
11269968357154,11269968357965,811
11269968584662,11269968585306,644
11269968814620,11269968815450,830
11269969049160,11269969049811,651
11269969280606,11269969281445,839
11269969522722,11269969523368,646
11269969753285,11269969754069,784
11269969981709,11269969982328,619
11269970211862,11269970212841,979
11269970440599,11269970441248,649
11269970669221,11269970670068,847
11269970897814,11269970898461,647
11269971126712,11269971127532,820
11269971365249,11269971365921,672
11269971594927,11269971595732,805
11269971822449,11269971823143,694
11269972051269,11269972052084,815
11269972286431,11269972287075,644
11269972518851,11269972519672,821
11269972749578,11269972750254,676
11269972980699,11269972981514,815
11269973213392,11269973214029,637
11269973445270,11269973446106,836
11269973675780,11269973676453,673
11269973905764,11269973906565,801
11269974134157,11269974134768,611
11269974370818,11269974371810,992
11269974601325,11269974601954,629
11269974832170,11269974832964,794
11269975061875,11269975062509,634
11269975298218,11269975299035,817
11269975525834,11269975526481,647
11269975767124,11269975767985,861
11269975998697,11269975999352,655
11269976231634,11269976232478,844
11269976463659,11269976464324,665
11269976696648,11269976697459,811
11269976927426,11269976928080,654
11269977159182,11269977159983,801
11269977396155,11269977396822,667
11269977627133,11269977627955,822
11269977856409,11269977857061,652
11269978087082,11269978087866,784
11269978315919,11269978316555,636
11269978546228,11269978547066,838
11269978776309,11269978777067,758
11269979014844,11269979015722,878
11269979247753,11269979248437,684
11269979481303,11269979482111,808
11269979711882,11269979712503,621
11269979943711,11269979944540,829
11269980176655,11269980177322,667
11269980406957,11269980407743,786
11269980635495,11269980636104,609
11269980867231,11269980868030,799
11269981096902,11269981097559,657
11269981326047,11269981326849,802
11269981554475,11269981555186,711
11269981785025,11269981785808,783
11269982015070,11269982015711,641
11269982253885,11269982254696,811
11269982495445,11269982496103,658
11269982728814,11269982729622,808
11269982960254,11269982960921,667
11269983192829,11269983193649,820
11269983426547,11269983427208,661
11269983658158,11269983658948,790
11269983887278,11269983887955,677
11269984122092,11269984122901,809
11269984350158,11269984350842,684
11269984803517,11269984804367,850
11269985036532,11269985037197,665
11269985265870,11269985266817,947
11269985494299,11269985494966,667
11269985730026,11269985730813,787
11269985961095,11269985961749,654
11269986191743,11269986192551,808
11269986420523,11269986421139,616
11269986651085,11269986651942,857
11269986880788,11269986881473,685
11269987111153,11269987111954,801
11269987340766,11269987341443,677
11269987583518,11269987584333,815
11269987813412,11269987814119,707
11269988042697,11269988043500,803
11269988275851,11269988276473,622
11269988506139,11269988506932,793
11269988734843,11269988735460,617
11269988974213,11269988975048,835
11269989205850,11269989206516,666
11269989437268,11269989438065,797
11269989666215,11269989666854,639
11269989897029,11269989897910,881
11269990127515,11269990128146,631
11269990358125,11269990358910,785
11269990587480,11269990588117,637
11269990817955,11269990818765,810
11269991046465,11269991047100,635
11269991275756,11269991276537,781
11269991503577,11269991504208,631
11269991733373,11269991734200,827
11269991963104,11269991963750,646
11269992192649,11269992193415,766
11269992454108,11269992454804,696
11269992691621,11269992692663,1042
11269992925275,11269992925945,670
11269993159098,11269993159914,816
11269993390987,11269993391641,654
11269993630385,11269993631211,826
11269993863039,11269993863707,668
11269994094046,11269994094861,815
11269994323387,11269994324012,625
11269994558714,11269994559475,761
11269994787540,11269994788190,650
11269995019579,11269995020407,828
11269995248947,11269995249608,661
11269995479311,11269995480667,1356
11269995715398,11269995716001,603
11269995949356,11269995950201,845
11269996181042,11269996181711,669
11269996418719,11269996419525,806
11269996648003,11269996648654,651
11269996879598,11269996880439,841
11269997108995,11269997109632,637
11269997354396,11269997355235,839
11269997585063,11269997585706,643
11269997816096,11269997816898,802
11269998045235,11269998045939,704
11269998276427,11269998277204,777
11269998504483,11269998505123,640
11269998734526,11269998735340,814
11269998971673,11269998972325,652
11269999202973,11269999203816,843
11269999432436,11269999433085,649
11269999662872,11269999663694,822
11269999892494,11269999893156,662
11270000123341,11270000124132,791
11270000353784,11270000354478,694
11270000585630,11270000586441,811
11270000814142,11270000814835,693
11270001045827,11270001046646,819
11270001276173,11270001276877,704
11270001506425,11270001507285,860
11270001736185,11270001736875,690
11270001967934,11270001968736,802
11270002198619,11270002199275,656
11270002437065,11270002437945,880
11270002669592,11270002670312,720
11270002902143,11270002903042,899
11270003131467,11270003132222,755
11270003590958,11270003591827,869
11270003825815,11270003826547,732
11270004058204,11270004058975,771
11270004288270,11270004288927,657
11270004519013,11270004519880,867
11270004748053,11270004748743,690
11270004979681,11270004980527,846
11270005208196,11270005208867,671
11270005437494,11270005438332,838
11270005714902,11270005715643,741
11270005954760,11270005955600,840
11270006188723,11270006189373,650
11270006421774,11270006422603,829
11270006654244,11270006654911,667
11270006887567,11270006888373,806
11270007119465,11270007120107,642
11270007350442,11270007351261,819
11270007581121,11270007581783,662
11270007816923,11270007817736,813
11270008048928,11270008049572,644
11270008281682,11270008282491,809
11270008512622,11270008513306,684
11270008743621,11270008744443,822
11270008981340,11270008982022,682
11270009215872,11270009216720,848
11270009449015,11270009449692,677
11270009682247,11270009683104,857
11270009913701,11270009914352,651
11270010147335,11270010148171,836
11270010377304,11270010377985,681
11270010607808,11270010608634,826
11270010838598,11270010839245,647
11270011069672,11270011070481,809
11270011299780,11270011300417,637
11270011531252,11270011532106,854
11270011766110,11270011766781,671
11270011997007,11270011997829,822
11270012237147,11270012237805,658
11270012472320,11270012473122,802
11270012703892,11270012704515,623
11270012935759,11270012936625,866
11270013167899,11270013168539,640
11270013401182,11270013402010,828
11270013633238,11270013633851,613
11270013866159,11270013866928,769
11270014094695,11270014095392,697
11270014325236,11270014326032,796
11270014555159,11270014555780,621
11270014786132,11270014786996,864
11270015016949,11270015017588,639
11270015247984,11270015248757,773
11270015477402,11270015478059,657
11270015713896,11270015714723,827
11270015945136,11270015945917,781
11270016176708,11270016177506,798
11270016406108,11270016406783,675
11270016639271,11270016640045,774
11270016868247,11270016868890,643
11270017099209,11270017099985,776
11270017329159,11270017329769,610
11270017566248,11270017567055,807
11270017795866,11270017796499,633
11270018025174,11270018025939,765
11270018254655,11270018255343,688
11270018491779,11270018492577,798
11270018721953,11270018722591,638
11270018960704,11270018961496,792
11270019192440,11270019193120,680
11270019423098,11270019423922,824
11270019653984,11270019654634,650
11270019884332,11270019885180,848
11270020113838,11270020114499,661
11270020345758,11270020346609,851
11270020575878,11270020576507,629
11270020806870,11270020807687,817
11270021037282,11270021037914,632
11270021269401,11270021270220,819
11270021498228,11270021498846,618
11270021728290,11270021729062,772
11270021959009,11270021959632,623
11270022189333,11270022190141,808
11270022656744,11270022657377,633
11270022893411,11270022894201,790
11270023124851,11270023125562,711
11270023358838,11270023359656,818
11270023601654,11270023602344,690
11270023834937,11270023835762,825
11270024066023,11270024066670,647
11270024298779,11270024299566,787
11270024528016,11270024528650,634
11270024759203,11270024759987,784
11270024988317,11270024988984,667
11270025218690,11270025219471,781
11270025448718,11270025449389,671
11270025687764,11270025688600,836
11270025922122,11270025923190,1068
11270026157183,11270026158001,818
11270026388962,11270026389658,696
11270026622240,11270026623105,865
11270026855858,11270026856486,628
11270027088429,11270027089290,861
11270027317878,11270027318539,661
11270027548273,11270027549056,783
11270027777840,11270027778498,658
11270028009941,11270028010734,793
11270028239480,11270028240101,621
11270028470872,11270028471691,819
11270028701508,11270028702163,655
11270028944937,11270028945793,856
11270029177736,11270029178393,657
11270029410853,11270029411655,802
11270029642215,11270029642862,647
11270029875373,11270029876192,819
11270030107709,11270030108372,663
11270030339462,11270030340307,845
11270030570602,11270030571232,630
11270030802944,11270030803748,804
11270031033745,11270031034371,626
11270031269340,11270031270171,831
11270031506674,11270031507294,620
11270031737178,11270031737925,747
11270031966668,11270031967326,658
11270032203311,11270032204068,757
11270032441385,11270032442131,746
11270032675486,11270032676293,807
11270032908750,11270032909390,640
11270033140428,11270033141230,802
11270033388141,11270033389052,911
11270033622241,11270033623031,790
11270033857193,11270033857851,658
11270034091558,11270034092354,796
11270034324485,11270034325161,676
11270034555082,11270034556019,937
11270034783134,11270034783822,688
11270035012997,11270035013796,799
11270035241534,11270035242166,632
11270035469944,11270035470733,789
11270035703294,11270035703944,650
11270035934071,11270035934865,794
11270036161529,11270036162164,635
11270036390910,11270036391674,764
11270036620342,11270036620980,638
11270036849606,11270036850417,811
11270037076371,11270037077026,655
11270037306502,11270037307303,801
11270037541921,11270037542532,611
11270037771560,11270037772393,833
11270037999700,11270038000333,633
11270038234629,11270038235394,765
11270038462458,11270038463080,622
11270038692640,11270038693395,755
11270038927804,11270038928483,679
11270039159622,11270039160409,787
11270039391907,11270039392542,635
11270039623631,11270039624419,788
11270039855319,11270039856054,735
11270040087258,11270040088046,788
11270040325561,11270040326237,676
11270040558217,11270040559005,788
11270040786628,11270040787291,663
11270041017857,11270041018668,811
11270041247706,11270041248349,643
11270041484236,11270041484965,729
11270041942424,11270041943025,601
11270042175034,11270042175838,804
11270042409520,11270042410209,689
11270042640482,11270042641303,821
11270042868236,11270042868887,651
11270043098055,11270043098857,802
11270043326699,11270043327325,626
11270043555933,11270043556739,806
11270043784430,11270043785065,635
11270044014321,11270044015254,933
11270044243282,11270044243874,592
11270044471955,11270044472753,798
11270044700373,11270044701035,662
11270044930617,11270044931433,816
11270045157939,11270045158584,645
11270045387707,11270045388544,837
11270045623353,11270045623956,603
11270045854543,11270045855339,796
11270046088163,11270046088802,639
11270046317924,11270046318693,769
11270046547913,11270046548550,637
11270046776825,11270046778058,1233
11270047006106,11270047006770,664
11270047236481,11270047237235,754
11270047464722,11270047465359,637
11270047694262,11270047695071,809
11270047923722,11270047924348,626
11270048153235,11270048154056,821
11270048383928,11270048384562,634
11270048612517,11270048613333,816
11270048839721,11270048840334,613
11270049074325,11270049075165,840
11270049312723,11270049313405,682
11270049543555,11270049544388,833
11270049773315,11270049773960,645
11270050004226,11270050005003,777
11270050231768,11270050232382,614
11270050461407,11270050462256,849
11270050691117,11270050691745,628
11270050921793,11270050922614,821
11270051150691,11270051151355,664
11270051380827,11270051381608,781
11270051610258,11270051610877,619
11270051840759,11270051841553,794
11270052071725,11270052072386,661
11270052312229,11270052313027,798
11270052543528,11270052544144,616
11270052774928,11270052775741,813
11270053003926,11270053004528,602
11270053234831,11270053235621,790
11270053463333,11270053464008,675
11270053692885,11270053693698,813
11270053921040,11270053921691,651
11270054151851,11270054152638,787
11270054379531,11270054380171,640
11270054614051,11270054614878,827
11270054843430,11270054844088,658
11270055072471,11270055073277,806
11270055302267,11270055302911,644
11270055531909,11270055532827,918
11270055769927,11270055770593,666
11270056002417,11270056003239,822
11270056233610,11270056234277,667
11270056466781,11270056467541,760
11270056698434,11270056699085,651
11270056929238,11270056930007,769
11270057158435,11270057159091,656
11270057389571,11270057390382,811
11270057619263,11270057620249,986
11270057851979,11270057852716,737
11270058081075,11270058081717,642
11270058312564,11270058313376,812
11270058544523,11270058545124,601
11270058774925,11270058775696,771
11270059012134,11270059012819,685
11270059246012,11270059246863,851
11270059478098,11270059478791,693
11270059710170,11270059710981,811
11270059942617,11270059943297,680
11270060175568,11270060176374,806
11270060407219,11270060407848,629
11270060639656,11270060640442,786
11270060870415,11270060871037,622
11270061327954,11270061328743,789
11270061560891,11270061561589,698
11270061791928,11270061792754,826
11270062021872,11270062022528,656
11270062260193,11270062261063,870
11270062491685,11270062492409,724
11270062724804,11270062725649,845
11270062956236,11270062956904,668
11270063193471,11270063194295,824
11270063426299,11270063426966,667
11270063658601,11270063659393,792
11270063889408,11270063890069,661
11270064121462,11270064122246,784
11270064351373,11270064352026,653
11270064583051,11270064583869,818
11270064813273,11270064813908,635
11270065043818,11270065044661,843
11270065272836,11270065273476,640
11270065501379,11270065502215,836
11270065735733,11270065736391,658
11270065967994,11270065968868,874
11270066198202,11270066198881,679
11270066428931,11270066429758,827
11270066659726,11270066660342,616
11270066890161,11270066890982,821
11270067119177,11270067119798,621
11270067349936,11270067350744,808
11270067585899,11270067586536,637
11270067817379,11270067818199,820
11270068047103,11270068047696,593
11270068284032,11270068284830,798
11270068512340,11270068512956,616
11270068742284,11270068743114,830
11270068979194,11270068979845,651
11270069211400,11270069212439,1039
11270069441384,11270069442049,665
11270069671736,11270069672603,867
11270069900392,11270069901055,663
11270070130974,11270070131776,802
11270070360068,11270070360710,642
11270070592440,11270070593237,797
11270070821027,11270070821632,605
11270071051369,11270071052146,777
11270071287520,11270071288157,637
11270071519022,11270071519829,807
11270071750106,11270071750726,620
11270071980339,11270071981138,799
11270072216635,11270072217272,637
11270072454809,11270072455628,819
11270072684976,11270072685785,809
11270072918311,11270072919211,900
11270073151245,11270073151873,628
11270073384997,11270073385819,822
11270073614407,11270073615061,654
11270073845529,11270073846326,797
11270074075899,11270074076581,682
11270074306206,11270074307005,799
11270074535624,11270074536266,642
11270074766065,11270074766836,771
11270074995103,11270074995738,635
11270075233789,11270075234623,834
11270075465728,11270075466401,673
11270075702898,11270075703704,806
11270075933939,11270075934601,662
11270076166159,11270076166963,804
11270076396639,11270076397299,660
11270076626537,11270076627365,828
11270076857057,11270076858192,1135
11270077088751,11270077089525,774
11270077319033,11270077319655,622
11270077550258,11270077551092,834
11270077779431,11270077780094,663
11270078014333,11270078015145,812
11270078244302,11270078244977,675
11270078474885,11270078475722,837
11270078713755,11270078714791,1036
11270078989859,11270078990744,885
11270079232297,11270079233023,726
11270079466181,11270079467053,872
11270079697755,11270079698532,777
11270079929121,11270079929985,864
11270080393103,11270080393839,736
11270080676567,11270080677475,908
11270080918787,11270080919555,768
11270081167362,11270081168254,892
11270081385630,11270081386330,700
11270081596339,11270081597165,826
11270081803341,11270081803954,613
11270082010812,11270082011533,721
11270082228337,11270082228972,635
11270082438712,11270082439518,806
11270082645556,11270082646169,613
11270082852390,11270082853133,743
11270083058983,11270083059610,627
11270083265120,11270083265833,713
11270083469513,11270083470160,647
11270083674515,11270083675273,758
11270083880474,11270083881041,567
11270084085115,11270084085844,729
11270084288907,11270084289497,590
11270084494674,11270084495408,734
11270084699097,11270084699680,583
11270084905547,11270084906296,749
11270085111126,11270085111720,594
11270085315952,11270085316671,719
11270085519663,11270085520265,602
11270085753858,11270085754618,760
11270085963533,11270085964171,638
11270086170870,11270086171664,794
11270086376706,11270086377321,615
11270086584044,11270086584786,742
11270086788413,11270086788955,542
11270086993303,11270086994075,772
11270087197985,11270087198528,543
11270087404095,11270087405223,1128
11270087609232,11270087609790,558
11270087815191,11270087815920,729
11270088019614,11270088020213,599
11270088225560,11270088226248,688
11270088428742,11270088429272,530
11270088633395,11270088634102,707
11270088836847,11270088837423,576
11270089051424,11270089052188,764
11270089262336,11270089262972,636
11270089486349,11270089487147,798
11270089692911,11270089693551,640
11270089902904,11270089903647,743
11270090113892,11270090114447,555
11270090338197,11270090338955,758
11270090549318,11270090549846,528
11270090756391,11270090757151,760
11270090961634,11270090962142,508
11270091170853,11270091171590,737
11270091378228,11270091378787,559
11270091586471,11270091587204,733
11270091794073,11270091794623,550
11270092000387,11270092001126,739
11270092205194,11270092205849,655
11270092420828,11270092421601,773
11270092626751,11270092627403,652
11270092833509,11270092834283,774
11270093038178,11270093038792,614
11270093244762,11270093245489,727
11270093449628,11270093450242,614
11270093654210,11270093654946,736
11270093858492,11270093859111,619
11270094063636,11270094064360,724
11270094266340,11270094266927,587
11270094470724,11270094471488,764
11270094679651,11270094680248,597
11270094887778,11270094888510,732
11270095093110,11270095093673,563
11270095300028,11270095301023,995
11270095504371,11270095504982,611
11270095720230,11270095720998,768
11270095933713,11270095934373,660
11270096138729,11270096139490,761
11270096342612,11270096343218,606
11270096547472,11270096548210,738
11270096752418,11270096752996,578
11270096958618,11270096959372,754
11270097164603,11270097165171,568
11270097596683,11270097597362,679
11270097809350,11270097809949,599
11270098015156,11270098015872,716
11270098219725,11270098220296,571
11270098425462,11270098426178,716
11270098652352,11270098652973,621
11270098860607,11270098861380,773
11270099070797,11270099071381,584
11270099276145,11270099276928,783
11270099489728,11270099490335,607
11270099702366,11270099703092,726
11270099905906,11270099906457,551
11270100110049,11270100110754,705
11270100313490,11270100314098,608
11270100520529,11270100521229,700
11270100724479,11270100725052,573
11270100928836,11270100929535,699
11270101130234,11270101130807,573
11270101339106,11270101339870,764
11270101545751,11270101546326,575
11270101755583,11270101756291,708
11270101961299,11270101961876,577
11270102167121,11270102167817,696
11270102378577,11270102379196,619
11270102590004,11270102590733,729
11270102795729,11270102796285,556
11270103002131,11270103002840,709
11270103204361,11270103204913,552
11270103410638,11270103411368,730
11270103613811,11270103614396,585
11270103822124,11270103822831,707
11270104026364,11270104026933,569
11270104233441,11270104234151,710
11270104436405,11270104437015,610
11270104641960,11270104642662,702
11270104846478,11270104847045,567
11270105052959,11270105053651,692
11270105256022,11270105256592,570
11270105461253,11270105461942,689
11270105670232,11270105670838,606
11270105877436,11270105878215,779
11270106083319,11270106083893,574
11270106288036,11270106288750,714
11270106492848,11270106493417,569
11270106699739,11270106700482,743
11270106905542,11270106906084,542
11270107109976,11270107110708,732
11270107315548,11270107316141,593
11270107523974,11270107524705,731
11270107727203,11270107727762,559
11270107931935,11270107932677,742
11270108132461,11270108133033,572
11270108336866,11270108338000,1134
11270108541631,11270108542215,584
11270108747158,11270108747853,695
11270108953321,11270108953911,590
11270109160658,11270109161370,712
11270109364392,11270109364995,603
11270109568502,11270109569237,735
11270109771887,11270109772518,631
11270109975984,11270109976720,736
11270110178691,11270110179266,575
11270110385097,11270110385778,681
11270110588201,11270110588792,591
11270110792388,11270110793075,687
11270110995686,11270110996260,574
11270111209545,11270111210252,707
11270111412301,11270111412858,557
11270111615584,11270111616232,648
11270111818156,11270111818704,548
11270112022518,11270112023213,695
11270112230013,11270112230598,585
11270112434860,11270112435543,683
11270112636153,11270112636697,544
11270112839340,11270112840047,707
11270113041962,11270113042514,552
11270113246908,11270113247617,709
11270113449079,11270113449616,537
11270113653423,11270113654128,705
11270113855573,11270113856141,568
11270114058275,11270114058973,698
11270114495327,11270114495878,551
11270114708973,11270114709697,724
11270114914504,11270114915105,601
11270115124415,11270115125106,691
11270115327313,11270115327874,561
11270115531585,11270115532307,722
11270115745926,11270115746552,626
11270115951653,11270115952382,729
11270116156903,11270116157497,594
11270116362236,11270116362925,689
11270116580177,11270116580734,557
11270116785032,11270116785757,725
11270116992273,11270116992877,604
11270117201574,11270117202295,721
11270117422874,11270117423510,636
11270117626724,11270117627402,678
11270117830312,11270117830878,566
11270118034979,11270118035671,692
11270118237824,11270118238801,977
11270118447029,11270118447757,728
11270118650653,11270118651186,533
11270118853860,11270118854548,688
11270119065033,11270119065629,596
11270119281591,11270119282290,699
11270119484883,11270119485460,577
11270119689239,11270119689922,683
11270119891330,11270119891922,592
11270120095635,11270120096342,707
11270120298817,11270120299356,539
11270120508830,11270120509553,723
11270120714133,11270120714674,541
11270120923012,11270120923745,733
11270121130956,11270121131513,557
11270121341630,11270121342316,686
11270121547614,11270121548179,565
11270121757425,11270121758127,702
11270121961494,11270121962027,533
11270122168110,11270122168807,697
11270122389248,11270122389851,603
11270122597816,11270122598529,713
11270122802968,11270122803503,535
11270123010313,11270123011065,752
11270123215188,11270123215763,575
11270123425165,11270123425855,690
11270123630219,11270123630836,617
11270123837400,11270123838100,700
11270124041990,11270124042587,597
11270124249230,11270124249944,714
11270124456402,11270124457051,649
11270124662214,11270124662937,723
11270124867366,11270124867910,544
11270125075434,11270125076133,699
11270125278307,11270125278934,627
11270125484588,11270125485319,731
11270125696111,11270125696728,617
11270125906765,11270125907475,710
11270126112916,11270126113517,601
11270126321939,11270126322640,701
11270126534764,11270126535303,539
11270126743199,11270126743919,720
11270126948046,11270126948644,598
11270127156925,11270127157676,751
11270127362526,11270127363101,575
11270127569896,11270127570584,688
11270127774540,11270127775075,535
11270127982498,11270127983215,717
11270128186530,11270128187082,552
11270128394548,11270128395231,683
11270128602309,11270128602879,570
11270128812498,11270128813238,740
11270129023219,11270129023804,585
11270129232023,11270129232748,725
11270129434837,11270129435401,564
11270129638921,11270129639618,697
11270129842494,11270129843049,555
11270130046994,11270130047700,706
11270130250324,11270130250912,588
11270130455993,11270130456690,697
11270130664075,11270130664637,562
11270130870872,11270130871583,711
11270131076700,11270131077260,560
11270131291946,11270131292640,694
11270131730368,11270131730919,551
11270131947546,11270131948284,738
11270132159252,11270132159830,578
11270132376202,11270132376900,698
11270132583619,11270132584200,581
11270132794808,11270132795506,698
11270133002400,11270133002953,553
11270133208823,11270133209578,755
11270133422346,11270133422918,572
11270133630707,11270133631381,674
11270133836465,11270133837006,541
11270134050756,11270134051474,718
11270134262509,11270134263071,562
11270134468397,11270134469057,660
11270134679197,11270134679734,537
11270134885561,11270134886283,722
11270135088856,11270135089407,551
11270135293280,11270135293936,656
11270135500883,11270135501433,550
11270135709957,11270135710659,702
11270135914043,11270135914629,586
11270136118069,11270136118771,702
11270136341274,11270136341793,519
11270136544645,11270136545333,688
11270136748109,11270136748624,515
11270136952174,11270136952904,730
11270137155090,11270137155619,529
11270137363954,11270137364654,700
11270137567417,11270137567956,539
11270137772053,11270137772793,740
11270137975757,11270137976323,566
11270138180817,11270138181558,741
11270138383430,11270138384003,573
11270138588703,11270138589423,720
11270138791388,11270138791983,595
11270139001921,11270139002647,726
11270139207559,11270139208139,580
11270139432488,11270139433189,701
11270139636719,11270139637330,611
11270139842054,11270139842733,679
11270140046129,11270140046690,561
11270140265076,11270140265793,717
11270140468785,11270140469341,556
11270140678545,11270140679296,751
11270140883834,11270140884419,585
11270141089589,11270141090326,737
11270141298684,11270141299269,585
11270141508305,11270141509096,791
11270141715334,11270141715859,525
11270141931633,11270141932346,713
11270142139490,11270142140071,581
11270142365134,11270142365865,731
11270142574716,11270142575326,610
11270142782683,11270142783446,763
11270142991625,11270142992150,525
11270143203180,11270143203887,707
11270143410828,11270143411379,551
11270143614798,11270143615492,694
11270143822074,11270143822631,557
11270144027852,11270144028553,701
11270144245739,11270144246311,572
11270144455521,11270144456230,709
11270144662908,11270144663494,586
11270144872254,11270144872927,673
11270145075657,11270145076223,566
11270145296887,11270145297515,628
11270145500246,11270145500756,510
11270145719749,11270145720423,674
11270145925807,11270145926407,600
11270146132325,11270146132986,661
11270146336186,11270146336785,599
11270146543866,11270146544574,708
11270146748613,11270146749155,542
11270146952984,11270146953672,688
11270147155767,11270147156284,517
11270147360676,11270147361382,706
11270147563752,11270147564303,551
11270147768862,11270147769530,668
11270147971575,11270147972119,544
11270148175941,11270148176600,659
11270148378829,11270148379427,598
11270148584046,11270148584752,706
11270149022975,11270149023556,581
11270149233086,11270149233855,769
11270149459051,11270149459612,561
11270149667315,11270149667999,684
11270149871787,11270149872348,561
11270150077271,11270150078014,743
11270150285282,11270150285843,561
11270150495388,11270150496134,746
11270150700245,11270150700846,601
11270150907814,11270150908550,736
11270151119159,11270151119717,558
11270151331181,11270151331881,700
11270151537931,11270151538488,557
11270151750180,11270151750888,708
11270151955756,11270151956310,554
11270152159824,11270152160539,715
11270152371918,11270152372480,562
11270152582866,11270152583545,679
11270152794579,11270152795167,588
11270153002620,11270153003352,732
11270153212387,11270153212931,544
11270153424120,11270153424861,741
11270153630321,11270153630870,549
11270153835746,11270153836431,685
11270154045465,11270154046003,538
11270154254417,11270154255158,741
11270154469069,11270154469603,534
11270154677995,11270154678730,735
11270154882132,11270154882620,488
11270155089156,11270155089862,706
11270155292260,11270155292801,541
11270155501011,11270155501721,710
11270155708987,11270155709532,545
11270155914557,11270155915253,696
11270156118289,11270156118837,548
11270156323512,11270156324219,707
11270156526246,11270156526793,547
11270156732574,11270156733257,683
11270156937384,11270156937953,569
11270157141427,11270157142129,702
11270157349135,11270157349661,526
11270157558736,11270157559395,659
11270157767595,11270157768146,551
11270157974323,11270157975021,698
11270158178878,11270158179416,538
11270158406225,11270158406901,676
11270158612552,11270158613100,548
11270158822627,11270158823311,684
11270159030802,11270159031395,593
11270159239895,11270159240590,695
11270159442988,11270159443589,601
11270159646005,11270159646716,711
11270159848410,11270159848977,567
11270160058983,11270160059740,757
11270160264749,11270160265323,574
11270160471547,11270160472242,695
11270160685176,11270160685738,562
11270160892868,11270160893561,693
11270161101197,11270161101752,555
11270161312974,11270161313665,691
11270161519800,11270161520346,546
11270161730796,11270161731491,695
11270161941874,11270161942438,564
11270162148569,11270162149318,749
11270162362286,11270162362910,624
11270162580424,11270162581158,734
11270162788865,11270162789382,517
11270162996994,11270162997649,655
11270163207116,11270163207660,544
11270163416736,11270163417458,722
11270163625248,11270163625808,560
11270163832003,11270163832705,702
11270164051458,11270164052065,607
11270164258873,11270164259592,719
11270164463939,11270164464484,545
11270164667808,11270164668466,658
11270164871221,11270164871793,572
11270165075294,11270165075974,680
11270165277387,11270165277980,593
11270165480674,11270165481397,723
11270165687796,11270165688393,597
11270166124606,11270166125353,747
11270166341634,11270166342213,579
11270166546719,11270166547422,703
11270166750195,11270166750779,584
11270166955481,11270166956168,687
11270167159263,11270167159850,587
11270167370193,11270167370888,695
11270167571221,11270167571768,547
11270167774185,11270167774938,753
11270167975927,11270167976491,564
11270168177228,11270168177947,719
11270168377821,11270168378389,568
11270168580407,11270168581213,806
11270168781479,11270168782056,577
11270168989637,11270168990338,701
11270169202374,11270169202945,571
11270169422662,11270169423414,752
11270169623878,11270169624406,528
11270169826856,11270169827557,701
11270170032811,11270170033380,569
11270170234982,11270170235683,701
11270170439712,11270170440275,563
11270170646547,11270170647281,734
11270170848817,11270170849429,612
11270171053009,11270171053707,698
11270171258895,11270171259455,560
11270171463128,11270171463845,717
11270171663822,11270171664384,562
11270171871052,11270171871756,704
11270172072809,11270172073359,550
11270172281677,11270172282356,679
11270172489136,11270172489755,619
11270172696218,11270172696949,731
11270172896834,11270172897403,569
11270173106179,11270173106899,720
11270173308498,11270173309092,594
11270173513132,11270173513838,706
11270173719849,11270173720433,584
11270173924668,11270173925384,716
11270174127823,11270174128411,588
11270174331121,11270174331882,761
11270174537316,11270174537904,588
11270174743770,11270174744456,686
11270174949512,11270174950110,598
11270175154575,11270175155324,749
11270175356205,11270175356798,593
11270175563392,11270175564103,711
11270175766918,11270175767489,571
11270175971162,11270175971858,696
11270176173850,11270176174436,586
11270176378233,11270176378982,749
11270176581317,11270176581900,583
11270176785247,11270176785914,667
11270176988056,11270176988593,537
11270177191716,11270177192397,681
11270177394683,11270177395294,611
11270177599071,11270177599787,716
11270177802277,11270177802855,578
11270178005477,11270178006197,720
11270178207913,11270178208498,585
11270178412581,11270178413257,676
11270178614945,11270178615477,532
11270178818517,11270178819279,762
11270179030178,11270179030763,585
11270179235797,11270179236532,735
11270179437960,11270179438530,570
11270179641901,11270179642613,712
11270179844955,11270179845498,543
11270180049847,11270180050521,674
11270180257719,11270180258369,650
11270180467008,11270180467690,682
11270180669890,11270180670466,576
11270180877018,11270180877733,715
11270181080570,11270181081122,552
11270181284293,11270181284969,676
11270181491853,11270181492431,578
11270181696351,11270181697057,706
11270181902858,11270181903459,601
11270182105885,11270182106611,726
11270182332902,11270182333478,576
11270182543185,11270182543889,704
11270182748707,11270182749262,555
11270183183864,11270183184632,768
11270183416198,11270183416792,594
11270183628405,11270183629089,684
11270183832308,11270183832897,589
11270184040609,11270184041308,699
11270184244792,11270184245410,618
11270184449656,11270184450310,654
11270184651620,11270184652190,570
11270184857113,11270184857795,682
11270185059875,11270185060446,571
11270185263209,11270185263913,704
11270185466003,11270185466580,577
11270185676742,11270185677471,729
11270185881257,11270185881832,575
11270186086623,11270186087260,637
11270186299509,11270186300074,565
11270186503733,11270186504438,705
11270186706177,11270186706733,556
11270186910000,11270186910717,717
11270187111847,11270187112439,592
11270187316528,11270187317231,703
11270187518266,11270187518844,578
11270187723104,11270187723806,702
11270187925078,11270187925677,599
11270188133742,11270188134427,685
11270188337671,11270188338253,582
11270188543072,11270188543741,669
11270188745873,11270188746470,597
11270188955231,11270188955984,753
11270189159863,11270189160508,645
11270189365548,11270189366272,724
11270189574266,11270189574881,615
11270189778387,11270189779084,697
11270189981565,11270189982127,562
11270190186388,11270190187147,759
11270190395212,11270190395820,608
11270190602725,11270190603447,722
11270190810166,11270190810713,547
11270191017170,11270191017888,718
11270191227836,11270191228426,590
11270191436289,11270191436975,686
11270191647481,11270191648054,573
11270191860278,11270191861004,726
11270192073190,11270192073834,644
11270192286561,11270192287251,690
11270192494934,11270192495563,629
11270192701015,11270192701766,751
11270192906564,11270192907159,595
11270193115909,11270193116602,693
11270193328816,11270193329388,572
11270193536443,11270193537127,684
11270193743798,11270193744423,625
11270193949153,11270193949892,739
11270194152480,11270194153031,551
11270194360997,11270194361725,728
11270194571042,11270194571591,549
11270194776584,11270194777257,673
11270194980699,11270194981233,534
11270195188988,11270195189620,632
11270195396971,11270195397558,587
11270195605956,11270195606667,711
11270195811026,11270195811603,577
11270196015199,11270196015911,712
11270196218284,11270196218867,583
11270196437499,11270196438217,718
11270196639604,11270196640185,581
11270196843705,11270196844328,623
11270197046772,11270197047357,585
11270197267906,11270197268607,701
11270197470412,11270197470989,577
11270197675638,11270197676319,681
11270197878223,11270197878789,566
11270198083018,11270198083694,676
11270198301138,11270198301745,607
11270198506025,11270198506704,679
11270198709270,11270198709821,551
11270198918950,11270198919649,699
11270199137944,11270199138556,612
11270199349979,11270199350669,690
11270199556039,11270199556598,559
11270199762444,11270199763109,665
11270200188641,11270200189195,554
11270200421367,11270200422085,718
11270200630558,11270200631131,573
11270200842677,11270200843414,737
11270201050477,11270201051044,567
11270201267577,11270201268306,729
11270201480635,11270201481217,582
11270201688804,11270201689530,726
11270201898230,11270201898783,553
11270202106682,11270202107404,722
11270202316564,11270202317179,615
11270202528532,11270202529250,718
11270202734446,11270202735008,562
11270202943799,11270202944488,689
11270203152594,11270203153212,618
11270203361512,11270203362172,660
11270203575007,11270203575547,540
11270203787308,11270203788022,714
11270203995855,11270203996398,543
11270204202299,11270204202981,682
11270204413076,11270204413648,572
11270204625057,11270204625753,696
11270204831015,11270204831556,541
11270205036692,11270205037383,691
11270205241442,11270205242045,603
11270205460378,11270205461062,684
11270205669416,11270205670006,590
11270205876351,11270205877068,717
11270206079607,11270206080137,530
11270206289164,11270206289829,665
11270206504309,11270206504870,561
11270206711174,11270206711864,690
11270206916215,11270206916744,529
11270207123169,11270207123845,676
11270207327705,11270207328273,568
11270207534507,11270207535180,673
11270207737096,11270207737633,537
11270207941567,11270207942250,683
11270208144069,11270208144607,538
11270208364857,11270208365505,648
11270208567692,11270208568255,563
11270208771422,11270208772105,683
11270208979559,11270208980151,592
11270209185495,11270209186215,720
11270209391776,11270209392312,536
11270209595778,11270209596409,631
11270209798830,11270209799373,543
11270210002335,11270210003322,987
11270210206012,11270210206558,546
11270210427010,11270210427652,642
11270210630865,11270210631449,584
11270210834379,11270210835069,690
11270211039156,11270211039706,550
11270211243646,11270211244296,650
11270211447616,11270211448136,520
11270211651561,11270211652250,689
11270211855042,11270211855628,586
11270212059872,11270212060586,714
11270212289373,11270212289957,584
11270212496216,11270212496934,718
11270212700171,11270212700700,529
11270212905223,11270212905980,757
11270213109188,11270213109812,624
11270213313490,11270213314162,672
11270213519897,11270213520464,567
11270213723444,11270213724145,701
11270213927543,11270213928160,617
11270214130898,11270214131593,695
11270214336831,11270214337434,603
11270214542379,11270214543104,725
11270214746363,11270214747001,638
11270214950223,11270214950918,695
11270215152467,11270215153060,593
11270215379825,11270215380555,730
11270215588605,11270215589167,562
11270215794225,11270215794952,727
11270215996911,11270215997458,547
11270216220548,11270216221266,718
11270216424281,11270216424831,550
11270216629586,11270216630280,694
11270216832984,11270216833512,528
11270217038161,11270217038868,707
11270217485893,11270217486462,569
11270217698209,11270217698941,732
11270217902639,11270217903197,558
11270218108172,11270218108934,762
11270218310312,11270218310923,611
11270218525954,11270218526668,714
11270218727913,11270218728465,552
11270218984015,11270218985178,1163
11270219215729,11270219216405,676
11270219444981,11270219445766,785
11270219652078,11270219652649,571
11270219864455,11270219865270,815
11270220070683,11270220071285,602
11270220277081,11270220277828,747
11270220496321,11270220496923,602
11270220701477,11270220702239,762
11270220906032,11270220906620,588
11270221114036,11270221114757,721
11270221324465,11270221325035,570
11270221532061,11270221532794,733
11270221737762,11270221738360,598
11270221943818,11270221944508,690
11270222146875,11270222147483,608
11270222368776,11270222369554,778
11270222574384,11270222574994,610
11270222780186,11270222780913,727
11270222989119,11270222989688,569
11270223196270,11270223196987,717
11270223416690,11270223417280,590
11270223622281,11270223622980,699
11270223826217,11270223826812,595
11270224032569,11270224033303,734
11270224236071,11270224236617,546
11270224446221,11270224447084,863
11270224650824,11270224651394,570
11270224854903,11270224855665,762
11270225058128,11270225058700,572
11270225262719,11270225263455,736
11270225465348,11270225465922,574
11270225679453,11270225680224,771
11270225884873,11270225885493,620
11270226090364,11270226091078,714
11270226312206,11270226312780,574
11270226521295,11270226522029,734
11270226729799,11270226730362,563
11270226936343,11270226937093,750
11270227143837,11270227144406,569
11270227357477,11270227358206,729
11270227562524,11270227563181,657
11270227773372,11270227774102,730
11270227978718,11270227979293,575
11270228185611,11270228186356,745
11270228407468,11270228408055,587
11270228629709,11270228630414,705
11270228837999,11270228838564,565
11270229048472,11270229049189,717
11270229257700,11270229258310,610
11270229465129,11270229465850,721
11270229672886,11270229673475,589
11270229878652,11270229879358,706
11270230085790,11270230086359,569
11270230292017,11270230292774,757
11270230497970,11270230498586,616
11270230703879,11270230704619,740
11270230910373,11270230910937,564
11270231118565,11270231119306,741
11270231324332,11270231324903,571
11270231530881,11270231531638,757
11270231735249,11270231735876,627
11270231944404,11270231945142,738
11270232151401,11270232152034,633
11270232375192,11270232375940,748
11270232583809,11270232584443,634
11270232791979,11270232792721,742
11270232997187,11270232997777,590
11270233204755,11270233205471,716
11270233427880,11270233428520,640
11270233634655,11270233635429,774
11270233840884,11270233841459,575
11270234048789,11270234049571,782
11270234261263,11270234261857,594
11270234469767,11270234470509,742
11270234908196,11270234908762,566
11270235119265,11270235120017,752
11270235326443,11270235327038,595
11270235531648,11270235532357,709
11270235745449,11270235746058,609
11270235953265,11270235953999,734
11270236160880,11270236161499,619
11270236373264,11270236373975,711
11270236577997,11270236578611,614
11270236785300,11270236786044,744
11270236992645,11270236993235,590
11270237199374,11270237200087,713
11270237404603,11270237405169,566
11270237612152,11270237612853,701
11270237816959,11270237817549,590
11270238023494,11270238024174,680
11270238229417,11270238230009,592
11270238437509,11270238438227,718
11270238644833,11270238645428,595
11270238850739,11270238851416,677
11270239072908,11270239073529,621
11270239285646,11270239286357,711
11270239490975,11270239491564,589
11270239697756,11270239698441,685
11270239906581,11270239907140,559
11270240114839,11270240115545,706
11270240319629,11270240320244,615
11270240527559,11270240528237,678
11270240733891,11270240734470,579
11270240942364,11270240943078,714
11270241146997,11270241147575,578
11270241354237,11270241354950,713
11270241558425,11270241559030,605
11270241767162,11270241767861,699
11270241970310,11270241970869,559
11270242176408,11270242177092,684
11270242391963,11270242392588,625
11270242601783,11270242602497,714
11270242807484,11270242808089,605
11270243014156,11270243014853,697
11270243242956,11270243243608,652
11270243480199,11270243481076,877
11270243693229,11270243693936,707
11270243912517,11270243913287,770
11270244134010,11270244134723,713
11270244342387,11270244343153,766
11270244547575,11270244548196,621
11270244754742,11270244755489,747
11270244960418,11270244961009,591
11270245166749,11270245167461,712
11270245391185,11270245391760,575
11270245604282,11270245605022,740
11270245810810,11270245811373,563
11270246016945,11270246017726,781
11270246221479,11270246222072,593
11270246427521,11270246428250,729
11270246632435,11270246633034,599
11270246847269,11270246847995,726
11270247054480,11270247055069,589
11270247265299,11270247266040,741
11270247470980,11270247471523,543
11270247680610,11270247681304,694
11270247888055,11270247888623,568
11270248098447,11270248099172,725
11270248310501,11270248311073,572
11270248523109,11270248523825,716
11270248733313,11270248733886,573
11270248945528,11270248946269,741
11270249152767,11270249153365,598
11270249382336,11270249383040,704
11270249589754,11270249590332,578
11270249809105,11270249809848,743
11270250015896,11270250016527,631
11270250222814,11270250223492,678
11270250442100,11270250442678,578
11270250649979,11270250650731,752
11270250855798,11270250856327,529
11270251084115,11270251084903,788
11270251299006,11270251299627,621
11270251506756,11270251507542,786
11270251713551,11270251714125,574
11270252157180,11270252157876,696
11270252428427,11270252429136,709
11270252676782,11270252677602,820
11270252911067,11270252911757,690
11270253144683,11270253145515,832
11270253393471,11270253394153,682
11270253634245,11270253635046,801
11270253899512,11270253900201,689
11270254184214,11270254185081,867
11270254480316,11270254480996,680
11270254742225,11270254743086,861
11270255042235,11270255042985,750
11270255280210,11270255281050,840
11270255498786,11270255499413,627
11270255720878,11270255721711,833
11270255930543,11270255931140,597
11270256140760,11270256141548,788
11270256351352,11270256352010,658
11270256597326,11270256598116,790
11270256872718,11270256873369,651
11270257165997,11270257166886,889
11270257431677,11270257432383,706
11270257669953,11270257670815,862
11270257903518,11270257904170,652
11270258138084,11270258138929,845
11270258371129,11270258371816,687
11270258602932,11270258603790,858
11270258834283,11270258834973,690
11270259074215,11270259075024,809
11270259305976,11270259306656,680
11270259537057,11270259537886,829
11270259767299,11270259767993,694
11270259999956,11270260000821,865
11270260231225,11270260231909,684
11270260471214,11270260472070,856
11270260702584,11270260703246,662
11270260934589,11270260935439,850
11270261164711,11270261165371,660
11270261423897,11270261424661,764
11270261654159,11270261654811,652
11270261884025,11270261884927,902
11270262113603,11270262114321,718
11270262354187,11270262371592,17405
11270262603563,11270262604240,677
11270262835129,11270262835956,827
11270263064295,11270263064953,658
11270263318274,11270263319241,967
11270263549464,11270263550141,677
11270263779179,11270263779994,815
11270264008477,11270264009122,645
11270264251890,11270264252740,850
11270264492208,11270264492886,678
11270264722413,11270264723228,815
11270264952491,11270264953158,667
11270265183045,11270265183835,790
11270265432502,11270265433203,701
11270265669578,11270265670388,810
11270265900554,11270265901195,641
11270266131108,11270266131918,810
11270266360331,11270266361006,675
11270266591897,11270266592715,818
11270266822491,11270266823177,686
11270267057714,11270267058630,916
11270267299299,11270267299972,673
11270267563386,11270267564132,746
11270267773692,11270267774317,625
11270267984984,11270267985758,774
11270268193973,11270268194564,591
11270268404208,11270268404940,732
11270268614324,11270268614929,605
11270268824801,11270268825562,761
11270269115827,11270269116420,593
11270269328795,11270269329545,750
11270269540426,11270269541036,610
11270269752616,11270269753378,762
11270269962773,11270269963400,627
11270270177680,11270270178416,736
11270270389570,11270270390157,587
11270270601257,11270270602154,897
11270270812389,11270270813004,615
11270271024156,11270271024908,752
11270271453860,11270271454486,626
11270271666615,11270271667374,759
11270271877286,11270271877925,639
11270272088017,11270272088798,781
11270272383460,11270272384070,610
11270272598058,11270272598855,797
11270272808993,11270272809583,590
11270273020359,11270273021118,759
11270273230573,11270273231203,630
11270273440967,11270273441729,762
11270273651023,11270273651644,621
11270273862787,11270273863554,767
11270274072618,11270274073231,613
11270274284739,11270274285488,749
11270274493777,11270274494407,630
11270274704317,11270274705085,768
11270274914317,11270274914952,635
11270275125542,11270275126286,744
11270275335007,11270275335661,654
11270275551569,11270275552364,795
11270275854367,11270275855048,681
11270276068113,11270276068864,751
11270276282508,11270276283132,624
11270276495275,11270276496009,734
11270276708402,11270276709033,631
11270276921300,11270276922018,718
11270277131524,11270277132166,642
11270277341831,11270277342619,788
11270277551709,11270277552319,610
11270277764216,11270277764984,768
11270277974329,11270277974989,660
11270278185684,11270278186455,771
11270278396111,11270278396719,608
11270278606712,11270278607473,761
11270278817313,11270278817907,594
11270279111521,11270279112309,788
11270279323594,11270279324199,605
11270279534275,11270279535006,731
11270279745727,11270279746302,575
11270279957461,11270279958185,724
11270280169341,11270280169958,617
11270280380043,11270280380801,758
11270280590292,11270280591112,820
11270280800485,11270280801246,761
11270281010884,11270281011508,624
11270281221678,11270281222410,732
11270281431448,11270281432036,588
11270281642010,11270281642731,721
11270281850892,11270281851505,613
11270282061551,11270282062314,763
11270282324431,11270282325080,649
11270282573021,11270282573762,741
11270282782806,11270282783413,607
11270282994106,11270282994855,749
11270283204738,11270283205347,609
11270283419021,11270283419792,771
11270283630318,11270283630959,641
11270283841177,11270283841935,758
11270284051386,11270284051992,606
11270284261838,11270284262586,748
11270284472646,11270284473258,612
11270284682017,11270284682784,767
11270284891003,11270284891588,585
11270285100506,11270285101233,727
11270285309715,11270285310317,602
11270285519457,11270285520221,764
11270285819860,11270285820515,655
11270286034455,11270286035275,820
11270286246323,11270286246922,599
11270286460113,11270286460851,738
11270286672368,11270286672974,606
11270286884935,11270286885671,736
11270287096758,11270287097359,601
11270287309621,11270287310369,748
11270287520868,11270287521524,656
11270287731533,11270287732274,741
11270287941339,11270287941954,615
11270288151184,11270288151915,731
11270288360937,11270288361546,609
11270288581174,11270288581908,734
11270288791868,11270288792504,636
11270289085738,11270289086520,782
11270289515687,11270289516291,604
11270289729142,11270289729876,734
11270289939128,11270289939764,636
11270290150439,11270290151229,790
11270290359677,11270290360277,600
11270290595523,11270290596334,811
11270290811657,11270290812315,658
11270291028481,11270291029250,769
11270291244540,11270291245178,638
11270291482632,11270291483379,747
11270291691941,11270291692569,628
11270291902486,11270291903241,755
11270292112595,11270292113204,609
11270292408835,11270292409585,750
11270292644454,11270292645079,625
11270292861782,11270292862588,806
11270293077754,11270293078379,625
11270293294921,11270293295693,772
11270293511486,11270293512089,603
11270293805324,11270293806108,784
11270294021096,11270294021743,647
11270294237773,11270294238550,777
11270294454047,11270294454680,633
11270294671860,11270294672593,733
11270294887335,11270294887969,634
11270295103894,11270295104691,797
11270295321106,11270295321725,619
11270295538190,11270295538969,779
11270295841074,11270295841744,670
11270296062879,11270296063625,746
11270296281535,11270296282130,595
11270296501140,11270296501895,755
11270296718444,11270296719099,655
11270296936188,11270296936962,774
11270297153171,11270297153769,598
11270297369999,11270297370772,773
11270297586762,11270297587364,602
11270297819912,11270297820689,777
11270298035028,11270298035641,613
11270298250612,11270298251339,727
11270298465021,11270298465619,598
11270298681576,11270298682346,770
11270298904182,11270298904853,671
11270299203534,11270299204327,793
11270299420293,11270299420903,610
11270299638317,11270299639119,802
11270299857353,11270299858015,662
11270300080269,11270300081083,814
11270300296696,11270300297366,670
11270300534590,11270300535366,776
11270300783496,11270300784135,639
11270301117786,11270301118547,761
11270301403303,11270301403948,645
11270301696001,11270301696713,712
11270301980996,11270301981620,624
11270302359216,11270302359994,778
11270302656114,11270302656750,636
11270302926710,11270302927597,887
11270303158812,11270303159466,654
11270303394146,11270303394990,844
11270303647103,11270303647762,659
11270303916116,11270303916978,862
11270304146244,11270304146915,671
11270304375748,11270304376588,840
11270304631856,11270304632474,618
11270304895737,11270304896599,862
11270305124921,11270305125554,633
11270305354793,11270305355635,842
11270305593341,11270305594177,836
11270305850239,11270305851019,780
11270306144028,11270306144607,579
11270306432996,11270306433740,744
11270306719604,11270306720225,621
11270307025039,11270307025778,739
11270307283785,11270307284426,641
11270307513428,11270307514288,860
11270307742322,11270307742979,657
11270307971101,11270307971915,814
11270308220016,11270308220601,585
11270308477739,11270308478529,790
11270308705190,11270308705829,639
11270309171050,11270309171887,837
11270309416616,11270309417263,647
11270309649228,11270309650087,859
11270309879205,11270309879902,697
11270310110185,11270310111002,817
11270310345253,11270310345914,661
11270310577194,11270310578086,892
11270310806737,11270310807437,700
11270311035879,11270311036751,872
11270311265141,11270311265839,698
11270311509192,11270311510016,824
11270311736195,11270311736873,678
11270311966095,11270311966949,854
11270312195030,11270312195698,668
11270312433364,11270312434184,820
11270312665879,11270312666539,660
11270312898773,11270312899574,801
11270313130301,11270313130960,659
11270313361959,11270313362792,833
11270313592323,11270313592984,661
11270313823148,11270313823944,796
11270314053407,11270314054084,677
11270314297515,11270314298349,834
11270314526680,11270314527344,664
11270314756659,11270314757438,779
11270314985080,11270314985727,647
11270315213817,11270315214637,820
11270315473336,11270315474009,673
11270315711860,11270315712679,819
11270315954660,11270315955313,653
11270316186346,11270316187168,822
11270316417268,11270316417935,667
11270316652074,11270316652897,823
11270316881628,11270316882304,676
11270317111503,11270317112353,850
11270317342104,11270317342799,695
11270317572336,11270317573178,842
11270317801079,11270317801770,691
11270318030701,11270318031526,825
11270318264785,11270318265436,651
11270318499934,11270318500772,838
11270318729918,11270318730581,663
11270318968298,11270318969162,864
11270319198140,11270319198811,671
11270319429334,11270319430184,850
11270319659673,11270319660374,701
11270319890713,11270319891571,858
11270320121797,11270320122470,673
11270320354950,11270320355792,842
11270320590933,11270320591602,669
11270320831930,11270320832775,845
11270321064764,11270321065438,674
11270321295470,11270321296280,810
11270321524369,11270321525050,681
11270321754423,11270321755272,849
11270321982178,11270321982862,684
11270322222923,11270322223776,853
11270322460992,11270322461722,730
11270322699151,11270322700076,925
11270322937810,11270322938501,691
11270323173068,11270323173899,831
11270323425765,11270323426412,647
11270323659072,11270323659876,804
11270323889533,11270323890209,676
11270324121432,11270324122276,844
11270324369301,11270324369990,689
11270324600778,11270324601544,766
11270324832732,11270324833384,652
11270325063232,11270325064060,828
11270325295723,11270325296402,679
11270325555225,11270325556075,850
11270325789110,11270325789757,647
11270326022289,11270326023118,829
11270326255416,11270326256088,672
11270326488668,11270326489508,840
11270326720815,11270326721514,699
11270326954286,11270326955154,868
11270327184297,11270327184958,661
11270327415602,11270327416452,850
11270327646384,11270327647098,714
11270327877740,11270327878554,814
11270328108075,11270328108781,706
11270328576322,11270328577176,854
11270328809173,11270328809859,686
11270329047635,11270329048479,844
11270329279422,11270329280108,686
11270329510615,11270329511453,838
11270329741105,11270329741789,684
11270329972407,11270329973247,840
11270330202449,11270330203092,643
11270330432312,11270330433140,828
11270330661593,11270330662262,669
11270330891261,11270330892077,816
11270331119911,11270331120584,673
11270331349568,11270331350379,811
11270331580098,11270331580779,681
11270331809894,11270331810697,803
11270332039250,11270332039900,650
11270332278384,11270332279188,804
11270332509633,11270332510329,696
11270332742522,11270332743397,875
11270332973661,11270332974369,708
11270333204739,11270333205594,855
11270333436577,11270333437252,675
11270333667992,11270333668825,833
11270333897911,11270333898581,670
11270334128538,11270334129391,853
11270334357883,11270334358573,690
11270334587709,11270334588561,852
11270334817926,11270334818600,674
11270335047178,11270335048021,843
11270335275637,11270335276317,680
11270335510395,11270335511211,816
11270335750156,11270335750874,718
11270335985166,11270335986021,855
11270336224683,11270336225356,673
11270336457036,11270336457846,810
11270336689205,11270336689896,691
11270336921827,11270336922607,780
11270337152492,11270337153170,678
11270337389917,11270337390731,814
11270337619462,11270337620163,701
11270337850632,11270337851476,844
11270338078836,11270338079528,692
11270338307880,11270338308756,876
11270338537604,11270338538297,693
11270338766730,11270338767566,836
11270339005117,11270339005797,680
11270339239396,11270339240264,868
11270339470542,11270339471231,689
11270339702183,11270339702978,795
11270339934576,11270339935250,674
11270340171318,11270340172160,842
11270340405420,11270340406118,698
11270340635066,11270340635845,779
11270340864784,11270340865487,703
11270341093648,11270341094466,818
11270341328950,11270341329646,696
11270341571411,11270341572233,822
11270341801831,11270341802473,642
11270342032023,11270342032835,812
11270342269732,11270342270418,686
11270342502807,11270342503658,851
11270342734670,11270342735345,675
11270342966454,11270342967362,908
11270343196984,11270343197635,651
11270343428434,11270343429260,826
11270343659699,11270343660350,651
11270343889756,11270343890550,794
11270344119713,11270344120370,657
11270344350133,11270344350970,837
11270344580517,11270344581168,651
11270344810491,11270344811277,786
11270345039574,11270345040232,658
11270345269101,11270345269894,793
11270345497369,11270345498050,681
11270345734130,11270345734957,827
11270345965789,11270345966474,685
11270346197360,11270346198191,831
11270346425892,11270346426562,670
11270346656661,11270346657479,818
11270346886537,11270346887247,710
11270347117832,11270347118664,832
11270347350315,11270347350966,651
11270347812536,11270347813346,810
11270348045385,11270348046062,677
11270348280005,11270348280795,790
11270348510822,11270348511463,641
11270348741916,11270348742755,839
11270348981827,11270348982490,663
11270349215462,11270349216278,816
11270349445330,11270349446068,738
11270349676288,11270349677149,861
11270349907371,11270349908031,660
11270350138046,11270350138928,882
11270350366985,11270350367655,670
11270350599074,11270350599974,900
11270350828621,11270350829320,699
11270351057858,11270351058722,864
11270351286951,11270351287652,701
11270351532409,11270351533266,857
11270351761468,11270351762149,681
11270351991901,11270351992685,784
11270352230454,11270352231136,682
11270352463063,11270352463906,843
11270352700315,11270352700961,646
11270352933236,11270352934104,868
11270353164168,11270353164823,655
11270353405405,11270353406227,822
11270353635743,11270353636417,674
11270353865616,11270353866454,838
11270354095768,11270354096441,673
11270354326427,11270354327258,831
11270354555554,11270354556253,699
11270354787446,11270354788269,823
11270355018232,11270355018893,661
11270355253643,11270355254518,875
11270355482769,11270355483442,673
11270355718646,11270355719517,871
11270355950311,11270355950988,677
11270356180806,11270356181605,799
11270356421860,11270356422537,677
11270356651629,11270356652454,825
11270356880278,11270356880955,677
11270357111702,11270357112532,830
11270357341004,11270357341706,702
11270357572055,11270357572898,843
11270357801209,11270357801901,692
11270358031689,11270358032511,822
11270358259588,11270358260270,682
11270358490938,11270358491751,813
11270358720423,11270358721103,680
11270358958031,11270358958828,797
11270359189598,11270359190304,706
11270359430319,11270359431165,846
11270359659688,11270359660354,666
11270359889969,11270359890793,824
11270360119158,11270360119793,635
11270360348531,11270360349326,795
11270360581952,11270360582611,659
11270360811909,11270360812664,755
11270361041088,11270361041773,685
11270361271460,11270361272287,827
11270361501376,11270361502035,659
11270361731132,11270361731953,821
11270361958706,11270361959378,672
11270362188212,11270362189063,851
11270362446122,11270362446832,710
11270362679957,11270362680856,899
11270362913665,11270362914358,693
11270363148262,11270363149102,840
11270363386224,11270363386913,689
11270363623813,11270363624683,870
11270363855842,11270363856569,727
11270364087264,11270364088127,863
11270364318106,11270364318771,665
11270364547633,11270364548465,832
11270364777710,11270364778396,686
11270365007224,11270365008082,858
11270365236659,11270365237341,682
11270365466177,11270365467029,852
11270365750288,11270365751016,728
11270365987713,11270365988589,876
11270366220937,11270366221619,682
11270366454228,11270366455124,896
11270366922196,11270366922921,725
11270367158229,11270367159107,878
11270367389495,11270367390195,700
11270367631043,11270367631947,904
11270367862809,11270367863482,673
11270368093940,11270368094793,853
11270368323699,11270368324424,725
11270368553128,11270368553964,836
11270368781664,11270368782384,720
11270369020765,11270369021676,911
11270369253873,11270369254568,695
11270369500774,11270369501619,845
11270369733432,11270369734129,697
11270369969138,11270369970002,864
11270370215175,11270370215868,693
11270370444368,11270370445280,912
11270370672819,11270370673493,674
11270370901534,11270370902404,870
11270371130872,11270371131581,709
11270371391423,11270371392290,867
11270371619773,11270371620446,673
11270371847503,11270371848356,853
11270372074890,11270372075587,697
11270372310566,11270372311406,840
11270372539167,11270372539884,717
11270372767396,11270372768232,836
11270372996860,11270372997542,682
11270373225913,11270373226746,833
11270373454141,11270373454849,708
11270373684124,11270373684959,835
11270373913232,11270373913924,692
11270374143581,11270374144417,836
11270374371041,11270374371755,714
11270374599955,11270374600788,833
11270374827979,11270374828638,659
11270375055962,11270375056787,825
11270375284679,11270375285360,681
11270375514505,11270375515306,801
11270375750713,11270375751406,693
11270375982929,11270375983748,819
11270376213876,11270376214560,684
11270376448977,11270376449791,814
11270376678283,11270376678935,652
11270376910675,11270376911534,859
11270377142652,11270377143373,721
11270377391802,11270377392639,837
11270377621159,11270377621832,673
11270377851131,11270377851909,778
11270378079827,11270378080492,665
11270378308743,11270378309515,772
11270378544944,11270378545586,642
11270378773379,11270378774135,756
11270379009292,11270379009968,676
11270379242953,11270379243778,825
11270379473893,11270379474609,716
11270379706761,11270379707633,872
11270379938725,11270379939428,703
11270380197959,11270380198767,808
11270380427699,11270380428348,649
11270380657990,11270380658769,779
11270380886996,11270380887587,591
11270381117528,11270381118299,771
11270381347563,11270381348179,616
11270381581300,11270381582094,794
11270381811467,11270381812065,598
11270382041099,11270382041903,804
11270382299590,11270382300268,678
11270382534318,11270382535132,814
11270382764531,11270382765200,669
11270382996429,11270382997235,806
11270383228434,11270383229110,676
11270383461198,11270383462066,868
11270383691084,11270383691764,680
11270383921905,11270383922729,824
11270384151162,11270384151742,580
11270384386418,11270384387233,815
11270384617444,11270384618080,636
11270384847587,11270384848427,840
11270385078637,11270385079268,631
11270385308001,11270385308784,783
11270385537327,11270385537984,657
11270385779481,11270385780337,856
11270386019174,11270386019829,655
11270386260771,11270386261590,819
11270386502118,11270386502759,641
11270386797221,11270386798048,827
11270387048201,11270387048846,645
11270387298961,11270387299752,791
11270387539653,11270387540292,639
11270387778896,11270387779729,833
11270388020056,11270388020723,667
11270388261072,11270388261881,809
11270388519121,11270388519787,666
11270388758024,11270388758861,837
11270389007927,11270389008668,741
11270389252149,11270389252978,829
11270389494096,11270389494818,722
11270389737023,11270389737858,835
11270389978458,11270389979118,660
11270390220262,11270390221120,858
11270390460985,11270390461640,655
11270390702416,11270390703196,780
11270390944225,11270390944876,651
11270391186687,11270391187507,820
11270391425530,11270391426188,658
11270391668168,11270391668962,794
11270391907730,11270391908397,667
11270392150949,11270392151781,832
11270392396523,11270392397170,647
11270392640677,11270392641534,857
11270392881824,11270392882507,683
11270393120910,11270393121749,839
11270393361526,11270393362174,648
11270393604706,11270393605500,794
11270393851108,11270393851792,684
11270394095161,11270394095965,804
11270394336389,11270394337051,662
11270394581102,11270394581903,801
11270394820452,11270394821113,661
11270395060820,11270395061702,882
11270395301018,11270395301700,682
11270395548099,11270395548960,861
11270395793631,11270395794333,702
11270396038837,11270396039639,802
11270396281283,11270396281976,693
11270396524524,11270396525477,953
11270396766670,11270396767350,680
11270397008579,11270397009418,839
11270397251046,11270397251727,681
11270397490860,11270397491699,839
11270397731001,11270397731664,663
11270397973212,11270397973991,779
11270398215782,11270398216472,690
11270398455981,11270398456786,805
11270398695630,11270398696339,709
11270398946903,11270398947790,887
11270399188576,11270399189268,692
11270399434771,11270399435614,843
11270399676098,11270399676739,641
11270399921104,11270399921944,840
11270400161286,11270400161949,663
11270400418133,11270400418939,806
11270400660894,11270400661510,616
11270400903454,11270400904270,816
11270401143106,11270401143766,660
11270401385122,11270401385907,785
11270401624858,11270401625534,676
11270401866216,11270401867019,803
11270402106979,11270402107653,674
11270402380494,11270402381321,827
11270402625261,11270402625942,681
11270402867785,11270402868602,817
11270403111545,11270403112232,687
11270403354256,11270403355062,806
11270403595645,11270403596341,696
11270403837937,11270403838744,807
11270404081303,11270404081979,676
11270404322900,11270404323715,815
11270404561055,11270404561754,699
11270404805005,11270404805800,795
11270405044706,11270405045382,676
11270405287474,11270405288301,827
11270405530943,11270405531620,677
11270406017157,11270406018030,873
11270406253603,11270406254286,683
11270406486896,11270406487718,822
11270406717483,11270406718181,698
11270406951290,11270406952102,812
11270407182307,11270407182965,658
11270407421231,11270407422012,781
11270407654896,11270407655543,647
11270407886848,11270407887661,813
11270408117393,11270408118072,679
11270408347977,11270408348751,774
11270408576603,11270408577284,681
11270408806172,11270408807000,828
11270409042395,11270409043086,691
11270409278577,11270409279387,810
11270409508297,11270409508960,663
11270409739535,11270409740349,814
11270409971142,11270409971783,641
11270410202161,11270410202971,810
11270410431659,11270410432299,640
11270410662804,11270410663598,794
11270410892375,11270410893101,726
11270411122583,11270411123383,800
11270411361255,11270411361912,657
11270411595639,11270411596453,814
11270411825033,11270411825690,657
11270412055339,11270412056152,813
11270412292567,11270412293192,625
11270412525096,11270412525899,803
11270412754925,11270412755578,653
11270412985630,11270412986429,799
11270413215999,11270413216651,652
11270413445784,11270413446595,811
11270413674946,11270413675559,613
11270413905676,11270413906490,814
11270414134464,11270414135103,639
11270414364807,11270414365609,802
11270414594243,11270414594908,665
11270414824859,11270414825670,811
11270415053708,11270415054390,682
11270415288039,11270415288811,772
11270415516540,11270415517228,688
11270415755483,11270415756296,813
11270415988797,11270415989471,674
11270416221495,11270416222287,792
11270416458272,11270416458941,669
11270416691785,11270416692537,752
11270416927334,11270416927992,658
11270417161033,11270417161804,771
11270417395728,11270417396350,622
11270417627833,11270417628615,782
11270417861701,11270417862364,663
11270418092211,11270418092992,781
11270418327257,11270418327954,697
11270418560189,11270418561038,849
11270418790019,11270418790694,675
11270419045956,11270419046816,860
11270419283113,11270419283901,788
11270419516921,11270419517730,809
11270419748854,11270419749475,621
11270419981582,11270419982384,802
11270420213348,11270420214028,680
11270420464019,11270420464780,761
11270420695312,11270420695967,655
11270420926229,11270420926997,768
11270421157568,11270421158228,660
11270421403962,11270421404738,776
11270421633411,11270421634054,643
11270421862324,11270421863109,785
11270422091788,11270422092414,626
11270422333308,11270422334131,823
11270422565374,11270422566021,647
11270422796736,11270422797535,799
11270423027597,11270423028257,660
11270423258236,11270423259039,803
11270423488107,11270423488736,629
11270423719293,11270423720053,760
11270423948930,11270423949557,627
11270424179387,11270424180149,762
11270424408796,11270424409408,612
11270424639962,11270424640771,809
11270425103476,11270425104129,653
11270425335738,11270425336508,770
11270425592169,11270425592824,655
11270425826589,11270425827429,840
11270426059686,11270426060354,668
11270426296508,11270426297274,766
11270426527314,11270426527974,660
11270426758887,11270426759672,785
11270426988735,11270426989365,630
11270427218771,11270427219562,791
11270427447742,11270427448393,651
11270427677459,11270427678221,762
11270427912378,11270427913025,647
11270428144326,11270428145158,832
11270428374715,11270428375369,654
11270428604209,11270428605045,836
11270428833289,11270428833943,654
11270429069741,11270429070576,835
11270429300051,11270429300690,639
11270429531111,11270429531887,776
11270429761864,11270429762492,628
11270429994522,11270429995321,799
11270430225830,11270430226479,649
11270430457686,11270430458495,809
11270430687329,11270430687983,654
11270430918761,11270430919554,793
11270431148251,11270431148899,648
11270431379043,11270431379874,831
11270431609178,11270431609804,626
11270431840270,11270431841110,840
11270432070350,11270432070987,637
11270432309419,11270432310282,863
11270432557883,11270432558566,683
11270432790272,11270432791082,810
11270433020665,11270433021329,664
11270433261480,11270433262284,804
11270433491657,11270433492294,637
11270433722445,11270433723246,801
11270433953179,11270433953813,634
11270434182634,11270434183421,787
11270434412057,11270434412666,609
11270434642543,11270434643323,780
11270434871647,11270434872274,627
11270435105239,11270435106066,827
11270435335129,11270435335756,627
11270435572121,11270435572928,807
11270435804372,11270435805028,656
11270436036858,11270436037674,816
11270436268039,11270436268673,634
11270436503265,11270436504060,795
11270436736254,11270436736923,669
11270436968511,11270436969329,818
11270437199185,11270437199864,679
11270437435965,11270437436804,839
11270437667010,11270437667649,639
11270437897784,11270437898571,787
11270438127912,11270438128571,659
11270438364086,11270438364867,781
11270438593814,11270438594473,659
11270438824991,11270438825814,823
11270439062201,11270439062854,653
11270439296158,11270439296979,821
11270439532667,11270439533308,641
11270439764785,11270439765617,832
11270439995085,11270439995743,658
11270440225504,11270440226310,806
11270440455243,11270440455941,698
11270440685701,11270440686514,813
11270440915702,11270440916358,656
11270441146150,11270441146971,821
11270441391059,11270441391714,655
11270441621219,11270441622013,794
11270441849241,11270441849882,641
11270442078144,11270442078994,850
11270442314137,11270442314792,655
11270442545408,11270442546213,805
11270442774495,11270442775144,649
11270443003836,11270443004665,829
11270443231844,11270443232495,651
11270443461849,11270443462660,811
11270443691036,11270443691672,636
11270443920760,11270443921607,847
11270444387820,11270444388463,643
11270444620646,11270444621407,761
11270444850697,11270444851369,672
11270445081418,11270445082230,812
11270445311223,11270445311929,706
11270445545450,11270445546332,882
11270445777296,11270445777961,665
11270446009158,11270446010022,864
11270446240011,11270446240703,692
11270446496449,11270446497306,857
11270446726380,11270446727074,694
11270446956319,11270446957124,805
11270447189010,11270447189677,667
11270447418541,11270447419378,837
11270447646549,11270447647252,703
11270447874691,11270447875500,809
11270448101740,11270448102400,660
11270448330570,11270448331398,828
11270448558083,11270448558760,677
11270448787579,11270448788462,883
11270449023431,11270449024142,711
11270449258196,11270449259046,850
11270449489981,11270449490675,694
11270449722375,11270449723275,900
11270449956072,11270449956729,657
11270450186547,11270450187407,860
11270450421371,11270450422072,701
11270450650777,11270450651665,888
11270450880003,11270450880704,701
11270451109113,11270451109949,836
11270451359708,11270451360378,670
11270451589016,11270451589846,830
11270451817023,11270451817686,663
11270452046242,11270452047062,820
11270452283696,11270452284364,668
11270452516887,11270452517709,822
11270452747670,11270452748330,660
11270452979425,11270452980291,866
11270453209162,11270453209795,633
11270453450326,11270453451171,845
11270453679911,11270453680574,663
11270453910181,11270453910995,814
11270454137923,11270454138673,750
11270454371135,11270454371964,829
11270454601080,11270454601729,649
11270454831136,11270454831935,799
11270455059943,11270455060559,616
11270455290026,11270455290821,795
11270455520209,11270455520872,663
11270455760047,11270455760931,884
11270455992027,11270455992747,720
11270456225454,11270456226257,803
11270456473978,11270456474646,668
11270456710377,11270456711199,822
11270456942345,11270456943080,735
11270457173277,11270457174104,827
11270457414637,11270457415350,713
11270457645130,11270457645939,809
11270457875004,11270457875712,708
11270458105241,11270458106045,804
11270458334754,11270458335420,666
11270458568459,11270458569326,867
11270458798833,11270458799531,698
11270459037114,11270459037960,846
11270459270116,11270459270819,703
11270459502096,11270459502970,874
11270459734832,11270459735527,695
11270459966382,11270459967246,864
11270460197233,11270460197924,691
11270460442545,11270460443401,856
11270460672021,11270460672708,687
11270460900352,11270460901194,842
11270461128409,11270461129089,680
11270461380508,11270461381338,830
11270461611047,11270461611691,644
11270461841398,11270461842258,860
11270462070549,11270462071238,689
11270462308883,11270462309698,815
11270462542772,11270462543501,729
11270462776067,11270462776942,875
11270463007230,11270463007917,687
11270463240076,11270463240967,891
11270463692678,11270463693365,687
11270463925947,11270463926775,828
11270464155450,11270464156143,693
11270464386129,11270464386982,853
11270464616556,11270464617263,707
11270464848225,11270464849035,810
11270465078509,11270465079156,647
11270465312647,11270465313484,837
11270465550563,11270465551258,695
11270465787892,11270465788749,857
11270466020505,11270466021160,655
11270466251505,11270466252388,883
11270466493486,11270466494122,636
11270466726438,11270466727305,867
11270466958497,11270466959157,660
11270467189491,11270467190369,878
11270467419226,11270467419869,643
11270467649673,11270467650513,840
11270467878809,11270467879469,660
11270468109341,11270468110163,822
11270468338711,11270468339352,641
11270468569562,11270468570430,868
11270468800169,11270468800843,674
11270469037309,11270469038112,803
11270469270237,11270469270848,611
11270469500353,11270469501221,868
11270469729606,11270469730241,635
11270469961494,11270469962306,812
11270470190930,11270470191611,681
11270470420866,11270470421696,830
11270470651293,11270470651983,690
11270470880920,11270470881769,849
11270471109904,11270471110587,683
11270471341482,11270471342334,852
11270471571321,11270471571950,629
11270471803537,11270471804390,853
11270472033456,11270472034115,659
11270472276417,11270472277293,876
11270472517537,11270472518197,660
11270472750569,11270472751402,833
11270472982035,11270472982735,700
11270473215373,11270473216197,824
11270473455992,11270473456665,673
11270473688587,11270473689399,812
11270473923576,11270473924241,665
11270474153058,11270474153882,824
11270474387459,11270474388150,691
11270474619335,11270474620140,805
11270474849289,11270474849972,683
11270475079673,11270475080494,821
11270475308748,11270475309457,709
11270475539572,11270475545579,6007
11270475779235,11270475779942,707
11270476011789,11270476012675,886
11270476243098,11270476243797,699
11270476475456,11270476476247,791
11270476705854,11270476706551,697
11270476938338,11270476939163,825
11270477167257,11270477167926,669
11270477399382,11270477400218,836
11270477629247,11270477629902,655
11270477858790,11270477859625,835
11270478087205,11270478087881,676
11270478325703,11270478326493,790
11270478555612,11270478556243,631
11270478785403,11270478786238,835
11270479020773,11270479021446,673
11270479254132,11270479254951,819
11270479502636,11270479503271,635
11270479735251,11270479736002,751
11270479966998,11270479967594,596
11270480198742,11270480199548,806
11270480427966,11270480428617,651
11270480658339,11270480659143,804
11270480887741,11270480888395,654
11270481117983,11270481118782,799
11270481347671,11270481348300,629
11270481577552,11270481578374,822
11270481806987,11270481807623,636
11270482040977,11270482041789,812
11270482277491,11270482278132,641
11270482741396,11270482742079,683
11270482977029,11270482977811,782
11270483207761,11270483208410,649
11270483440756,11270483441459,703
11270483672845,11270483673672,827
11270483902304,11270483903002,698
11270484133612,11270484134375,763
11270484363334,11270484364000,666
11270484594540,11270484595338,798
11270484824694,11270484825311,617
11270485054583,11270485055376,793
11270485284380,11270485285046,666
11270485514579,11270485515219,640
11270485755382,11270485756176,794
11270485989657,11270485990305,648
11270486221981,11270486222803,822
11270486469475,11270486470094,619
11270486701394,11270486702205,811
11270486932441,11270486933101,660
11270487163692,11270487164537,845
11270487393822,11270487394461,639
11270487624190,11270487625028,838
11270487854264,11270487854932,668
11270488084051,11270488084719,668
11270488314118,11270488314953,835
11270488557136,11270488557845,709
11270488786819,11270488787633,814
11270489022256,11270489022919,663
11270489256200,11270489257010,810
11270489488975,11270489489673,698
11270489721520,11270489722345,825
11270489952815,11270489953489,674
11270490184197,11270490185039,842
11270490415353,11270490416039,686
11270490644721,11270490645562,841
11270490874933,11270490875628,695
11270491109846,11270491110494,648
11270491343915,11270491345043,1128
11270491575718,11270491576347,629
11270491807886,11270491808634,748
11270492036397,11270492037073,676
11270492274289,11270492275160,871
11270492507612,11270492508325,713
11270492739579,11270492740375,796
11270492971622,11270492972275,653
11270493202970,11270493203768,798
11270493447125,11270493447778,653
11270493678364,11270493679170,806
11270493908154,11270493908819,665
11270494137769,11270494138566,797
11270494367973,11270494368680,707
11270494599013,11270494599792,779
11270494828451,11270494829122,671
11270495058926,11270495059722,796
11270495288582,11270495289234,652
11270495519239,11270495520014,775
11270495759585,11270495760260,675
11270495992253,11270495993097,844
11270496223511,11270496224197,686
11270496455661,11270496456565,904
11270496688173,11270496688806,633
11270496919995,11270496920835,840
11270497150427,11270497151082,655
11270497382398,11270497383210,812
11270497611640,11270497612292,652
11270497841814,11270497842653,839
11270498071764,11270498072425,661
11270498302408,11270498303199,791
11270498541007,11270498541639,632
11270498773445,11270498774278,833
11270499024899,11270499025563,664
11270499280282,11270499280972,690
11270499516542,11270499517416,874
11270499751516,11270499752215,699
11270499986123,11270499986945,822
11270500219112,11270500219762,650
11270500452207,11270500453028,821
11270500682708,11270500683420,712
11270500914277,11270500915127,850
11270501146434,11270501147073,639
11270501383943,11270501384774,831
11270501848885,11270501849739,854
11270502086709,11270502087561,852
11270502330489,11270502331155,666
11270502565065,11270502565896,831
11270502798047,11270502798692,645
11270503032238,11270503033044,806
11270503266149,11270503266800,651
11270503497818,11270503498648,830
11270503728972,11270503729622,650
11270503960554,11270503961347,793
11270504190391,11270504191047,656
11270504424326,11270504424998,672
11270504654530,11270504655329,799
11270504884598,11270504885259,661
11270505115979,11270505116668,689
11270505360657,11270505361488,831
11270505598743,11270505599427,684
11270505833381,11270505834192,811
11270506067658,11270506068285,627
11270506301858,11270506302677,819
11270506534786,11270506535436,650
11270506767829,11270506768530,701
11270507000306,11270507000987,681
11270507234845,11270507235604,759
11270507466300,11270507466958,658
11270507696650,11270507697447,797
11270507927371,11270507928013,642
11270508159088,11270508159853,765
11270508396026,11270508396691,665
11270508629324,11270508630021,697
11270508859541,11270508860240,699
11270509103550,11270509104392,842
11270509337247,11270509337972,725
11270509569321,11270509570163,842
11270509801531,11270509802197,666
11270510034806,11270510035644,838
11270510265724,11270510266381,657
11270510501932,11270510502609,677
11270510731766,11270510732438,672
11270510963019,11270510963833,814
11270511193471,11270511194139,668
11270511424013,11270511424701,688
11270511656189,11270511656869,680
11270511887105,11270511887916,811
11270512116923,11270512117568,645
11270512355426,11270512356159,733
11270512589067,11270512589871,804
11270512821865,11270512822516,651
11270513056013,11270513056725,712
11270513289777,11270513304277,14500
11270513536585,11270513537391,806
11270513768104,11270513768769,665
11270514000335,11270514001162,827
11270514230291,11270514230949,658
11270514472648,11270514473483,835
11270514726497,11270514727122,625
11270514937535,11270514938284,749
11270515147949,11270515148571,622
11270515372559,11270515373327,768
11270515635414,11270515636120,706
11270515868247,11270515868928,681
11270516099506,11270516100304,798
11270516331582,11270516332254,672
11270516562619,11270516563423,804
11270516811866,11270516812499,633
11270517024412,11270517025032,620
11270517235391,11270517236177,786
11270517445506,11270517446110,604
11270517656493,11270517657252,759
11270517866723,11270517867308,585
11270518078475,11270518079095,620
11270518289205,11270518289979,774
11270518498144,11270518498782,638
11270518707743,11270518708507,764
11270518925674,11270518926322,648
11270519138637,11270519139253,616
11270519351712,11270519352514,802
11270519564526,11270519565144,618
11270519775828,11270519776579,751
11270519986478,11270519987113,635
11270520197111,11270520197893,782
11270520405765,11270520406352,587
11270520829107,11270520829722,615
11270521042225,11270521042791,566
11270521330981,11270521331739,758
11270521541343,11270521541962,619
11270521751527,11270521752307,780
11270521960558,11270521961166,608
11270522169438,11270522170063,625
11270522387860,11270522388462,602
11270522598869,11270522599473,604
11270522809082,11270522809643,561
11270523018538,11270523019292,754
11270523227494,11270523228121,627
11270523437619,11270523438344,725
11270523647203,11270523647785,582
11270523857782,11270523858419,637
11270524067658,11270524068261,603
11270524287369,11270524287980,611
11270524497535,11270524498054,519
11270524706380,11270524706905,525
11270524919624,11270524920163,539
11270525128563,11270525129119,556
11270525338547,11270525339089,542
11270525556374,11270525556942,568
11270525769415,11270525769977,562
11270525981250,11270525981839,589
11270526266915,11270526267488,573
11270526479089,11270526479689,600
11270526691579,11270526692194,615
11270526902376,11270526902971,595
11270527112757,11270527113330,573
11270527323101,11270527323673,572
11270527532276,11270527532858,582
11270527742340,11270527743051,711
11270527951430,11270527952137,707
11270528164154,11270528164855,701
11270528374364,11270528374964,600
11270528584581,11270528585174,593
11270528848286,11270528848945,659
11270529108922,11270529109561,639
11270529321070,11270529321750,680
11270529533211,11270529533818,607
11270529744722,11270529745291,569
11270529956494,11270529957086,592
11270530167976,11270530168697,721
11270530379171,11270530379841,670
11270530590770,11270530591340,570
11270530801093,11270530801648,555
11270531009687,11270531010445,758
11270531219865,11270531220458,593
11270531429462,11270531430017,555
11270531639989,11270531640595,606
11270531849296,11270531849856,560
11270532057821,11270532058550,729
11270532274047,11270532274665,618
11270532486963,11270532487553,590
11270532700358,11270532700920,562
11270532912592,11270532913140,548
11270533124718,11270533125461,743
11270533336214,11270533336853,639
11270533548052,11270533548828,776
11270533756588,11270533757179,591
11270534043451,11270534044212,761
11270534253148,11270534253750,602
11270534462744,11270534463349,605
11270534672534,11270534673400,866
11270534882887,11270534883496,609
11270535092804,11270535093521,717
11270535303435,11270535304013,578
11270535516573,11270535517131,558
11270535736319,11270535736917,598
11270535949298,11270535949847,549
11270536161819,11270536162429,610
11270536374682,11270536375210,528
11270536586329,11270536586882,553
11270536797860,11270536798449,589
11270537007725,11270537008330,605
11270537218813,11270537219381,568
11270537430085,11270537430650,565
11270537640528,11270537641104,576
11270537851178,11270537851764,586
11270538278041,11270538278667,626
11270538490956,11270538491577,621
11270538701726,11270538702333,607
11270538921787,11270538922407,620
11270539208423,11270539209013,590
11270539422285,11270539422898,613
11270539633339,11270539633945,606
11270539845343,11270539845911,568
11270540056809,11270540057400,591
11270540268767,11270540269354,587
11270540477958,11270540478544,586
11270540687983,11270540688575,592
11270540899374,11270540899973,599
11270541114100,11270541114705,605
11270541324040,11270541324634,594
11270541535201,11270541535796,595
11270541744909,11270541745491,582
11270541954439,11270541954992,553
11270542164812,11270542165365,553
11270542589121,11270542589754,633
11270542864698,11270542865310,612
11270543080173,11270543080770,597
11270543296077,11270543296668,591
11270543531240,11270543531763,523
11270543741138,11270543741704,566
11270543951317,11270543951892,575
11270544234331,11270544234934,603
11270544444313,11270544444876,563
11270544654158,11270544654698,540
11270544864578,11270544865120,542
11270545074255,11270545074821,566
11270545283967,11270545284543,576
11270545494023,11270545494597,574
11270545708631,11270545709202,571
11270545919857,11270545920459,602
11270546131075,11270546131656,581
11270546341744,11270546342324,580
11270546577606,11270546578184,578
11270546796616,11270546797235,619
11270547013152,11270547013721,569
11270547229175,11270547229772,597
11270547445352,11270547445931,579
11270547661723,11270547662292,569
11270547953976,11270547954541,565
11270548177484,11270548178038,554
11270548392418,11270548392999,581
11270548614194,11270548614812,618
11270548829761,11270548830374,613
11270549049846,11270549050442,596
11270549342200,11270549342807,607
11270549564711,11270549565279,568
11270549780129,11270549780716,587
11270549994902,11270549995520,618
11270550211308,11270550211909,601
11270550426288,11270550426886,598
11270550642643,11270550643219,576
11270550857812,11270550858363,551
11270551073826,11270551074381,555
11270551288914,11270551289497,583
11270551548243,11270551548872,629
11270551777243,11270551777912,669
11270552005647,11270552006269,622
11270552243730,11270552244336,606
11270552500205,11270552500774,569
11270552736160,11270552736717,557
11270552948233,11270552948796,563
11270553159876,11270553160449,573
11270553370587,11270553371151,564
11270553581177,11270553581734,557
11270553881136,11270553881702,566
11270554091202,11270554091763,561
11270554301319,11270554301873,554
11270554512340,11270554512947,607
11270554750797,11270554751390,593
11270554966735,11270554967316,581
11270555183844,11270555184429,585
11270555446844,11270555447487,643
11270555713474,11270555714093,619
11270555931846,11270555932434,588
11270556150768,11270556151360,592
11270556589166,11270556589874,708
11270556809620,11270556810230,610
11270557106600,11270557107141,541
11270557370134,11270557370775,641
11270557632585,11270557633183,598
11270557946052,11270557946651,599
11270558241277,11270558241812,535
11270558512016,11270558512635,619
11270558746146,11270558746771,625
11270559016127,11270559016702,575
11270559306776,11270559307380,604
11270559581019,11270559581659,640
11270559835716,11270559836313,597
11270560126865,11270560127476,611
11270560427032,11270560427637,605
11270560690285,11270560690901,616
11270560920394,11270560921030,636
11270561151168,11270561151805,637
11270561421633,11270561422333,700
11270561694240,11270561694881,641
11270561924043,11270561924681,638
11270562154060,11270562154685,625
11270562421301,11270562421880,579
11270562712267,11270562712892,625
11270563008482,11270563009087,605
11270563297397,11270563297973,576
11270563592690,11270563593266,576
11270563880225,11270563880775,550
11270564176556,11270564177163,607
11270564468031,11270564468634,603
11270564739568,11270564740176,608
11270564969623,11270564970245,622
11270565199622,11270565200226,604
11270565437078,11270565437691,613
11270565705604,11270565706198,594
11270565995953,11270565996542,589
11270566300692,11270566301284,592
11270566592859,11270566593439,580
11270566865701,11270566866325,624
11270567095831,11270567096420,589
11270567325350,11270567326001,651
11270567555260,11270567555878,618
11270567785294,11270567785905,611
11270568015828,11270568016459,631
11270568246529,11270568247133,604
11270568516818,11270568517821,1003
11270568752801,11270568753438,637
11270568995834,11270568996428,594
11270569241259,11270569241882,623
11270569475783,11270569476438,655
11270569709773,11270569710373,600
11270569940524,11270569941162,638
11270570171485,11270570172108,623
11270570417995,11270570418636,641
11270570649243,11270570649881,638
11270570878047,11270570878651,604
11270571108855,11270571109500,645
11270571348827,11270571349403,576
11270571583153,11270571583759,606
11270571814611,11270571815190,579
11270572044396,11270572045000,604
11270572310811,11270572311413,602
11270572543287,11270572543892,605
11270572772488,11270572773094,606
11270573001305,11270573001907,602
11270573230809,11270573231472,663
11270573460018,11270573460613,595
11270573689360,11270573689977,617
11270573919847,11270573920474,627
11270574149835,11270574150445,610
11270574380061,11270574380654,593
11270574609655,11270574610229,574
11270574840871,11270574841450,579
11270575070121,11270575070719,598
11270575299984,11270575300622,638
11270575527831,11270575528490,659
11270575766204,11270575766849,645
11270576009711,11270576010327,616
11270576243671,11270576244310,639
11270576734622,11270576735251,629
11270576967278,11270576967889,611
11270577198540,11270577199176,636
11270577446918,11270577447539,621
11270577676929,11270577677577,648
11270577907659,11270577908289,630
11270578137832,11270578138478,646
11270578368287,11270578368945,658
11270578611856,11270578612457,601
11270578842406,11270578843021,615
11270579082384,11270579083041,657
11270579316338,11270579316947,609
11270579549381,11270579550002,621
11270579781372,11270579781959,587
11270580014785,11270580015394,609
11270580246871,11270580247489,618
11270580477495,11270580478090,595
11270580709474,11270580710064,590
11270580939248,11270580939851,603
11270581168735,11270581169345,610
11270581411832,11270581412443,611
11270581688390,11270581689442,1052
11270581953689,11270581954657,968
11270582193730,11270582194625,895
11270582457334,11270582458121,787
11270582692542,11270582693267,725
11270582926940,11270582927691,751
11270583161090,11270583161932,842
11270583435552,11270583436546,994
11270583724836,11270583725596,760
11270584015892,11270584016766,874
11270584266899,11270584267785,886
11270584507185,11270584508050,865
11270584741957,11270584742861,904
11270584976080,11270584976835,755
11270585209915,11270585210966,1051
11270585444444,11270585445239,795
11270585689338,11270585690493,1155
11270585926247,11270585927033,786
11270586161625,11270586162372,747
11270586397689,11270586398461,772
11270586633461,11270586634233,772
11270586868113,11270586868858,745
11270587101261,11270587101928,667
11270587332863,11270587333605,742
11270587577796,11270587578517,721
11270587807842,11270587808538,696
11270588038569,11270588039216,647
11270588269490,11270588270148,658
11270588500965,11270588501615,650
11270588731506,11270588732139,633
11270588971715,11270588972380,665
11270589205476,11270589206128,652
11270589457376,11270589458027,651
11270589688724,11270589689383,659
11270589920003,11270589920633,630
11270590151595,11270590152231,636
11270590400339,11270590401003,664
11270590629336,11270590629966,630
11270590859704,11270590860323,619
11270591089992,11270591090615,623
11270591320192,11270591337601,17409
11270591566305,11270591566912,607
11270591795394,11270591795975,581
11270592025938,11270592026593,655
11270592267172,11270592267803,631
11270592500187,11270592500782,595
11270592731670,11270592732269,599
11270592963938,11270592964592,654
11270593195122,11270593195748,626
11270593442535,11270593443176,641
11270593673023,11270593673630,607
11270593902784,11270593903428,644
11270594137329,11270594137937,608
11270594367446,11270594368083,637
11270594622917,11270594623495,578
11270594832882,11270594833464,582
11270595043099,11270595043661,562
11270595252868,11270595253417,549
11270595465948,11270595466543,595
11270595970249,11270595970918,669
11270596187186,11270596187777,591
11270596398666,11270596399249,583
11270596609556,11270596610107,551
11270596821956,11270596822529,573
11270597033784,11270597034386,602
11270597244916,11270597245475,559
11270597456665,11270597457256,591
11270597667171,11270597667702,531
11270597876187,11270597876752,565
11270598085953,11270598086498,545
11270598296169,11270598296720,551
11270598505998,11270598506549,551
11270598715008,11270598715581,573
11270598971613,11270598972214,601
11270599218128,11270599218729,601
11270599430944,11270599431741,797
11270599643163,11270599643747,584
11270599854348,11270599854938,590
11270600064468,11270600065055,587
11270600274732,11270600275322,590
11270600484411,11270600484971,560
11270600694264,11270600694834,570
11270600903939,11270600904505,566
11270601113770,11270601114346,576
11270601324058,11270601324624,566
11270601535510,11270601536097,587
11270601745429,11270601746007,578
11270601954849,11270601955428,579
11270602175614,11270602176215,601
11270602476515,11270602477114,599
11270602687966,11270602688577,611
11270602898136,11270602898708,572
11270603108464,11270603108997,533
11270603317698,11270603318260,562
11270603527347,11270603527896,549
11270603737433,11270603737980,547
11270603947016,11270603947599,583
11270604157809,11270604158388,579
11270604367827,11270604368370,543
11270604577655,11270604578215,560
11270604787496,11270604788079,583
11270604997070,11270604997654,584
11270605206917,11270605207540,623
11270605417371,11270605417938,567
11270605710454,11270605711035,581
11270605922902,11270605923547,645
11270606134305,11270606134896,591
11270606345917,11270606346484,567
11270606559084,11270606559621,537
11270606769210,11270606769764,554
11270606979702,11270606980221,519
11270607189449,11270607190017,568
11270607398924,11270607399494,570
11270607608151,11270607608708,557
11270607818334,11270607818926,592
11270608027975,11270608028576,601
11270608239070,11270608239663,593
11270608449230,11270608449824,594
11270608659115,11270608659681,566
11270608869618,11270608870173,555
11270609167129,11270609167769,640
11270609380332,11270609380913,581
11270609591819,11270609592417,598
11270609802707,11270609803263,556
11270610014280,11270610014863,583
11270610229107,11270610229698,591
11270610439584,11270610440162,578
11270610649611,11270610650198,587
11270610859109,11270610859694,585
11270611069381,11270611069954,573
11270611279666,11270611280217,551
11270611489625,11270611490192,567
11270611699711,11270611700314,603
11270611909898,11270611910460,562
11270612119640,11270612120229,589
11270612414275,11270612414857,582
11270612627394,11270612627988,594
11270612838847,11270612839419,572
11270613051085,11270613051645,560
11270613478781,11270613479371,590
11270613692212,11270613692782,570
11270613902713,11270613903292,579
11270614190064,11270614190617,553
11270614407612,11270614408171,559
11270614643552,11270614644144,592
11270614860646,11270614861253,607
11270615075756,11270615076369,613
11270615292907,11270615293482,575
11270615509442,11270615510051,609
11270615805215,11270615805770,555
11270616021183,11270616021740,557
11270616237132,11270616237717,585
11270616453087,11270616453685,598
11270616668746,11270616669334,588
11270616884376,11270616884992,616
11270617100560,11270617101174,614
11270617316447,11270617317054,607
11270617531614,11270617532221,607
11270617750751,11270617751356,605
11270617967936,11270617968580,644
11270618183929,11270618184527,598
11270618398875,11270618399458,583
11270618615508,11270618616123,615
11270618830764,11270618831335,571
11270619128307,11270619128947,640
11270619346499,11270619347164,665
11270619561514,11270619562158,644
11270619778321,11270619778939,618
11270619994051,11270619994659,608
11270620209583,11270620210172,589
11270620425877,11270620426470,593
11270620641634,11270620642213,579
11270620857638,11270620858227,589
11270621073162,11270621073754,592
11270621288847,11270621289435,588
11270621526800,11270621527354,554
11270621737066,11270621737672,606
11270621947658,11270621948243,585
11270622157222,11270622157788,566
11270622448956,11270622449560,604
11270622686172,11270622686777,605
11270622903340,11270622903924,584
11270623119583,11270623120146,563
11270623335997,11270623336587,590
11270623551900,11270623552533,633
11270623767705,11270623768279,574
11270624020724,11270624021321,597
11270624271855,11270624272430,575
11270624487327,11270624487890,563
11270624703556,11270624704127,571
11270624919381,11270624919968,587
11270625134442,11270625135025,583
11270625349891,11270625350474,583
11270625574350,11270625574966,616
11270625871835,11270625872408,573
11270626088359,11270626088943,584
11270626305643,11270626306226,583
11270626542370,11270626542946,576
11270626766297,11270626766892,595
11270626978714,11270626979291,577
11270627189356,11270627189924,568
11270627399848,11270627400421,573
11270627609879,11270627610450,571
11270627820828,11270627821401,573
11270628031095,11270628031684,589
11270628242105,11270628242667,562
11270628452188,11270628452771,583
11270628689692,11270628690297,605
11270629111597,11270629112322,725
11270629338530,11270629339239,709
11270629562846,11270629563482,636
11270629781752,11270629782364,612
11270629999254,11270629999866,612
11270630262751,11270630263392,641
11270630517360,11270630517974,614
11270630754738,11270630755330,592
11270630965950,11270630966535,585
11270631176522,11270631177135,613
11270631606028,11270631606630,602
11270631818880,11270631819456,576
11270632029469,11270632030038,569
11270632299724,11270632300398,674
11270632633871,11270632634471,600
11270632923165,11270632923820,655
11270633155309,11270633155913,604
11270633387871,11270633388498,627
11270633636543,11270633637107,564
11270633869876,11270633870507,631
11270634102442,11270634103094,652
11270634334881,11270634335480,599
11270634565728,11270634566357,629
11270634798863,11270634799476,613
11270635031821,11270635032448,627
11270635282412,11270635283017,605
11270635517212,11270635517851,639
11270635803006,11270635803723,717
11270636078167,11270636078887,720
11270636360816,11270636361481,665
11270636638504,11270636639152,648
11270636883441,11270636884080,639
11270637164393,11270637165064,671
11270637422607,11270637423272,665
11270637669376,11270637670061,685
11270637914071,11270637914961,890
11270638187266,11270638188242,976
11270638426178,11270638426834,656
11270638685111,11270638685762,651
11270638947172,11270638947904,732
11270639235810,11270639236678,868
11270639529251,11270639529866,615
11270639885460,11270639886636,1176
11270640288556,11270640289625,1069
11270640662717,11270640663767,1050
11270641011995,11270641012895,900
11270641362093,11270641363042,949
11270641638454,11270641639220,766
11270641949120,11270641950028,908
11270642334866,11270642335706,840
11270642641025,11270642641674,649
11270642897011,11270642897651,640
11270643155512,11270643156251,739
11270643404915,11270643405521,606
11270643656911,11270643657710,799
11270643909655,11270643910287,632
11270644154896,11270644155568,672
11270644396058,11270644396721,663
11270644633977,11270644634559,582
11270644869140,11270644869781,641
11270645103572,11270645104242,670
11270645339690,11270645340331,641
11270645599995,11270645600649,654
11270645845682,11270645846312,630
11270646089882,11270646090520,638
11270646324149,11270646324737,588
11270646566951,11270646567615,664
11270646800698,11270646801335,637
11270647034873,11270647035524,651
11270647279443,11270647280067,624
11270647578018,11270647578637,619
11270647878371,11270647878978,607
11270648145795,11270648146443,648
11270648384223,11270648384856,633
11270648627538,11270648628161,623
11270648862102,11270648862721,619
11270649108524,11270649109151,627
11270649363989,11270649364587,598
11270649621641,11270649622262,621
11270649852056,11270649852667,611
11270650083827,11270650084452,625
11270650313907,11270650314503,596
11270650544315,11270650544926,611
11270650774146,11270650774767,621
11270651022438,11270651023272,834
11270651260836,11270651261960,1124
11270651500329,11270651501135,806
11270651798019,11270651798821,802
11270652068661,11270652069438,777
11270652400827,11270652401759,932
11270652661498,11270652662368,870
11270653212499,11270653213945,1446
11270653526413,11270653527200,787
11270653828808,11270653829681,873
11270654113074,11270654114177,1103
11270654417500,11270654418714,1214
11270654762887,11270654764139,1252
11270655098114,11270655099250,1136
11270655440388,11270655441866,1478
11270655789347,11270655790102,755
11270656114873,11270656116060,1187
11270656439369,11270656440144,775
11270656692033,11270656692793,760
11270656935743,11270656936487,744
11270657192319,11270657193156,837
11270657521103,11270657521860,757
11270657788474,11270657789424,950
11270658030309,11270658031132,823
11270658271281,11270658272012,731
11270658532462,11270658533235,773
11270658768610,11270658769309,699
11270659038456,11270659039240,784
11270659302921,11270659303687,766
11270659541455,11270659542232,777
11270659779909,11270659780621,712
11270660017714,11270660018373,659
11270660253217,11270660253850,633
11270660498904,11270660499552,648
11270660731558,11270660732266,708
11270660964182,11270660964839,657
11270661197717,11270661198333,616
11270661438540,11270661439133,593
11270661670646,11270661671297,651
11270661938547,11270661939158,611
11270662194023,11270662230466,36443
11270662526201,11270662526877,676
11270662764274,11270662764911,637
11270662999576,11270663000192,616
11270663232468,11270663233145,677
11270663487447,11270663488069,622
11270663739942,11270663740520,578
11270663958315,11270663958896,581
11270664209709,11270664210251,542
11270664420145,11270664420711,566
11270664631172,11270664631685,513
11270664840966,11270664841465,499
11270665051738,11270665052265,527
11270665270758,11270665271281,523
11270665535135,11270665535728,593
11270665838559,11270665839216,657
11270666092362,11270666092984,622
11270666330909,11270666331489,580
11270666562335,11270666562942,607
11270666793079,11270666793643,564
11270667023288,11270667023895,607
11270667252939,11270667253521,582
11270667484356,11270667484958,602
11270667714469,11270667715054,585
11270668022894,11270668023489,595
11270668253107,11270668253668,561
11270668487433,11270668488035,602
11270668716695,11270668717329,634
11270669005380,11270669005993,613
11270669300107,11270669300702,595
11270669651241,11270669651833,592
11270669868073,11270669868652,579
11270670081021,11270670081589,568
11270670293476,11270670294033,557
11270670506252,11270670506821,569
11270670716209,11270670716793,584
11270670927294,11270670927814,520
11270671206132,11270671206763,631
11270671437761,11270671438385,624
11270671668503,11270671669115,612
11270671899619,11270671900220,601
11270672129300,11270672129948,648
11270672399120,11270672399733,613
11270672623802,11270672624393,591
11270672837138,11270672837704,566
11270673049791,11270673050357,566
11270673260560,11270673261096,536
11270673690616,11270673691188,572
11270673903639,11270673904201,562
11270674115707,11270674116287,580
11270674326188,11270674326737,549
11270674537195,11270674537757,562
11270674748878,11270674749455,577
11270674959651,11270674960187,536
11270675169922,11270675170455,533
11270675380041,11270675380549,508
11270675640371,11270675641002,631
11270675887439,11270675888004,565
11270676098188,11270676098769,581
11270676307693,11270676308254,561
11270676519298,11270676519847,549
11270676729747,11270676730274,527
11270676939395,11270676939927,532
11270677149489,11270677150013,524
11270677443596,11270677444181,585
11270677655008,11270677655564,556
11270677865876,11270677866427,551
11270678076126,11270678076683,557
11270678286580,11270678287138,558
11270678496849,11270678497367,518
11270678706177,11270678706737,560
11270678967873,11270678968503,630
11270679220902,11270679221473,571
11270679432196,11270679432773,577
11270679645338,11270679645909,571
11270679857576,11270679858124,548
11270680073706,11270680074264,558
11270680333321,11270680333930,609
11270680580273,11270680580813,540
11270680790751,11270680791303,552
11270681002094,11270681002653,559
11270681213341,11270681213874,533
11270681425730,11270681426260,530
11270681636289,11270681636845,556
11270681847162,11270681847675,513
11270682058166,11270682058663,497
11270682321669,11270682357200,35531
11270682570325,11270682570852,527
11270682793349,11270682793862,513
11270683006041,11270683006612,571
11270683218979,11270683219528,549
11270683431261,11270683431822,561
11270683642141,11270683642673,532
11270683892485,11270683893065,580
11270684124532,11270684125112,580
11270684362510,11270684363099,589
11270684594777,11270684595379,602
11270684826033,11270684826652,619
11270685056103,11270685056703,600
11270685285867,11270685286462,595
11270685515425,11270685516058,633
11270685760059,11270685760686,627
11270685992250,11270685992835,585
11270686223987,11270686224594,607
11270686457237,11270686457833,596
11270686689939,11270686690552,613
11270686925139,11270686925750,611
11270687172941,11270687173540,599
11270687500990,11270687501611,621
11270687739278,11270687739893,615
11270687971844,11270687972464,620
11270688202267,11270688202874,607
11270688445872,11270688446483,611
11270688676180,11270688676806,626
11270688942118,11270688942754,636
11270689183358,11270689184025,667
11270689438604,11270689439218,614
11270689675994,11270689676600,606
11270689909443,11270689910056,613
11270690143588,11270690144218,630
11270690375399,11270690376012,613
11270690606455,11270690607069,614
11270690838710,11270690839324,614
11270691069258,11270691069873,615
11270691297912,11270691298529,617
11270691765518,11270691766162,644
11270692004872,11270692005934,1062
11270692251464,11270692252312,848
11270692561371,11270692562229,858
11270692798295,11270692799062,767
11270693032279,11270693033023,744
11270693267179,11270693267879,700
11270693505808,11270693506421,613
11270693739436,11270693740535,1099
11270693973064,11270693973898,834
11270694206256,11270694207018,762
11270694439830,11270694440622,792
11270694673918,11270694674638,720
11270694907431,11270694908164,733
11270695140929,11270695141660,731
11270695372910,11270695373986,1076
11270695611844,11270695612624,780
11270695848299,11270695849045,746
11270696081704,11270696082381,677
11270696315155,11270696315766,611
11270696548641,11270696549282,641
11270696781381,11270696782022,641
11270697013598,11270697014431,833
11270697245375,11270697246136,761
11270697475648,11270697476296,648
11270697706255,11270697706871,616
11270697936704,11270697937325,621
11270698168060,11270698168862,802
11270698403734,11270698404453,719
11270698634586,11270698635229,643
11270698864654,11270698865263,609
11270699111966,11270699112646,680
11270699344420,11270699345250,830
11270699581121,11270699581850,729
11270699819177,11270699819988,811
11270700056345,11270700057022,677
11270700288440,11270700289091,651
11270700519654,11270700520287,633
11270700753068,11270700753676,608
11270700984035,11270700984636,601
11270701242542,11270701243109,567
11270701456485,11270701457053,568
11270701668007,11270701668741,734
11270701880227,11270701880797,570
11270702091508,11270702092019,511
11270702385798,11270702386399,601
11270702600040,11270702600782,742
11270702813909,11270702814559,650
11270703027208,11270703027770,562
11270703239764,11270703240339,575
11270703453947,11270703454693,746
11270703664748,11270703665338,590
11270703875373,11270703875949,576
11270704086117,11270704086674,557
11270704297163,11270704297722,559
11270704509092,11270704509828,736
11270704718900,11270704719561,661
11270704930094,11270704930689,595
11270705140915,11270705141460,545
11270705392326,11270705392943,617
11270705664008,11270705664609,601
11270705879334,11270705879959,625
11270706095636,11270706096383,747
11270706309455,11270706310097,642
11270706522047,11270706522762,715
11270706734202,11270706734793,591
11270706948767,11270706949463,696
11270707159596,11270707160163,567
11270707371786,11270707372471,685
11270707583431,11270707584018,587
11270707795358,11270707795929,571
11270708006152,11270708006896,744
11270708216521,11270708217078,557
11270708426802,11270708427397,595
11270708641194,11270708641772,578
11270708857270,11270708857966,696
11270709154726,11270709155321,595
11270709369756,11270709370330,574
11270709583553,11270709584123,570
11270709795836,11270709796594,758
11270710007837,11270710008441,604
11270710436043,11270710436756,713
11270710650546,11270710651160,614
11270710862672,11270710863373,701
11270711072619,11270711073252,633
11270711283305,11270711284006,701
11270711493761,11270711494386,625
11270711704259,11270711705008,749
11270711912710,11270711913297,587
11270712122278,11270712122983,705
11270712340621,11270712341237,616
11270712555288,11270712555882,594
11270712768143,11270712768923,780
11270712980339,11270712980967,628
11270713192913,11270713193702,789
11270713404757,11270713405337,580
11270713616243,11270713616952,709
11270713826932,11270713827554,622
11270714037863,11270714038581,718
11270714247523,11270714248156,633
11270714458547,11270714459267,720
11270714668882,11270714669456,574
11270714879583,11270714880314,731
11270715089092,11270715089687,595
11270715338855,11270715339951,1096
11270715619443,11270715620066,623
11270715880201,11270715880876,675
11270716130997,11270716131794,797
11270716343995,11270716344631,636
11270716558643,11270716559402,759
11270716771357,11270716771969,612
11270716983263,11270716984012,749
11270717193687,11270717194330,643
11270717403912,11270717404751,839
11270717614160,11270717614759,599
11270717824596,11270717825204,608
11270718036007,11270718036752,745
11270718245558,11270718246177,619
11270718456395,11270718457115,720
11270718666297,11270718666862,565
11270718884859,11270718885575,716
11270719172379,11270719172976,597
11270719385582,11270719386319,737
11270719625424,11270719626042,618
11270719842690,11270719843404,714
11270720060948,11270720061575,627
11270720329077,11270720329841,764
11270720559046,11270720559683,637
11270720788951,11270720789756,805
11270721018332,11270721018989,657
11270721259018,11270721259859,841
11270721517050,11270721517683,633
11270721733483,11270721734198,715
11270721948846,11270721949471,625
11270722164821,11270722165589,768
11270722469009,11270722469596,587
11270722704864,11270722705556,692
11270722915461,11270722916043,582
11270723126735,11270723127449,714
11270723337048,11270723337658,610
11270723561755,11270723562864,1109
11270723770952,11270723771541,589
11270723980793,11270723981520,727
11270724189812,11270724190411,599
11270724422942,11270724423695,753
11270724637326,11270724637938,612
11270724853298,11270724854023,725
11270725066753,11270725067336,583
11270725282975,11270725283565,590
11270725498914,11270725499512,598
11270725718177,11270725718796,619
11270725973734,11270725974548,814
11270726228323,11270726228914,591
11270726445135,11270726445853,718
11270726659850,11270726660491,641
11270726874725,11270726875478,753
11270727090201,11270727090773,572
11270727305730,11270727306487,757
11270727519256,11270727519812,556
11270727733823,11270727734561,738
11270727948533,11270727949142,609
11270728163372,11270728164099,727
11270728376863,11270728377476,613
11270728591466,11270728592201,735
11270729028025,11270729028715,690
11270729246113,11270729246868,755
11270729460550,11270729461170,620
11270729675356,11270729676125,769
11270729889350,11270729890212,862
11270730105327,11270730106085,758
11270730319784,11270730320362,578
11270730534811,11270730535588,777
11270730821967,11270730822612,645
11270731088465,11270731089248,783
11270731337640,11270731338239,599
11270731551486,11270731552260,774
11270731765036,11270731765623,587
11270731980026,11270731980777,751
11270732194402,11270732195043,641
11270732417337,11270732418124,787
11270732638411,11270732639058,647
11270732856412,11270732857165,753
11270733073781,11270733074414,633
11270733293253,11270733294038,785
11270733520680,11270733521272,592
11270733737436,11270733738175,739
11270733952622,11270733953232,610
11270734167765,11270734168537,772
11270734382212,11270734382832,620
11270734597442,11270734598204,762
11270734812351,11270734812953,602
11270735027809,11270735028557,748
11270735241941,11270735242537,596
11270735457071,11270735457867,796
11270735678886,11270735679562,676
11270735897227,11270735898063,836
11270736151914,11270736152614,700
11270736404613,11270736405401,788
11270736621327,11270736621970,643
11270736839067,11270736839871,804
11270737055463,11270737056078,615
11270737271716,11270737272500,784
11270737487042,11270737487638,596
11270737702571,11270737703311,740
11270737917128,11270737917726,598
11270738134329,11270738135127,798
11270738350292,11270738350904,612
11270738565404,11270738566155,751
11270738781113,11270738781698,585
11270739015865,11270739016651,786
11270739310451,11270739311095,644
11270739531711,11270739532490,779
11270739750639,11270739751255,616
11270739970013,11270739970889,876
11270740188540,11270740189171,631
11270740407545,11270740408283,738
11270740624953,11270740625552,599
11270740842617,11270740843323,706
11270741059067,11270741059683,616
11270741352506,11270741353271,765
11270741596206,11270741596795,589
11270741808410,11270741809189,779
11270742019366,11270742019944,578
11270742241329,11270742242061,732
11270742455138,11270742455723,585
11270742668560,11270742669300,740
11270742879867,11270742880484,617
11270743092706,11270743093484,778
11270743303708,11270743304290,582
11270743541171,11270743541996,825
11270743757984,11270743758583,599
11270743976339,11270743977122,783
11270744192269,11270744192896,627
11270744408600,11270744409378,778
11270744624202,11270744624874,672
11270744841342,11270744842098,756
11270745057417,11270745058035,618
11270745273029,11270745273780,751
11270745488435,11270745489047,612
11270745710297,11270745711044,747
11270745928136,11270745928722,586
11270746145310,11270746146101,791
11270746438094,11270746438719,625
11270746653525,11270746654303,778
11270747087559,11270747088251,692
11270747306780,11270747307538,758
11270747522306,11270747522938,632
11270747738660,11270747739445,785
11270747952917,11270747953532,615
11270748168836,11270748169620,784
11270748383002,11270748383602,600
11270748602114,11270748602876,762
11270748816830,11270748817420,590
11270749043763,11270749044543,780
11270749260414,11270749261021,607
11270749477581,11270749478352,771
11270749693478,11270749694072,594
11270749908386,11270749909139,753
11270750124562,11270750125190,628
11270750342145,11270750342906,761
11270750558201,11270750558816,615
11270750773380,11270750774151,771
11270750988610,11270750989221,611
11270751204276,11270751205017,741
11270751461780,11270751462458,678
11270751719904,11270751720670,766
11270752012321,11270752012923,602
11270752236155,11270752236889,734
11270752453808,11270752454445,637
11270752726067,11270752726879,812
11270752957683,11270752958384,701
11270753190286,11270753191098,812
11270753420475,11270753421130,655
11270753652000,11270753652838,838
11270753881376,11270753882061,685
11270754130371,11270754131507,1136
11270754368195,11270754368872,677
11270754607478,11270754608340,862
11270754842113,11270754842786,673
11270755077114,11270755077912,798
11270755310291,11270755310964,673
11270755572889,11270755573727,838
11270755816859,11270755817539,680
11270756091214,11270756092040,826
11270756335002,11270756335741,739
11270756574141,11270756574952,811
11270756805542,11270756806235,693
11270757040203,11270757041000,797
11270757279925,11270757280595,670
11270757517649,11270757518488,839
11270757750738,11270757751403,665
11270757982089,11270757982925,836
11270758211297,11270758211942,645
11270758441914,11270758442752,838
11270758671221,11270758671884,663
11270758960920,11270758961748,828
11270759205562,11270759206314,752
11270759443166,11270759443964,798
11270759677676,11270759678323,647
11270759909157,11270759909989,832
11270760138845,11270760139477,632
11270760369790,11270760370620,830
11270760598964,11270760599631,667
11270760831556,11270760832354,798
11270761061139,11270761061786,647
11270761307485,11270761308292,807
11270761537249,11270761537878,629
11270761767790,11270761768586,796
11270761996701,11270761997334,633
11270762236078,11270762236901,823
11270762482542,11270762483216,674
11270762716596,11270762717451,855
11270762949094,11270762949760,666
11270763182874,11270763183711,837
11270763415477,11270763416129,652
11270763646401,11270763647252,851
11270763875613,11270763876269,656
11270764105801,11270764106594,793
11270764335096,11270764335743,647
11270764565274,11270764566032,758
11270764794079,11270764794693,614
11270765026361,11270765027106,745
11270765256583,11270765257209,626
11270765486819,11270765487604,785
11270765723706,11270765724321,615
11270765956705,11270765957471,766
11270766427933,11270766428586,653
11270766663156,11270766663985,829
11270766893319,11270766893978,659
11270767123645,11270767124416,771
11270767374959,11270767375642,683
11270767607768,11270767608594,826
11270767836871,11270767837551,680
11270768066567,11270768067359,792
11270768299657,11270768300348,691
11270768529736,11270768530583,847
11270768758702,11270768759385,683
11270768997915,11270768998725,810
11270769236848,11270769237530,682
11270769466315,11270769467092,777
11270769696191,11270769696826,635
11270769927644,11270769928430,786
11270770158249,11270770158899,650
11270770401935,11270770402733,798
11270770631294,11270770631937,643
11270770860464,11270770861271,807
11270771089994,11270771090663,669
11270771318592,11270771319430,838
11270771546808,11270771547484,676
11270771776532,11270771777318,786
11270772006397,11270772007107,710
11270772249054,11270772249900,846
11270772481942,11270772482612,670
11270772730856,11270772731689,833
11270772960650,11270772961335,685
11270773191527,11270773192348,821
11270773425644,11270773426292,648
11270773655122,11270773655952,830
11270773885127,11270773885780,653
11270774114886,11270774115749,863
11270774343988,11270774344675,687
11270774575363,11270774576215,852
11270774806088,11270774806768,680
11270775035179,11270775036008,829
11270775264618,11270775265272,654
11270775494098,11270775494907,809
11270775728481,11270775729163,682
11270775959121,11270775959903,782
11270776187921,11270776188614,693
11270776418580,11270776419361,781
11270776647880,11270776648541,661
11270776877467,11270776878245,778
11270777107250,11270777107932,682
11270777352906,11270777353690,784
11270777581653,11270777582327,674
11270777811134,11270777811935,801
11270778039521,11270778040188,667
11270778277047,11270778277841,794
11270778505619,11270778506270,651
11270778734592,11270778735385,793
11270778975544,11270778976198,654
11270779218052,11270779218880,828
11270779448321,11270779448994,673
11270779678712,11270779679554,842
11270779908500,11270779909183,683
11270780138673,11270780139520,847
11270780366943,11270780367613,670
11270780596947,11270780597769,822
11270780825526,11270780826210,684
11270781056693,11270781057549,856
11270781285822,11270781286465,643
11270781516079,11270781516929,850
11270781745307,11270781745985,678
11270781975300,11270781976103,803
11270782203588,11270782204234,646
11270782440344,11270782441187,843
11270782672815,11270782673488,673
11270782905601,11270782906451,850
11270783137338,11270783138003,665
11270783369905,11270783370741,836
11270783608911,11270783609556,645
11270783842643,11270783843527,884
11270784072769,11270784073426,657
11270784303459,11270784304290,831
11270784532451,11270784533114,663
11270784762580,11270784763342,762
11270785001686,11270785002358,672
11270785232258,11270785233071,813
11270785734309,11270785734966,657
11270785971798,11270785972593,795
11270786204343,11270786204976,633
11270786440605,11270786441426,821
11270786671638,11270786672356,718
11270786904379,11270786905242,863
11270787134595,11270787135350,755
11270787366036,11270787366883,847
11270787595551,11270787596235,684
11270787824927,11270787825785,858
11270788055068,11270788055729,661
11270788285303,11270788286150,847
11270788513200,11270788513832,632
11270788742573,11270788743393,820
11270788980005,11270788980682,677
11270789213388,11270789214222,834
11270789445635,11270789446319,684
11270789680386,11270789681221,835
11270789913194,11270789913905,711
11270790145344,11270790146140,796
11270790375218,11270790375920,702
11270790605914,11270790606779,865
11270790835750,11270790836399,649
11270791065752,11270791066585,833
11270791294839,11270791295472,633
11270791525129,11270791525939,810
11270791754949,11270791755611,662
11270791985427,11270791986258,831
11270792222285,11270792222946,661
11270792455945,11270792456766,821
11270792687567,11270792688262,695
11270792919668,11270792920556,888
11270793150645,11270793151295,650
11270793398400,11270793399203,803
11270793630532,11270793631518,986
11270793862591,11270793863451,860
11270794090654,11270794091342,688
11270794319778,11270794333192,13414
11270794560445,11270794561140,695
11270794789576,11270794790447,871
11270795016877,11270795017532,655
11270795249213,11270795250050,837
11270795476266,11270795476964,698
11270795713643,11270795714510,867
11270795945563,11270795946217,654
11270796175849,11270796176701,852
11270796402964,11270796403604,640
11270796632229,11270796633065,836
11270796860128,11270796860743,615
11270797089407,11270797090220,813
11270797317750,11270797318416,666
11270797547206,11270797548039,833
11270797774168,11270797774807,639
11270798001425,11270798002279,854
11270798229289,11270798229931,642
11270798458110,11270798458935,825
11270798684506,11270798685151,645
11270798920734,11270798921594,860
11270799150826,11270799151447,621
11270799382234,11270799382983,749
11270799613614,11270799614261,647
11270799845785,11270799846659,874
11270800073833,11270800074493,660
11270800303653,11270800304448,795
11270800535499,11270800536142,643
11270800769838,11270800770628,790
11270800998700,11270800999339,639
11270801228444,11270801229276,832
11270801473878,11270801474497,619
11270801706552,11270801707470,918
11270801936659,11270801937421,762
11270802166257,11270802167104,847
11270802400552,11270802401199,647
11270802630002,11270802630791,789
11270802858158,11270802858821,663
11270803088370,11270803089154,784
11270803317195,11270803317839,644
11270803545720,11270803546526,806
11270803774021,11270803774658,637
11270804003725,11270804004568,843
11270804231852,11270804232506,654
11270804689426,11270804690289,863
11270804921201,11270804921866,665
11270805150628,11270805151504,876
11270805396845,11270805397514,669
11270805635051,11270805635853,802
11270805864902,11270805865581,679
11270806094403,11270806095220,817
11270806321017,11270806321696,679
11270806557056,11270806557868,812
11270806784985,11270806785610,625
11270807012929,11270807013753,824
11270807241469,11270807242091,622
11270807471674,11270807472478,804
11270807698371,11270807699004,633
11270807928126,11270807928946,820
11270808155927,11270808156569,642
11270808385355,11270808386145,790
11270808612814,11270808613457,643
11270808841239,11270808842029,790
11270809075058,11270809075719,661
11270809305011,11270809305830,819
11270809534079,11270809534691,612
11270809763537,11270809764345,808
11270809994361,11270809995001,640
11270810223596,11270810224467,871
11270810451958,11270810452603,645
11270810682051,11270810682843,792
11270810921225,11270810921875,650
11270811151030,11270811151834,804
11270811392405,11270811393056,651
11270811621753,11270811622567,814
11270811850128,11270811850735,607
11270812078108,11270812078896,788
11270812315898,11270812316548,650
11270812548803,11270812549626,823
11270812776556,11270812777183,627
11270813005727,11270813006544,817
11270813233889,11270813234520,631
11270813479668,11270813480474,806
11270813708106,11270813708747,641
11270813938171,11270813938973,802
11270814167671,11270814168295,624
11270814396747,11270814397553,806
11270814624671,11270814625313,642
11270814852277,11270814853105,828
11270815079734,11270815080358,624
11270815309357,11270815310188,831
11270815563553,11270815564171,618
11270815795211,11270815796035,824
11270816027465,11270816028116,651
11270816259548,11270816260367,819
11270816495182,11270816495831,649
11270816726109,11270816726916,807
11270816956216,11270816956858,642
11270817187816,11270817188605,789
11270817417769,11270817418402,633
11270817647823,11270817648617,794
11270817882244,11270817882881,637
11270818112834,11270818113670,836
11270818366509,11270818367194,685
11270818596540,11270818597336,796
11270818825787,11270818826444,657
11270819065432,11270819066216,784
11270819301244,11270819301874,630
11270819533446,11270819534234,788
11270819761941,11270819762592,651
11270819990758,11270819991524,766
11270820219434,11270820220085,651
11270820449865,11270820450650,785
11270820678597,11270820679228,631
11270820907755,11270820908543,788
11270821136160,11270821136804,644
11270821368710,11270821369495,785
11270821597492,11270821598153,661
11270821827402,11270821828195,793
11270822057027,11270822057671,644
11270822296410,11270822297232,822
11270822526552,11270822527190,638
11270822757339,11270822758112,773
11270822986660,11270822987297,637
11270823217863,11270823218644,781
11270823448469,11270823449142,673
11270823950714,11270823951558,844
11270824193856,11270824194531,675
11270824429584,11270824430389,805
11270824659334,11270824659966,632
11270824890214,11270824891024,810
11270825125988,11270825126679,691
11270825365516,11270825366371,855
11270825626160,11270825626827,667
11270825866611,11270825867399,788
11270826101735,11270826102336,601
11270826335669,11270826336467,798
11270826569519,11270826570177,658
11270826802125,11270826802879,754
11270827034304,11270827034940,636
11270827271724,11270827272496,772
11270827502698,11270827503371,673
11270827734155,11270827735056,901
11270827963805,11270827964459,654
11270828193160,11270828193987,827
11270828431778,11270828432436,658
11270828662546,11270828663364,818
11270828901382,11270828902091,709
11270829135222,11270829136029,807
11270829367981,11270829368629,648
11270829602241,11270829603064,823
11270829834630,11270829835266,636
11270830066196,11270830066973,777
11270830296985,11270830297591,606
11270830536224,11270830536982,758
11270830765174,11270830765845,671
11270830997252,11270830998071,819
11270831227846,11270831228521,675
11270831458211,11270831458990,779
11270831687259,11270831687878,619
11270831918682,11270831919494,812
11270832148098,11270832148728,630
11270832385601,11270832386397,796
11270832618162,11270832618819,657
11270832848906,11270832849714,808
11270833078897,11270833079538,641
11270833308722,11270833309503,781
11270833550551,11270833551196,645
11270833782073,11270833782856,783
11270834012051,11270834012713,662
11270834243937,11270834244720,783
11270834478285,11270834478914,629
11270834709881,11270834710637,756
11270834941052,11270834941702,650
11270835180309,11270835181110,801
11270835411469,11270835412102,633
11270835650949,11270835651787,838
11270835882441,11270835883080,639
11270836114436,11270836115258,822
11270836344663,11270836345301,638
11270836575627,11270836576419,792
11270836806801,11270836807456,655
11270837052409,11270837053208,799
11270837286816,11270837287462,646
11270837518685,11270837519505,820
11270837750254,11270837750915,661
11270837982118,11270837982934,816
11270838238827,11270838239494,667
11270838523567,11270838524444,877
11270838777416,11270838778079,663
11270839027328,11270839028184,856
11270839263922,11270839264599,677
11270839500858,11270839501684,826
11270839771266,11270839771939,673
11270840019019,11270840019906,887
11270840256563,11270840257250,687
11270840492301,11270840493138,837
11270840725700,11270840726399,699
11270840959585,11270840960503,918
11270841195495,11270841196226,731
11270841434652,11270841435477,825
11270841669693,11270841670362,669
11270841907357,11270841908183,826
11270842146183,11270842146842,659
11270842412213,11270842413148,935
11270842658604,11270842659262,658
11270843241749,11270843243453,1704
11270843587822,11270843589080,1258
11270843902641,11270843903819,1178
11270844159440,11270844160336,896
11270844444198,11270844444969,771
11270844746038,11270844746867,829
11270845075259,11270845076915,1656
11270845515885,11270845517102,1217
11270845981940,11270845983249,1309
11270846309827,11270846310686,859
11270846574884,11270846575664,780
11270846819017,11270846819791,774
11270847267704,11270847269400,1696
11270847775586,11270847776804,1218
11270848200064,11270848201399,1335
11270848585578,11270848586861,1283
11270849028582,11270849029955,1373
11270849325566,11270849326261,695
11270849598351,11270849599495,1144
11270849913587,11270849914724,1137
11270850254498,11270850255407,909
11270850535565,11270850536307,742
11270850789434,11270850790295,861
11270851027271,11270851027888,617
11270851263826,11270851264694,868
11270851497308,11270851497942,634
11270851731953,11270851732797,844
11270851966796,11270851967417,621
11270852202526,11270852203382,856
11270852455463,11270852456170,707
11270852690512,11270852691369,857
11270852924236,11270852924910,674
11270853158148,11270853158963,815
11270853392765,11270853393446,681
11270853627014,11270853627839,825
11270853860724,11270853861359,635
11270854094447,11270854095257,810
11270854348383,11270854349221,838
11270854658283,11270854659388,1105
11270854922130,11270854922807,677
11270855163499,11270855164301,802
11270855410812,11270855411479,667
11270855657942,11270855658796,854
11270855894543,11270855895176,633
11270856129890,11270856130637,747
11270856363390,11270856364024,634
11270856601945,11270856602688,743
11270856859017,11270856859686,669
11270857126820,11270857127584,764
11270857483583,11270857484371,788
11270857789769,11270857790873,1104
11270858069287,11270858070071,784
11270858377746,11270858378685,939
11270858627510,11270858628185,675
11270858899769,11270858900817,1048
11270859163395,11270859164194,799
11270859414423,11270859415434,1011
11270859659277,11270859659998,721
11270859896606,11270859897459,853
11270860134543,11270860135201,658
11270860397189,11270860398088,899
11270860648421,11270860649097,676
11270860885764,11270860886610,846
11270861120911,11270861121615,704
11270861356248,11270861357101,853
11270861591475,11270861592169,694
11270861825808,11270861826651,843
11270862059282,11270862059978,696
11270862313903,11270862314767,864
11270862552170,11270862552876,706
11270862788425,11270862789332,907
11270863024494,11270863025203,709
11270863259576,11270863260437,861
11270863530895,11270863531614,719
11270863771739,11270863772609,870
11270864039734,11270864040425,691
11270864287924,11270864288768,844
11270864527193,11270864527922,729
11270864779860,11270864780806,946
11270865015158,11270865015840,682
11270865246958,11270865247819,861
11270865551934,11270865552628,694
11270865872637,11270865873409,772
11270866129875,11270866130832,957
11270866706358,11270866707165,807
11270866943427,11270866944119,692
11270867176204,11270867177086,882
11270867422477,11270867423162,685
11270867656752,11270867657551,799
11270867920156,11270867920780,624
11270868149895,11270868150689,794
11270868378997,11270868379638,641
11270868607440,11270868608240,800
11270868835341,11270868835950,609
11270869126027,11270869126812,785
11270869355581,11270869356258,677
11270869590030,11270869590838,808
11270869820086,11270869820731,645
11270870049968,11270870050766,798
11270870277353,11270870278018,665
11270870510844,11270870511628,784
11270870738603,11270870739254,651
11270870968343,11270870969145,802
11270871198377,11270871199039,662
11270871427983,11270871428796,813
11270871655203,11270871655900,697
11270871884340,11270871885170,830
11270872113162,11270872113820,658
11270872399351,11270872400098,747
11270872688107,11270872688706,599
11270872902897,11270872903647,750
11270873111852,11270873112461,609
11270873322860,11270873323602,742
11270873532453,11270873533092,639
11270873747436,11270873748151,715
11270873956581,11270873957197,616
11270874165863,11270874166599,736
11270874374564,11270874375143,579
11270874583978,11270874584674,696
11270874792992,11270874793554,562
11270875002956,11270875003679,723
11270875212550,11270875213128,578
11270875422209,11270875422926,717
11270875745893,11270875746491,598
11270875961633,11270875962388,755
11270876171660,11270876172238,578
11270876383482,11270876384217,735
11270876592821,11270876593424,603
11270876803446,11270876804187,741
11270877054055,11270877054695,640
11270877284050,11270877284838,788
11270877512925,11270877513578,653
11270877742227,11270877743009,782
11270877969011,11270877969632,621
11270878199506,11270878200271,765
11270878436782,11270878437419,637
11270878666565,11270878667347,782
11270878903936,11270878904591,655
11270879136205,11270879137035,830
11270879384448,11270879385071,623
11270879615566,11270879616362,796
11270879882836,11270879883527,691
11270880171224,11270880172076,852
11270880432498,11270880433164,666
11270880668535,11270880669372,837
11270880899321,11270880899981,660
11270881149290,11270881150061,771
11270881359644,11270881360243,599
11270881572223,11270881572959,736
11270881783119,11270881783727,608
11270881993800,11270881994546,746
11270882204639,11270882205241,602
11270882517593,11270882518381,788
11270882728985,11270882729579,594
11270882941008,11270882941760,752
11270883224647,11270883225250,603
11270883436487,11270883437221,734
11270883646032,11270883646605,573
11270883856836,11270883857594,758
11270884065712,11270884066301,589
11270884276517,11270884277258,741
11270884485799,11270884486436,637
11270884696623,11270884697394,771
11270884905958,11270884906537,579
11270885323849,11270885324624,775
11270885537085,11270885537676,591
11270885827970,11270885828787,817
11270886081531,11270886082130,599
11270886292229,11270886292990,761
11270886502758,11270886503348,590
11270886713870,11270886714582,712
11270886923325,11270886923920,595
11270887135131,11270887135872,741
11270887344867,11270887345460,593
11270887554461,11270887555190,729
11270887764565,11270887765164,599
11270887975075,11270887975806,731
11270888184891,11270888185485,594
11270888396108,11270888396861,753
11270888604823,11270888605415,592
11270888815032,11270888815762,730
11270889105409,11270889105991,582
11270889317284,11270889318032,748
11270889527665,11270889528266,601
11270889737751,11270889738489,738
11270889947101,11270889947688,587
11270890156795,11270890157522,727
11270890370818,11270890371424,606
11270890581710,11270890582450,740
11270890790338,11270890790901,563
11270891000753,11270891001494,741
11270891210428,11270891211013,585
11270891421256,11270891422038,782
11270891732501,11270891733124,623
11270891962223,11270891963006,783
11270892177593,11270892178175,582
11270892469209,11270892469952,743
11270892693025,11270892693685,660
11270892906184,11270892906898,714
11270893116875,11270893117442,567
11270893332047,11270893332774,727
11270893543667,11270893544237,570
11270893754799,11270893755525,726
11270893964934,11270893965511,577
11270894175807,11270894176546,739
11270894385764,11270894386352,588
11270894596819,11270894597533,714
11270894807872,11270894808442,570
11270895020445,11270895021207,762
11270895230549,11270895231166,617
11270895441166,11270895441876,710
11270895766797,11270895767374,577
11270895985481,11270895986254,773
11270896203275,11270896203858,583
11270896420177,11270896420932,755
11270896636508,11270896637125,617
11270896852644,11270896853426,782
11270897068813,11270897069443,630
11270897382902,11270897383649,747
11270897606070,11270897606697,627
11270897823829,11270897824557,728
11270898040278,11270898040910,632
11270898256763,11270898257500,737
11270898471473,11270898472085,612
11270898689049,11270898689848,799
11270898955483,11270898956125,642
11270899223005,11270899223776,771
11270899440236,11270899440860,624
11270899657582,11270899658335,753
11270899873488,11270899874144,656
11270900091643,11270900092418,775
11270900307506,11270900308123,617
11270900524491,11270900525223,732
11270900782902,11270900783512,610
11270901012229,11270901013038,809
11270901240977,11270901241627,650
11270901470938,11270901471708,770
11270901700933,11270901701592,659
11270901931181,11270901932005,824
11270902161258,11270902161903,645
11270902421381,11270902422146,765
11270902632829,11270902633449,620
11270902843772,11270902844520,748
11270903053689,11270903054297,608
11270903265895,11270903266628,733
11270903694444,11270903694988,544
11270903908920,11270903909659,739
11270904200639,11270904201214,575
11270904411911,11270904412639,728
11270904621520,11270904622113,593
11270904831848,11270904832591,743
11270905041707,11270905042286,579
11270905253425,11270905254173,748
11270905488770,11270905489390,620
11270905784626,11270905785330,704
11270906001354,11270906001949,595
11270906218272,11270906219024,752
11270906434097,11270906434711,614
11270906666584,11270906667317,733
11270906876653,11270906877227,574
11270907088001,11270907088746,745
11270907301754,11270907302323,569
11270907536876,11270907537607,731
11270907752800,11270907753415,615
11270907970564,11270907971353,789
11270908186402,11270908186978,576
11270908403282,11270908404025,743
11270908618930,11270908619512,582
11270908835917,11270908836672,755
11270909128995,11270909129573,578
11270909346596,11270909347323,727
11270909562990,11270909563589,599
11270909779782,11270909780524,742
11270909996402,11270909997002,600
11270910214159,11270910214882,723
11270910428751,11270910429361,610
11270910682494,11270910683268,774
11270911012998,11270911013554,556
11270911233391,11270911234111,720
11270911449175,11270911449749,574
11270911665585,11270911666332,747
11270911882043,11270911882658,615
11270912098731,11270912099466,735
11270912399429,11270912400027,598
11270912618920,11270912619693,773
11270912835645,11270912836258,613
11270913052943,11270913053708,765
11270913267792,11270913268400,608
11270913484564,11270913485337,773
11270913699932,11270913700563,631
11270913917054,11270913917806,752
11270914132998,11270914133597,599
11270914349716,11270914350481,765
11270914564193,11270914564779,586
11270914782431,11270914783193,762
11270914998005,11270914998619,614
11270915213302,11270915214403,1101
11270915428674,11270915429289,615
11270915725581,11270915726365,784
11270915942140,11270915942747,607
11270916162211,11270916162955,744
11270916377954,11270916378548,594
11270916593801,11270916594540,739
11270916810180,11270916810768,588
11270917028427,11270917029171,744
11270917244875,11270917245478,603
11270917462242,11270917462981,739
11270917678225,11270917678840,615
11270917903540,11270917904265,725
11270918119511,11270918120136,625
11270918335960,11270918336716,756
11270918551150,11270918551763,613
11270918767454,11270918768212,758
11270919066458,11270919067079,621
11270919288037,11270919288778,741
11270919505726,11270919506330,604
11270919722612,11270919723356,744
11270919939954,11270919940542,588
11270920157130,11270920157863,733
11270920379682,11270920380304,622
11270920596740,11270920597458,718
11270920892289,11270920892844,555
11270921109613,11270921110362,749
11270921328831,11270921329398,567
11270921545675,11270921546446,771
11270921763069,11270921763653,584
11270921979759,11270921980488,729
11270922491879,11270922492496,617
11270922743110,11270922743861,751
11270922966070,11270922966717,647
11270923189623,11270923190383,760
11270923411521,11270923412182,661
11270923651168,11270923651903,735
11270923867653,11270923868258,605
11270924088100,11270924088901,801
11270924304626,11270924305285,659
11270924522804,11270924523545,741
11270924738772,11270924739397,625
11270924956457,11270924957241,784
11270925172368,11270925172942,574
11270925388954,11270925389728,774
11270925684328,11270925684950,622
11270925903556,11270925904335,779
11270926119802,11270926120429,627
11270926336383,11270926337163,780
11270926552342,11270926552941,599
11270926768847,11270926769622,775
11270926985899,11270926986518,619
11270927202732,11270927203503,771
11270927441928,11270927442562,634
11270927664325,11270927665138,813
11270927887113,11270927887689,576
11270928109144,11270928110146,1002
11270928330424,11270928331028,604
11270928569396,11270928570150,754
11270928784057,11270928784647,590
11270929080119,11270929080884,765
11270929297844,11270929298452,608
11270929537908,11270929538678,770
11270929759319,11270929759956,637
11270929983620,11270929984411,791
11270930206616,11270930207249,633
11270930449327,11270930450099,772
11270930707405,11270930708053,648
11270930962481,11270930963240,759
11270931178440,11270931179042,602
11270931399514,11270931400262,748
11270931615568,11270931616216,648
11270931832895,11270931833653,758
11270932048928,11270932049532,604
11270932344367,11270932345100,733
11270932561100,11270932561689,589
11270932777076,11270932777838,762
11270932991869,11270932992467,598
11270933208487,11270933209240,753
11270933425000,11270933425584,584
11270933668947,11270933669678,731
11270933889723,11270933890374,651
11270934112281,11270934113055,774
11270934334160,11270934334777,617
11270934577222,11270934577960,738
11270934792320,11270934792893,573
11270935009327,11270935010069,742
11270935238807,11270935239372,565
11270935456029,11270935456750,721
11270935753024,11270935753629,605
11270935969635,11270935970366,731
11270936183645,11270936184206,561
11270936399348,11270936400108,760
11270936612799,11270936613399,600
11270936827256,11270936827989,733
11270937041926,11270937042510,584
11270937257057,11270937257805,748
11270937494977,11270937495607,630
11270937715580,11270937716322,742
11270937936576,11270937937202,626
11270938158090,11270938158834,744
11270938378265,11270938378882,617
11270938618063,11270938618789,726
11270938831625,11270938832217,592
11270939102050,11270939102856,806
11270939370092,11270939370683,591
11270939586852,11270939587583,731
11270939801148,11270939801718,570
11270940017129,11270940017833,704
11270940231050,11270940231665,615
11270940446378,11270940447104,726
11270940665176,11270940665805,629
11270940880259,11270940881034,775
11270941319705,11270941320304,599
11270941535313,11270941536080,767
11270941784437,11270941785072,635
11270942012459,11270942013238,779
11270942280105,11270942280808,703
11270942537536,11270942538349,813
11270942756744,11270942757352,608
11270942975979,11270942976753,774
11270943194574,11270943195138,564
11270943412897,11270943413618,721
11270943638312,11270943638904,592
11270943855476,11270943856192,716
11270944143579,11270944144156,577
11270944358623,11270944359350,727
11270944614657,11270944615279,622
11270944844298,11270944845082,784
11270945073882,11270945074488,606
11270945303068,11270945303840,772
11270945530875,11270945531487,612
11270945801660,11270945802443,783
11270946019290,11270946019925,635
11270946238727,11270946239505,778
11270946468199,11270946468776,577
11270946687390,11270946688138,748
11270946903952,11270946904550,598
11270947120218,11270947120970,752
11270947336276,11270947336871,595
11270947553699,11270947554443,744
11270947768947,11270947769548,601
11270947984768,11270947985524,756
11270948198672,11270948199289,617
11270948415355,11270948416053,698
11270948630630,11270948631231,601
11270948844773,11270948845527,754
11270949138804,11270949139419,615
11270949357189,11270949357906,717
11270949574071,11270949574696,625
11270949792045,11270949792816,771
11270950007547,11270950008169,622
11270950225359,11270950226096,737
11270950440333,11270950440920,587
11270950656428,11270950657170,742
11270950871779,11270950872383,604
11270951088845,11270951089596,751
11270951304743,11270951305336,593
11270951521438,11270951522190,752
11270951736284,11270951736866,582
11270951952758,11270951953497,739
11270952225731,11270952226371,640
11270952486347,11270952487099,752
11270952703743,11270952704339,596
11270952922200,11270952922957,757
11270953138631,11270953139262,631
11270953355069,11270953355817,748
11270953570836,11270953571446,610
11270953788189,11270953788929,740
11270954042071,11270954042686,615
11270954299499,11270954300218,719
11270954513693,11270954514307,614
11270954730340,11270954731087,747
11270954944882,11270954945476,594
11270955160454,11270955161232,778
11270955375657,11270955376265,608
11270955635361,11270955636208,847
11270955886973,11270955887556,583
11270956103134,11270956103869,735
11270956318711,11270956319302,591
11270956533766,11270956534483,717
11270956748323,11270956748889,566
11270956963211,11270956963968,757
11270957177991,11270957178599,608
11270957398412,11270957399162,750
11270957613331,11270957613937,606
11270957828424,11270957829176,752
11270958044701,11270958045262,561
11270958261636,11270958262370,734
11270958475534,11270958476120,586
11270958691260,11270958691992,732
11270958913795,11270958951020,37225
11270959206388,11270959207143,755
11270959422102,11270959422686,584
11270959637503,11270959638260,757
11270960062336,11270960062944,608
11270960281491,11270960282268,777
11270960498092,11270960498704,612
11270960714835,11270960715619,784
11270960930996,11270960931599,603
11270961147114,11270961147851,737
11270961374210,11270961374808,598
11270961590522,11270961591306,784
11270961805675,11270961806258,583
11270962023622,11270962024382,760
11270962286488,11270962287154,666
11270962546101,11270962546862,761
11270962763123,11270962763724,601
11270962979733,11270962980452,719
11270963196000,11270963196619,619
11270963423533,11270963424303,770
11270963665306,11270963665931,625
11270963887047,11270963887807,760
11270964109112,11270964109733,621
11270964331133,11270964331890,757
11270964574389,11270964574984,595
11270964791488,11270964792238,750
11270965007550,11270965008131,581
11270965226661,11270965227407,746
11270965442056,11270965442620,564
11270965737279,11270965738034,755
11270965954462,11270965955069,607
11270966171662,11270966172381,719
11270966388484,11270966389045,561
11270966605720,11270966606479,759
11270966822259,11270966822857,598
11270967039309,11270967040049,740
11270967255252,11270967255830,578
11270967545590,11270967546327,737
11270967798248,11270967798882,634
11270968021667,11270968022446,779
11270968244033,11270968244655,622
11270968467614,11270968468381,767
11270968704324,11270968704960,636
11270969006450,11270969007152,702
11270969227003,11270969227596,593
11270969444428,11270969445172,744
11270969690551,11270969691188,637
11270969914145,11270969914915,770
11270970135423,11270970136025,602
11270970357671,11270970358467,796
11270970599093,11270970599692,599
11270970816180,11270970816924,744
11270971031442,11270971032053,611
11270971254964,11270971255698,734
11270971470312,11270971470912,600
11270971687769,11270971688513,744
11270971903624,11270971904217,593
11270972119719,11270972120466,747
11270972416119,11270972416689,570
11270972713808,11270972714521,713
11270973013012,11270973013624,612
11270973311355,11270973312125,770
11270973602098,11270973602734,636
11270973909760,11270973910498,738
11270974201089,11270974201701,612
11270974469834,11270974470617,783
11270974704240,11270974704863,623
11270974933905,11270974934676,771
11270975161992,11270975162610,618
11270975390732,11270975391499,767
11270975663172,11270975663771,599
11270975956756,11270975957463,707
11270976252873,11270976253447,574
11270976568215,11270976568892,677
11270976858794,11270976859392,598
11270977152662,11270977153370,708
11270977418559,11270977419233,674
11270977649968,11270977650766,798
11270977878953,11270977879630,677
11270978109687,11270978110458,771
11270978345998,11270978346651,653
11270978577038,11270978577840,802
11270978805764,11270978806400,636
11270979068210,11270979068964,754
11270979569276,11270979569864,588
11270979859665,11270979860389,724
11270980146082,11270980146699,617
11270980443584,11270980444307,723
11270980731265,11270980731851,586
11270981000763,11270981001546,783
11270981229677,11270981230320,643
11270981459613,11270981460399,786
11270981688543,11270981689171,628
11270981919501,11270981920252,751
11270982149589,11270982150196,607
11270982418233,11270982418957,724
11270982688262,11270982688873,611
11270982921662,11270982922417,755
11270983150341,11270983150916,575
11270983380861,11270983381627,766
11270983610262,11270983610879,617
11270983841669,11270983842417,748
11270984072404,11270984073035,631
11270984303142,11270984303930,788
11270984533074,11270984533698,624
11270984763007,11270984763809,802
11270984990421,11270984991056,635
11270985219782,11270985220567,785
11270985448667,11270985449320,653
11270985691028,11270985691889,861
11270985931333,11270985931970,637
11270986162759,11270986163540,781
11270986392850,11270986393489,639
11270986625891,11270986626678,787
11270986856502,11270986857094,592
11270987086433,11270987087182,749
11270987314706,11270987315353,647
11270987544540,11270987545314,774
11270987775322,11270987775947,625
11270988005597,11270988006374,777
11270988234103,11270988234721,618
11270988463705,11270988464499,794
11270988694027,11270988694667,640
11270988929281,11270988930101,820
11270989160387,11270989161024,637
11270989390732,11270989391538,806
11270989620952,11270989621561,609
11270989852140,11270989852926,786
11270990081365,11270990081977,612
11270990311316,11270990312063,747
11270990540108,11270990540751,643
11270990808805,11270990809644,839
11270991061026,11270991061682,656
11270991296201,11270991297069,868
11270991528103,11270991528768,665
11270991788089,11270991788927,838
11270992031579,11270992032231,652
11270992276501,11270992277305,804
11270992511234,11270992511911,677
11270992749598,11270992750392,794
11270992983168,11270992983859,691
11270993216139,11270993216899,760
11270993447682,11270993448348,666
11270993678999,11270993679768,769
11270993910649,11270993911285,636
11270994140562,11270994141371,809
11270994370513,11270994371162,649
11270994600949,11270994601726,777
11270994830038,11270994830694,656
11270995062100,11270995062867,767
11270995291411,11270995292054,643
11270995521755,11270995522568,813
11270995761273,11270995761984,711
11270996003019,11270996003843,824
11270996233763,11270996234439,676
11270996466852,11270996467654,802
11270996699530,11270996700214,684
11270996931530,11270996932324,794
11270997163368,11270997164048,680
11270997394681,11270997395516,835
11270997624933,11270997625580,647
11270997856078,11270997856890,812
11270998086876,11270998087513,637
11270998317626,11270998318431,805
11270998547239,11270998547872,633
11270998777658,11270998778406,748
11270999019407,11270999020056,649
11270999260436,11270999261247,811
11270999500739,11270999501365,626
11270999807607,11270999808422,815
11271000055016,11271000055682,666
11271000305310,11271000306211,901
11271000545492,11271000546137,645
11271000786052,11271000786889,837
11271001027955,11271001028606,651
11271001270426,11271001271263,837
11271001510356,11271001511024,668
11271001754474,11271001755229,755
11271001994127,11271001994763,636
11271002248614,11271002249424,810
11271002491731,11271002492393,662
11271002735881,11271002736718,837
11271002979287,11271002979972,685
11271003221537,11271003222346,809
11271003463156,11271003463844,688
11271003719768,11271003720598,830
11271003957330,11271003957999,669
11271004200978,11271004201807,829
11271004442557,11271004443239,682
11271004682000,11271004682821,821
11271004920799,11271004921505,706
11271005160908,11271005161715,807
11271005407930,11271005408635,705
11271005658214,11271005659080,866
11271005899040,11271005899710,670
11271006138619,11271006139452,833
11271006379552,11271006380247,695
11271006620517,11271006621347,830
11271006859795,11271006860459,664
11271007099752,11271007100554,802
11271007338646,11271007339310,664
11271007608976,11271007609709,733
11271007828055,11271007828709,654
11271008047275,11271008048000,725
11271008324830,11271008325496,666
11271008565525,11271008566362,837
11271008801788,11271008802486,698
11271009075995,11271009076758,763
11271009295436,11271009296089,653
11271009515331,11271009516099,768
11271009735793,11271009736425,632
11271009956348,11271009957069,721
11271010179485,11271010180118,633
11271010403490,11271010404257,767
11271010621883,11271010622539,656
11271010918068,11271010918802,734
11271011138473,11271011139127,654
11271011356845,11271011357561,716
11271011575594,11271011576200,606
11271011795217,11271011795945,728
11271012013900,11271012014507,607
11271012282127,11271012282938,811
11271012539364,11271012540007,643
11271012758580,11271012759334,754
11271012977558,11271012978154,596
11271013196142,11271013196914,772
11271013416910,11271013417544,634
11271013634811,11271013635576,765
11271013852618,11271013853228,610
11271014073557,11271014074313,756
11271014289634,11271014290268,634
11271014511540,11271014512285,745
11271014742311,11271014742933,622
11271014962211,11271014962963,752
11271015180113,11271015180696,583
11271015400850,11271015401585,735
11271015669907,11271015670575,668
11271015913122,11271015913925,803
11271016151854,11271016152540,686
11271016392868,11271016393686,818
11271016669021,11271016669621,600
11271016890625,11271016891379,754
11271017108477,11271017109085,608
11271017329823,11271017330556,733
11271017547601,11271017548208,607
11271017765242,11271017766004,762
11271017986808,11271017987417,609
11271018413277,11271018414013,736
11271018626875,11271018627461,586
11271018839046,11271018839764,718
11271019137991,11271019138585,594
11271019352243,11271019353024,781
11271019562591,11271019563148,557
11271019772973,11271019773701,728
11271019981605,11271019982184,579
11271020191072,11271020191819,747
11271020399427,11271020400026,599
11271020610100,11271020610813,713
11271020820260,11271020820842,582
11271021030842,11271021031563,721
11271021243749,11271021244354,605
11271021453915,11271021454637,722
11271021663530,11271021664083,553
11271021875451,11271021876214,763
11271022095506,11271022096126,620
11271022390445,11271022391195,750
11271022601310,11271022601887,577
11271022813225,11271022813999,774
11271023023510,11271023024141,631
11271023234854,11271023235559,705
11271023444155,11271023444732,577
11271023653413,11271023654088,675
11271023862803,11271023863391,588
11271024149256,11271024149959,703
11271024358041,11271024358645,604
11271024568119,11271024568827,708
11271024777020,11271024777634,614
11271024985470,11271024986181,711
11271025193613,11271025194194,581
11271025427387,11271025428138,751
11271025720376,11271025721009,633
11271025939418,11271025940150,732
11271026154436,11271026155029,593
11271026369194,11271026369939,745
11271026583562,11271026584113,551
11271026798506,11271026799238,732
11271027017043,11271027017639,596
11271027232214,11271027232979,765
11271027447200,11271027447782,582
11271027663980,11271027664743,763
11271027877346,11271027877964,618
11271028138607,11271028139403,796
11271028366567,11271028367159,592
11271028596068,11271028596883,815
11271028825944,11271028826545,601
11271029102090,11271029102809,719
11271029319309,11271029319906,597
11271029536207,11271029536954,747
11271029751352,11271029751932,580
11271029967261,11271029967974,713
11271030182319,11271030182910,591
11271030398397,11271030399131,734
11271030612722,11271030613295,573
11271030829088,11271030829805,717
11271031044350,11271031044924,574
11271031260053,11271031260771,718
11271031482344,11271031482928,584
11271031702807,11271031703573,766
11271031918923,11271031919552,629
11271032136293,11271032137051,758
11271032480299,11271032480963,664
11271032733754,11271032734573,819
11271032993911,11271032994526,615
11271033215890,11271033216648,758
11271033431501,11271033432188,687
11271033648350,11271033649096,746
11271033862966,11271033863620,654
11271034160587,11271034161346,759
11271034453321,11271034453936,615
11271034754124,11271034754846,722
11271035054063,11271035054696,633
11271035345714,11271035346474,760
11271035655995,11271035656574,579
11271035947817,11271035948626,809
11271036241996,11271036242644,648
11271036535779,11271036536485,706
11271036831705,11271036832312,607
11271037125765,11271037126524,759
11271037422137,11271037422757,620
11271037936058,11271037936773,715
11271038202085,11271038202766,681
11271038434682,11271038435481,799
11271038664440,11271038665089,649
11271038903631,11271038904457,826
11271039164939,11271039165510,571
11271039460382,11271039461130,748
11271039723676,11271039724358,682
11271039953932,11271039954772,840
11271040183840,11271040184506,666
11271040413256,11271040414109,853
11271040640915,11271040641635,720
11271040870720,11271040871529,809
11271041099063,11271041099732,669
11271041329946,11271041330747,801
11271041559922,11271041560569,647
11271041792861,11271041795540,2679
11271042039387,11271042040058,671
11271042264624,11271042265434,810
11271042490342,11271042490946,604
11271042699844,11271042700587,743
11271042905576,11271042906163,587
11271043113220,11271043113906,686
11271043318293,11271043318845,552
11271043530919,11271043531617,698
11271043736144,11271043736748,604
11271043944288,11271043944991,703
11271044150076,11271044150697,621
11271044356139,11271044356810,671
11271044561094,11271044561675,581
11271044773139,11271044773860,721
11271044978460,11271044979023,563
11271045184697,11271045185382,685
11271045389030,11271045389634,604
11271045605797,11271045606537,740
11271045813783,11271045814384,601
11271046025183,11271046025929,746
11271046234453,11271046235040,587
11271046444393,11271046445137,744
11271046651738,11271046652321,583
11271046859750,11271046860480,730
11271047065646,11271047066252,606
11271047274865,11271047275556,691
11271047480861,11271047481453,592
11271047685939,11271047686630,691
11271047891598,11271047892222,624
11271048109678,11271048110412,734
11271048318713,11271048319343,630
11271048525419,11271048526138,719
11271048734674,11271048735229,555
11271048953088,11271048953807,719
11271049161163,11271049161762,599
11271049367548,11271049368251,703
11271049571273,11271049571824,551
11271049775462,11271049776178,716
11271049978904,11271049979484,580
11271050185582,11271050186278,696
11271050388478,11271050389030,552
11271050594523,11271050595220,697
11271050797474,11271050798026,552
11271051003255,11271051003928,673
11271051212839,11271051213384,545
11271051421932,11271051422599,667
11271051628119,11271051628703,584
11271051837854,11271051838573,719
11271052043339,11271052043898,559
11271052258195,11271052258907,712
11271052465530,11271052466111,581
11271052674269,11271052674974,705
11271052879975,11271052880551,576
11271053087868,11271053088595,727
11271053294589,11271053295184,595
11271053503718,11271053504422,704
11271053709401,11271053709991,590
11271053917075,11271053917763,688
11271054121907,11271054122500,593
11271054328269,11271054328969,700
11271054534365,11271054534928,563
11271054740251,11271054740938,687
11271054944329,11271054944895,566
11271055152991,11271055153684,693
11271055614424,11271055615135,711
11271055830454,11271055831219,765
11271056037944,11271056038533,589
11271056250167,11271056250879,712
11271056456305,11271056456880,575
11271056664596,11271056665289,693
11271056870454,11271056871023,569
11271057077115,11271057077849,734
11271057282322,11271057282884,562
11271057491090,11271057491863,773
11271057697943,11271057698510,567
11271057904470,11271057905181,711
11271058109517,11271058110090,573
11271058316588,11271058317272,684
11271058521658,11271058522198,540
11271058729379,11271058730087,708
11271058939267,11271058939910,643
11271059147549,11271059148284,735
11271059353434,11271059353985,551
11271059562545,11271059563270,725
11271059767702,11271059768263,561
11271059975385,11271059976079,694
11271060185368,11271060185928,560
11271060396118,11271060396856,738
11271060602118,11271060602681,563
11271060811361,11271060812043,682
11271061020390,11271061020975,585
11271061269633,11271061270472,839
11271061505825,11271061506505,680
11271061739907,11271061740720,813
11271061971990,11271061972650,660
11271062210635,11271062211566,931
11271062444723,11271062445429,706
11271062682511,11271062683309,798
11271062913168,11271062913858,690
11271063144144,11271063144952,808
11271063372610,11271063373273,663
11271063604543,11271063605386,843
11271063834945,11271063835751,806
11271064065302,11271064066131,829
11271064295815,11271064296471,656
11271064527949,11271064528744,795
11271064757514,11271064758172,658
11271064988039,11271064988845,806
11271065216515,11271065217186,671
11271065446500,11271065447287,787
11271065685002,11271065685669,667
11271065917798,11271065918572,774
11271066149083,11271066149681,598
11271066380621,11271066381410,789
11271066610400,11271066611058,658
11271066841496,11271066842289,793
11271067070563,11271067071216,653
11271067301582,11271067302386,804
11271067543573,11271067544260,687
11271067772713,11271067773510,797
11271068001495,11271068002146,651
11271068235028,11271068235779,751
11271068463923,11271068464560,637
11271068693541,11271068694343,802
11271068929865,11271068930522,657
11271069163291,11271069164074,783
11271069393295,11271069393912,617
11271069624758,11271069625529,771
11271069854260,11271069854895,635
11271070086696,11271070087503,807
11271070317318,11271070318014,696
11271070549190,11271070549964,774
11271070780135,11271070780784,649
11271071011546,11271071012322,776
11271071240514,11271071241126,612
11271071470278,11271071471070,792
11271071699530,11271071700156,626
11271071930126,11271071930937,811
11271072160001,11271072160652,651
11271072403866,11271072404685,819
11271072649268,11271072649919,651
11271072879937,11271072880741,804
11271073110312,11271073110968,656
11271073341056,11271073341874,818
11271073568876,11271073569486,610
11271074040648,11271074041484,836
11271074273193,11271074273830,637
11271074501994,11271074502799,805
11271074730263,11271074730882,619
11271074958979,11271074959771,792
11271075186652,11271075187302,650
11271075416671,11271075417492,821
11271075655182,11271075655831,649
11271075886987,11271075887805,818
11271076116898,11271076117579,681
11271076347452,11271076348295,843
11271076575509,11271076576178,669
11271076804129,11271076804906,777
11271077032325,11271077033016,691
11271077266403,11271077267233,830
11271077494423,11271077495054,631
11271077723626,11271077724435,809
11271077951176,11271077951841,665
11271078179869,11271078180667,798
11271078408325,11271078408960,635
11271078637443,11271078638251,808
11271078864641,11271078865273,632
11271079103814,11271079104667,853
11271079333185,11271079333824,639
11271079562027,11271079562790,763
11271079789590,11271079790218,628
11271080018547,11271080019339,792
11271080247002,11271080247616,614
11271080475876,11271080476678,802
11271080703931,11271080704568,637
11271080933115,11271080933893,778
11271081161325,11271081161970,645
11271081389731,11271081390552,821
11271081617810,11271081618479,669
11271081846611,11271081847425,814
11271082074873,11271082075507,634
11271082336401,11271082337226,825
11271082565998,11271082566633,635
11271082796294,11271082797108,814
11271083024928,11271083025560,632
11271083256612,11271083257417,805
11271083485537,11271083486218,681
11271083715711,11271083716539,828
11271083944086,11271083944710,624
11271084255347,11271084256550,1203
11271084532036,11271084532855,819
11271084804168,11271084805085,917
11271085047095,11271085047781,686
11271085283477,11271085284364,887
11271085516638,11271085517318,680
11271085767610,11271085768466,856
11271086000443,11271086001106,663
11271086254290,11271086255435,1145
11271086534007,11271086534748,741
11271086812222,11271086813046,824
11271087046447,11271087047112,665
11271087269541,11271087270397,856
11271087485715,11271087486350,635
11271087702183,11271087702931,748
11271087915911,11271087916515,604
11271088131251,11271088132025,774
11271088364475,11271088365060,585
11271088578058,11271088578884,826
11271088791629,11271088792290,661
11271089017278,11271089018087,809
11271089243720,11271089244401,681
11271089478828,11271089479613,785
11271089693555,11271089694189,634
11271089908988,11271089909755,767
11271090123147,11271090123737,590
11271090337904,11271090338653,749
11271090552680,11271090553300,620
11271090767942,11271090768712,770
11271090981448,11271090982076,628
11271091197852,11271091198630,778
11271091409118,11271091409787,669
11271091623325,11271091624119,794
11271091837024,11271091837604,580
11271092050725,11271092051514,789
11271092274968,11271092275638,670
11271092492599,11271092493371,772
11271092707058,11271092707687,629
11271092922377,11271092923180,803
11271093371694,11271093372314,620
11271093592043,11271093592877,834
11271093805632,11271093806254,622
11271094019788,11271094020577,789
11271094238854,11271094239509,655
11271094453896,11271094454686,790
11271094665181,11271094665784,603
11271094879430,11271094880229,799
11271095091265,11271095091904,639
11271095305794,11271095306562,768
11271095518407,11271095519035,628
11271095772074,11271095772831,757
11271095970538,11271095971135,597
11271096168855,11271096169589,734
11271096366656,11271096367261,605
11271096565699,11271096566435,736
11271096761827,11271096762385,558
11271096958621,11271096959348,727
11271097154367,11271097154943,576
11271097351007,11271097351718,711
11271097546143,11271097546726,583
11271097744004,11271097744735,731
11271097951317,11271097951921,604
11271098149455,11271098150164,709
11271098345141,11271098345701,560
11271098541941,11271098542696,755
11271098735684,11271098736285,601
11271098976444,11271098977250,806
11271099207884,11271099208487,603
11271099407200,11271099407957,757
11271099605954,11271099606519,565
11271099803206,11271099803883,677
11271099999989,11271100000585,596
11271100196719,11271100197386,667
11271100391054,11271100391577,523
11271100586753,11271100587409,656
11271100780670,11271100781181,511
11271100977652,11271100978367,715
11271101173396,11271101173955,559
11271101374204,11271101374885,681
11271101645344,11271101645962,618
11271101842788,11271101843523,735
11271102085242,11271102085891,649
11271102416658,11271102417327,669
11271102614294,11271102614881,587
11271102810896,11271102811578,682
11271103008116,11271103008675,559
11271103206434,11271103207156,722
11271103402308,11271103402927,619
11271103599138,11271103599834,696
11271103794171,11271103794701,530
11271103989142,11271103989822,680
11271104183742,11271104184313,571
11271104379060,11271104379712,652
11271104573465,11271104574024,559
11271104770089,11271104770793,704
11271104963360,11271104963958,598
11271105157871,11271105158601,730
11271105352580,11271105353157,577
11271105554958,11271105555684,726
11271105831811,11271105832396,585
11271106029346,11271106030056,710
11271106226214,11271106226805,591
11271106423101,11271106423799,698
11271106617520,11271106618089,569
11271106813822,11271106814486,664
11271107008362,11271107008935,573
11271107204674,11271107205408,734
11271107399399,11271107399990,591
11271107595240,11271107595974,734
11271107790221,11271107790801,580
11271107985632,11271107986391,759
11271108179105,11271108179684,579
11271108374685,11271108375408,723
11271108620513,11271108621172,659
11271108837708,11271108838478,770
11271109062888,11271109063581,693
11271109308109,11271109308859,750
11271109506164,11271109506772,608
11271109704320,11271109705070,750
11271110119837,11271110120427,590
11271110325082,11271110325838,756
11271110521118,11271110521703,585
11271110718982,11271110719709,727
11271110913927,11271110914552,625
11271111110046,11271111110795,749
11271111304298,11271111304925,627
11271111501058,11271111501799,741
11271111696140,11271111696735,595
11271111893328,11271111894047,719
11271112087929,11271112088502,573
11271112366625,11271112367387,762
11271112563862,11271112564488,626
11271112762378,11271112763139,761
11271112958834,11271112959442,608
11271113155988,11271113156724,736
11271113350767,11271113351349,582
11271113548253,11271113548985,732
11271113742787,11271113743360,573
11271113939613,11271113940359,746
11271114135915,11271114136500,585
11271114332927,11271114333646,719
11271114527122,11271114527649,527
11271114723437,11271114724210,773
11271114918059,11271114918606,547
11271115114063,11271115114785,722
11271115308769,11271115309323,554
11271115505164,11271115505877,713
11271115758624,11271115759307,683
11271116001035,11271116001771,736
11271116198998,11271116199612,614
11271116397406,11271116398110,704
11271116593201,11271116593777,576
11271116789704,11271116790440,736
11271116986653,11271116987266,613
11271117185240,11271117185967,727
11271117380556,11271117381144,588
11271117577874,11271117578603,729
11271117772701,11271117773303,602
11271117968368,11271117969087,719
11271118163624,11271118164241,617
11271118360290,11271118361024,734
11271118555864,11271118556465,601
11271118804232,11271118804988,756
11271119052358,11271119052960,602
11271119251571,11271119252296,725
11271119446260,11271119446863,603
11271119642466,11271119643210,744
11271119837533,11271119838126,593
11271120034771,11271120035506,735
11271120230637,11271120231243,606
11271120427527,11271120428251,724
11271120621787,11271120622434,647
11271120828692,11271120829454,762
11271121026043,11271121026629,586
11271121223236,11271121223961,725
11271121418615,11271121419229,614
11271121614826,11271121615527,701
11271121809623,11271121810209,586
11271122011045,11271122011761,716
11271122210784,11271122211652,868
11271122496855,11271122497576,721
11271122694462,11271122695085,623
11271122891918,11271122892675,757
11271123087592,11271123088168,576
11271123286523,11271123287225,702
11271123482413,11271123482981,568
11271123680278,11271123680981,703
11271123874681,11271123875255,574
11271124071985,11271124072707,722
11271124271165,11271124271740,575
11271124467543,11271124468230,687
11271124662084,11271124662647,563
11271124860049,11271124860782,733
11271125055302,11271125055869,567
11271125250823,11271125251512,689
11271125444850,11271125445413,563
11271125733987,11271125734709,722
11271125932956,11271125933572,616
11271126131046,11271126131810,764
11271126328054,11271126328638,584
11271126527022,11271126527757,735
11271126724567,11271126725139,572
11271127129657,11271127130407,750
11271127369639,11271127370333,694
11271127602239,11271127603020,781
11271127798651,11271127799225,574
11271127994935,11271127995628,693
11271128190595,11271128191197,602
11271128387107,11271128387843,736
11271128581343,11271128581922,579
11271128777155,11271128777884,729
11271129055320,11271129055927,607
11271129258409,11271129259132,723
11271129456219,11271129456813,594
11271129655265,11271129656051,786
11271129852233,11271129852819,586
11271130049728,11271130050489,761
11271130245281,11271130245857,576
11271130442042,11271130442800,758
11271130637353,11271130637958,605
11271130833516,11271130834250,734
11271131028149,11271131028701,552
11271131224529,11271131225264,735
11271131419771,11271131420362,591
11271131616617,11271131617333,716
11271131811381,11271131811925,544
11271132008299,11271132009002,703
11271132202613,11271132203152,539
11271132486333,11271132487078,745
11271132684880,11271132685448,568
11271132883116,11271132883833,717
11271133080421,11271133081024,603
11271133278945,11271133279669,724
11271133475428,11271133476023,595
11271133672806,11271133673552,746
11271133868435,11271133868997,562
11271134065776,11271134066532,756
11271134262167,11271134262749,582
11271134458210,11271134458971,761
11271134654353,11271134654960,607
11271134850698,11271134851432,734
11271135045859,11271135046451,592
11271135242206,11271135242970,764
11271135437898,11271135438504,606
11271135720841,11271135721601,760
11271135919336,11271135919964,628
11271136116441,11271136117161,720
11271136312878,11271136313466,588
11271136511097,11271136511850,753
11271136707278,11271136707894,616
11271136903550,11271136904313,763
11271137099586,11271137100210,624
11271137310124,11271137310845,721
11271137505084,11271137505694,610
11271137701350,11271137702063,713
11271137896656,11271137897243,587
11271138093081,11271138093755,674
11271138287991,11271138288529,538
11271138488685,11271138489420,735
11271138681547,11271138682116,569
11271138882160,11271138882860,700
11271139156102,11271139156687,585
11271139354245,11271139354979,734
11271139560648,11271139561207,559
11271139758472,11271139759238,766
11271139953123,11271139953675,552
11271140149828,11271140150575,747
11271140344099,11271140344681,582
11271140541045,11271140541765,720
11271140808232,11271140808827,595
11271141003980,11271141004717,737
11271141199113,11271141199698,585
11271141394151,11271141394866,715
11271141588167,11271141588745,578
11271141782849,11271141783579,730
11271141976049,11271141976676,627
11271142305505,11271142306291,786
11271142538124,11271142538761,637
11271142739973,11271142740726,753
11271142935498,11271142936102,604
11271143132706,11271143133408,702
11271143329197,11271143329770,573
11271143532534,11271143533245,711
11271143940460,11271143941069,609
11271144141641,11271144142376,735
11271144336567,11271144337120,553
11271144534055,11271144534751,696
11271144728700,11271144729296,596
11271144924678,11271144925368,690
11271145118980,11271145119551,571
11271145320414,11271145321131,717
11271145514249,11271145514850,601
11271145801241,11271145801969,728
11271145998053,11271145998674,621
11271146195813,11271146196520,707
11271146398341,11271146398916,575
11271146595352,11271146596045,693
11271146790189,11271146790761,572
11271146986220,11271146986918,698
11271147180765,11271147181376,611
11271147376839,11271147377573,734
11271147570119,11271147570706,587
11271147766221,11271147766957,736
11271147961175,11271147961764,589
11271148156283,11271148156993,710
11271148350908,11271148351465,557
11271148545468,11271148546163,695
11271148736858,11271148737385,527
11271149021987,11271149022717,730
11271149220011,11271149220610,599
11271149417985,11271149418721,736
11271149614672,11271149615301,629
11271149811502,11271149812183,681
11271150008600,11271150009165,565
11271150204362,11271150205063,701
11271150398869,11271150399464,595
11271150594972,11271150595658,686
11271150872864,11271150873470,606
11271151068973,11271151069680,707
11271151264362,11271151264947,585
11271151461209,11271151461916,707
11271151654846,11271151655417,571
11271151850871,11271151851537,666
11271152044903,11271152045438,535
11271152325098,11271152325800,702
11271152522235,11271152522802,567
11271152719259,11271152719942,683
11271152916334,11271152916906,572
11271153112763,11271153113438,675
11271153307451,11271153307994,543
11271153502850,11271153503545,695
11271153697033,11271153697633,600
11271153892665,11271153893366,701
11271154088729,11271154089315,586
11271154286324,11271154286998,674
11271154480426,11271154480992,566
11271154680844,11271154681558,714
11271154876420,11271154877021,601
11271155073732,11271155074448,716
11271155268936,11271155269509,573
11271155465560,11271155466245,685
11271155751718,11271155752303,585
11271155951677,11271155952404,727
11271156149066,11271156149608,542
11271156345712,11271156346418,706
11271156541810,11271156542349,539
11271156738259,11271156738950,691
11271156933108,11271156933686,578
11271157128183,11271157128867,684
11271157325438,11271157325953,515
11271157522174,11271157522832,658
11271157715616,11271157716161,545
11271157911491,11271157912164,673
11271158107243,11271158107829,586
11271158302374,11271158303062,688
11271158497226,11271158497805,579
11271158693511,11271158694192,681
11271158939751,11271158940374,623
11271159180117,11271159180830,713
11271159376300,11271159376893,593
11271159573166,11271159573847,681
11271159770484,11271159770996,512
11271159966755,11271159967452,697
11271160162497,11271160163061,564
11271160570136,11271160570829,693
11271160841587,11271160842176,589
11271161038948,11271161039634,686
11271161233462,11271161234018,556
11271161435817,11271161436541,724
11271161631223,11271161631784,561
11271161931805,11271161932541,736
11271162280383,11271162281031,648
11271162609805,11271162610542,737
11271162902102,11271162902680,578
11271163191425,11271163192122,697
11271163489962,11271163490515,553
11271163757723,11271163758561,838
11271163990751,11271163991387,636
11271164227210,11271164228037,827
11271164492327,11271164492910,583
11271164790979,11271164791729,750
11271165086049,11271165086649,600
11271165357151,11271165357965,814
11271165651883,11271165652797,914
11271165994696,11271165995555,859
11271166238796,11271166239496,700
11271166537429,11271166538202,773
11271166828965,11271166829653,688
11271167117462,11271167118241,779
11271167409908,11271167410538,630
11271167702568,11271167703314,746
11271167994017,11271167994658,641
11271168285876,11271168286591,715
11271168568563,11271168569271,708
11271168802347,11271168803168,821
11271169040683,11271169041343,660
11271169302634,11271169303379,745
11271169569427,11271169570097,670
11271169827139,11271169827853,714
11271170094120,11271170094785,665
11271170343264,11271170344084,820
11271170575385,11271170576051,666
11271170808224,11271170809026,802
11271171039254,11271171039943,689
11271171285514,11271171286336,822
11271171516267,11271171516943,676
11271171747917,11271171748734,817
11271171978229,11271171978865,636
11271172216618,11271172217451,833
11271172456995,11271172457669,674
11271172691510,11271172692343,833
11271172945102,11271172945727,625
11271173238887,11271173239631,744
11271173533885,11271173534513,628
11271173829465,11271173830189,724
11271174118554,11271174119214,660
11271174408148,11271174408904,756
11271174674594,11271174675270,676
11271174907286,11271174908077,791
11271175138679,11271175139360,681
11271175371748,11271175372555,807
11271175614633,11271175615289,656
11271175851667,11271175852441,774
11271176085904,11271176086593,689
11271176320228,11271176321068,840
11271176577814,11271176578470,656
11271176811466,11271176812292,826
11271177043847,11271177044532,685
11271177279195,11271177279983,788
11271177512508,11271177513165,657
11271177748716,11271177749492,776
11271177982260,11271177982941,681
11271178219971,11271178220795,824
11271178456729,11271178457409,680
11271178693490,11271178694285,795
11271178939559,11271178940209,650
11271179177021,11271179177810,789
11271179428881,11271179429566,685
11271179664062,11271179664852,790
11271179897088,11271179897743,655
11271180131718,11271180132515,797
11271180364278,11271180364977,699
11271180597250,11271180598031,781
11271180828465,11271180829137,672
11271181061945,11271181062728,783
11271181294829,11271181295474,645
11271181785947,11271181786761,814
11271182020428,11271182021088,660
11271182280242,11271182281053,811
11271182542996,11271182543581,585
11271182850911,11271182851656,745
11271183148496,11271183149134,638
11271183444722,11271183445486,764
11271183743010,11271183743665,655
11271184042986,11271184043738,752
11271184337729,11271184338323,594
11271184635911,11271184636620,709
11271184911475,11271184912147,672
11271185149461,11271185150238,777
11271185396037,11271185396698,661
11271185672679,11271185673408,729
11271186010806,11271186011505,699
11271186250801,11271186251625,824
11271186488496,11271186489149,653
11271186726149,11271186726930,781
11271186960288,11271186961011,723
11271187195825,11271187196665,840
11271187428294,11271187428949,655
11271187662983,11271187663737,754
11271187896161,11271187896811,650
11271188129470,11271188130287,817
11271188374398,11271188375052,654
11271188608644,11271188609481,837
11271188841839,11271188842494,655
11271189086890,11271189087686,796
11271189321736,11271189322424,688
11271189555116,11271189555917,801
11271189786334,11271189787033,699
11271190026243,11271190027063,820
11271190263629,11271190264273,644
11271190497597,11271190498403,806
11271190728386,11271190729064,678
11271190966550,11271190967388,838
11271191213822,11271191214544,722
11271191447947,11271191448814,867
11271191681078,11271191681765,687
11271191920213,11271191921019,806
11271192152126,11271192152814,688
11271192419435,11271192420221,786
11271192653948,11271192654598,650
11271192887887,11271192888708,821
11271193121754,11271193122400,646
11271193354345,11271193355141,796
11271193605170,11271193605805,635
11271193840572,11271193841392,820
11271194075730,11271194076392,662
11271194308878,11271194309711,833
11271194541835,11271194542516,681
11271194808010,11271194808814,804
11271195039466,11271195040153,687
11271195272252,11271195273068,816
11271195503651,11271195504313,662
11271195748837,11271195749658,821
11271195984362,11271195985029,667
11271196227774,11271196228621,847
11271196493501,11271196494148,647
11271196727419,11271196728224,805
11271196960109,11271196960805,696
11271197193376,11271197194182,806
11271197424933,11271197425602,669
11271197658060,11271197658887,827
11271197890979,11271197891673,694
11271198124460,11271198125273,813
11271198359212,11271198359907,695
11271198592910,11271198593754,844
11271198824654,11271198825282,628
11271199068426,11271199069238,812
11271199303817,11271199304494,677
11271199536968,11271199537774,806
11271199768986,11271199769633,647
11271200001350,11271200002181,831
11271200248737,11271200249388,651
11271200482366,11271200483202,836
11271200713464,11271200714152,688
11271200946849,11271200947675,826
11271201178513,11271201179160,647
11271201411092,11271201411893,801
11271201643109,11271201643766,657
11271202114987,11271202115872,885
11271202361267,11271202361912,645
11271202597621,11271202598433,812
11271202829028,11271202829645,617
11271203062562,11271203063379,817
11271203293958,11271203294641,683
11271203527061,11271203527871,810
11271203760492,11271203761117,625
11271203993898,11271203994704,806
11271204226973,11271204227608,635
11271204461361,11271204462172,811
11271204694802,11271204695447,645
11271204928742,11271204929529,787
11271205160737,11271205161401,664
11271205393190,11271205394033,843
11271205632908,11271205633580,672
11271205868602,11271205869423,821
11271206102407,11271206103082,675
11271206350062,11271206350845,783
11271206582200,11271206582840,640
11271206817079,11271206817881,802
11271207049630,11271207050279,649
11271207281072,11271207281843,771
11271207510244,11271207510894,650
11271207740406,11271207741233,827
11271207971614,11271207972278,664
11271208203269,11271208204115,846
11271208439930,11271208440573,643
11271208670468,11271208671275,807
11271208909931,11271208910577,646
11271209144068,11271209144927,859
11271209376132,11271209376821,689
11271209608949,11271209609785,836
11271209840816,11271209841486,670
11271210072718,11271210073555,837
11271210302793,11271210303445,652
11271210533942,11271210534752,810
11271210763824,11271210764490,666
11271210996663,11271210997436,773
11271211226888,11271211227564,676
11271211458808,11271211459614,806
11271211689823,11271211690437,614
11271211920368,11271211921148,780
11271212151066,11271212151710,644
11271212387996,11271212388772,776
11271212619828,11271212620507,679
11271212852871,11271212853693,822
11271213083228,11271213083893,665
11271213314293,11271213315073,780
11271213542578,11271213543231,653
11271213778034,11271213778875,841
11271214008819,11271214009464,645
11271214241135,11271214241967,832
11271214472693,11271214473324,631
11271214703723,11271214704540,817
11271214933981,11271214934619,638
11271215166772,11271215167579,807
11271215396371,11271215397010,639
11271215636333,11271215637129,796
11271215869690,11271215870333,643
11271216102034,11271216102859,825
11271216331719,11271216332388,669
11271216564077,11271216564883,806
11271216793664,11271216794351,687
11271217026177,11271217027010,833
11271217258078,11271217258724,646
11271217489520,11271217490352,832
11271217721649,11271217722326,677
11271217953652,11271217954458,806
11271218184332,11271218185002,670
11271218433496,11271218434324,828
11271218662928,11271218663602,674
11271218902558,11271218903359,801
11271219134752,11271219135412,660
11271219371532,11271219372328,796
11271219603729,11271219604372,643
11271219834610,11271219835428,818
11271220065855,11271220066492,637
11271220298754,11271220299541,787
11271220530676,11271220531319,643
11271220761545,11271220762355,810
11271221229280,11271221229940,660
11271221465648,11271221466458,810
11271221694855,11271221695507,652
11271221925214,11271221926018,804
11271222153929,11271222154558,629
11271222391367,11271222392175,808
11271222634963,11271222635622,659
11271222867483,11271222868270,787
11271223097251,11271223097908,657
11271223330078,11271223330845,767
11271223560622,11271223561276,654
11271223791608,11271223792443,835
11271224022087,11271224022751,664
11271224252537,11271224269505,16968
11271224498137,11271224498783,646
11271224728626,11271224729452,826
11271224958465,11271224959179,714
11271225189703,11271225190544,841
11271225418644,11271225419308,664
11271225663304,11271225664102,798
11271225896573,11271225897236,663
11271226127876,11271226128692,816
11271226358789,11271226359442,653
11271226590487,11271226591277,790
11271226822023,11271226822693,670
11271227053722,11271227054551,829
11271227283860,11271227284552,692
11271227533291,11271227534079,788
11271227765222,11271227765848,626
11271227997954,11271227998771,817
11271228231446,11271228232097,651
11271228464230,11271228465021,791
11271228694913,11271228695551,638
11271228934390,11271228935180,790
11271229165551,11271229166168,617
11271229412974,11271229413755,781
11271229645676,11271229646337,661
11271229877663,11271229878487,824
11271230108650,11271230109269,619
11271230341106,11271230341906,800
11271230570999,11271230571654,655
11271230802293,11271230803103,810
11271231034284,11271231034904,620
11271231274168,11271231274957,789
11271231504525,11271231505156,631
11271231735846,11271231736644,798
11271231967269,11271231967939,670
11271232200833,11271232201635,802
11271232459624,11271232460291,667
11271232693885,11271232694672,787
11271232926530,11271232927154,624
11271233158406,11271233159211,805
11271233391172,11271233391795,623
11271233624515,11271233625321,806
11271233855957,11271233856622,665
11271234088622,11271234089438,816
11271234318806,11271234319432,626
11271234550786,11271234551577,791
11271234781920,11271234782576,656
11271235012973,11271235013780,807
11271235247249,11271235247883,634
11271235479037,11271235479850,813
11271235717112,11271235717799,687
11271235950926,11271235951710,784
11271236181403,11271236182044,641
11271236430237,11271236431009,772
11271236662229,11271236662855,626
11271236894907,11271236895711,804
11271237128034,11271237128718,684
11271237371243,11271237372093,850
11271237601835,11271237602516,681
11271237834767,11271237835603,836
11271238065902,11271238066583,681
11271238310090,11271238310922,832
11271238542509,11271238543208,699
11271238775463,11271238776299,836
11271239015049,11271239015711,662
11271239248436,11271239249277,841
11271239479367,11271239480015,648
11271239710448,11271239711304,856
11271239941922,11271239942615,693
11271240173289,11271240174110,821
11271240648195,11271240648914,719
11271240884047,11271240884877,830
11271241115941,11271241116603,662
11271241347786,11271241348594,808
11271241579874,11271241580502,628
11271241812535,11271241813348,813
11271242044561,11271242045178,617
11271242284962,11271242285770,808
11271242536945,11271242537605,660
11271242769536,11271242770317,781
11271243007192,11271243007870,678
11271243244222,11271243245053,831
11271243475457,11271243476102,645
11271243708025,11271243708836,811
11271243938323,11271243939028,705
11271244169847,11271244170666,819
11271244402572,11271244403238,666
11271244634530,11271244635295,765
11271244866773,11271244867409,636
11271245099116,11271245099914,798
11271245340938,11271245341622,684
11271245582231,11271245583037,806
11271245815240,11271245815848,608
11271246048289,11271246049052,763
11271246281856,11271246282524,668
11271246515475,11271246516241,766
11271246747373,11271246748038,665
11271246979610,11271246980396,786
11271247212278,11271247212929,651
11271247445821,11271247446648,827
11271247677802,11271247678503,701
11271247910353,11271247911181,828
11271248142252,11271248142929,677
11271248375984,11271248376794,810
11271248616171,11271248616838,667
11271248850257,11271248851049,792
11271249088763,11271249089458,695
11271249322759,11271249323608,849
11271249554582,11271249555298,716
11271249789287,11271249790123,836
11271250020852,11271250021585,733
11271250257826,11271250258649,823
11271250489309,11271250490003,694
11271250722681,11271250723475,794
11271250955157,11271250955814,657
11271251188258,11271251189067,809
11271251436829,11271251437545,716
11271251669611,11271251670421,810
11271251900243,11271251900898,655
11271252133607,11271252134405,798
11271252371777,11271252372432,655
11271252606892,11271252607747,855
11271252838873,11271252839555,682
11271253071098,11271253071891,793
11271253317887,11271253318480,593
11271253549747,11271253550546,799
11271253785284,11271253785951,667
11271254020528,11271254021363,835
11271254278362,11271254279282,920
11271254541181,11271254541990,809
11271254786464,11271254787104,640
11271255014250,11271255015055,805
11271255263441,11271255264125,684
11271255536330,11271255537192,862
11271255801619,11271255802324,705
11271256049603,11271256050466,863
11271256284460,11271256285145,685
11271256519507,11271256520353,846
11271256755193,11271256755884,691
11271256989339,11271256990185,846
11271257241480,11271257242173,693
11271257534894,11271257535796,902
11271257818207,11271257818905,698
11271258065693,11271258066567,874
11271258307051,11271258307738,687
11271258542157,11271258543010,853
11271258775442,11271258776120,678
11271259024977,11271259025828,851
11271259263116,11271259263762,646
11271259502676,11271259503538,862
11271259736721,11271259737408,687
11271259970598,11271259971464,866
11271260443914,11271260444603,689
11271260679774,11271260680654,880
11271260916568,11271260917213,645
11271261153932,11271261154757,825
11271261389767,11271261390424,657
11271261626268,11271261627152,884
11271261862684,11271261863393,709
11271262095179,11271262096016,837
11271262345191,11271262345862,671
11271262582900,11271262583732,832
11271262814303,11271262814973,670
11271263047562,11271263048395,833
11271263282812,11271263283475,663
11271263536889,11271263537721,832
11271263768840,11271263769478,638
11271264005006,11271264005833,827
11271264238729,11271264239385,656
11271264471546,11271264472365,819
11271264707637,11271264708260,623
11271264941074,11271264941877,803
11271265171433,11271265172074,641
11271265439434,11271265440212,778
11271265707355,11271265708004,649
11271265940928,11271265941753,825
11271266176189,11271266176860,671
11271266409820,11271266410639,819
11271266676546,11271266677152,606
11271266892800,11271266893560,760
11271267104335,11271267104936,601
11271267320160,11271267320907,747
11271267531822,11271267532437,615
11271267744737,11271267745477,740
11271267959560,11271267960154,594
11271268171505,11271268172261,756
11271268382636,11271268383260,624
11271268598607,11271268599364,757
11271268809691,11271268810291,600
11271269111640,11271269112413,773
11271269327353,11271269327944,591
11271269540113,11271269540826,713
11271269751028,11271269751621,593
11271269967937,11271269968687,750
11271270180240,11271270180871,631
11271270392251,11271270392993,742
11271270607401,11271270607993,592
11271270820718,11271270821472,754
11271271031698,11271271032295,597
11271271248583,11271271249349,766
11271271460906,11271271461531,625
11271271673688,11271271674447,759
11271271893530,11271271894155,625
11271272107573,11271272108314,741
11271272414862,11271272415473,611
11271272633267,11271272634051,784
11271272845542,11271272846155,613
11271273057975,11271273058705,730
11271273272753,11271273273361,608
11271273487270,11271273488026,756
11271273699928,11271273700530,602
11271273915597,11271273916362,765
11271274127195,11271274127818,623
11271274343207,11271274343993,786
11271274556867,11271274557491,624
11271274778545,11271274779320,775
11271274994010,11271274994623,613
11271275207391,11271275208172,781
11271275419922,11271275420521,599
11271275725985,11271275726747,762
11271275944047,11271275944669,622
11271276155831,11271276156546,715
11271276370115,11271276370714,599
11271276582957,11271276583706,749
11271276795478,11271276796053,575
11271277010859,11271277011605,746
11271277223656,11271277224260,604
11271277439650,11271277440422,772
11271277654034,11271277654619,585
11271277866759,11271277867512,753
11271278077377,11271278077915,538
11271278294257,11271278294990,733
11271278505059,11271278505634,575
11271278971592,11271278972387,795
11271279210087,11271279210724,637
11271279443193,11271279443987,794
11271279701827,11271279702457,630
11271279957833,11271279958560,727
11271280173135,11271280173753,618
11271280389012,11271280389742,730
11271280599667,11271280600264,597
11271280815214,11271280815964,750
11271281028324,11271281028950,626
11271281240794,11271281241509,715
11271281454634,11271281455249,615
11271281668455,11271281669192,737
11271281878070,11271281878614,544
11271282093409,11271282094170,761
11271282395430,11271282396043,613
11271282608468,11271282609203,735
11271282821972,11271282822586,614
11271283035821,11271283036587,766
11271283246605,11271283249810,3205
11271283462363,11271283463107,744
11271283672469,11271283673096,627
11271283886594,11271283887413,819
11271284099823,11271284100428,605
11271284314235,11271284315013,778
11271284524315,11271284524937,622
11271284739649,11271284740400,751
11271284950680,11271284951315,635
11271285161790,11271285162528,738
11271285376571,11271285377150,579
11271285635999,11271285636794,795
11271285886396,11271285887001,605
11271286102728,11271286103449,721
11271286314190,11271286314767,577
11271286527117,11271286527840,723
11271286741266,11271286741875,609
11271286953015,11271286953765,750
11271287164099,11271287164679,580
11271287380798,11271287381561,763
11271287593576,11271287594145,569
11271287805973,11271287806731,758
11271288019656,11271288020225,569
11271288232181,11271288232929,748
11271288442823,11271288443433,610
11271288657856,11271288658614,758
11271288869337,11271288869952,615
11271289342250,11271289343148,898
11271289586749,11271289587461,712
11271289820924,11271289821786,862
11271290053565,11271290054217,652
11271290288625,11271290289476,851
11271290714398,11271290715080,682
11271290956649,11271290957497,848
11271291190176,11271291190823,647
11271291435380,11271291436204,824
11271291670103,11271291670771,668
11271291904352,11271291905166,814
11271292136250,11271292136911,661
11271292444320,11271292445065,745
11271292661810,11271292662432,622
11271292876405,11271292877158,753
11271293092251,11271293092870,619
11271293305044,11271293305817,773
11271293516818,11271293517457,639
11271293732062,11271293732809,747
11271293943388,11271293944031,643
11271294154430,11271294155183,753
11271294370167,11271294370769,602
11271294583305,11271294584050,745
11271294795063,11271294795699,636
11271295011868,11271295012650,782
11271295221881,11271295222514,633
11271295434245,11271295435016,771
11271295735126,11271295735734,608
11271295949743,11271295950502,759
11271296162234,11271296162859,625
11271296377419,11271296378177,758
11271296590864,11271296591463,599
11271296803370,11271296804113,743
11271297019158,11271297019763,605
11271297231686,11271297232431,745
11271297657868,11271297658459,591
11271297874646,11271297875377,731
11271298086843,11271298087442,599
11271298303583,11271298304302,719
11271298515075,11271298515650,575
11271298728163,11271298728923,760
11271298992325,11271298992982,657
11271299254076,11271299254803,727
11271299466587,11271299467188,601
11271299682173,11271299682914,741
11271299893317,11271299893915,598
11271300105200,11271300105930,730
11271300328215,11271300328812,597
11271300542079,11271300542799,720
11271300754557,11271300755188,631
11271300969757,11271300970508,751
11271301180811,11271301181434,623
11271301391630,11271301392373,743
11271301605546,11271301606139,593
11271301818642,11271301819370,728
11271302030433,11271302031057,624
11271302294299,11271302295057,758
11271302548784,11271302549375,591
11271302762379,11271302763087,708
11271302977219,11271302977789,570
11271303189180,11271303189886,706
11271303401004,11271303401603,599
11271303616826,11271303617560,734
11271303827180,11271303827817,637
11271304039010,11271304039777,767
11271304258816,11271304259434,618
11271304472505,11271304473241,736
11271304683829,11271304684421,592
11271304899603,11271304900323,720
11271305110339,11271305110933,594
11271305326654,11271305327399,745
11271305538693,11271305539302,609
11271305812421,11271305813213,792
11271306068578,11271306069173,595
11271306282683,11271306283461,778
11271306495246,11271306495844,598
11271306713127,11271306713877,750
11271306925381,11271306925998,617
11271307141040,11271307141825,785
11271307356583,11271307357171,588
11271307569516,11271307570248,732
11271307780598,11271307781210,612
11271307997374,11271307998124,750
11271308208421,11271308209024,603
11271308426519,11271308427256,737
11271308640869,11271308641477,608
11271308853830,11271308854586,756
11271309147016,11271309147609,593
11271309370071,11271309370781,710
11271309582103,11271309582713,610
11271309796765,11271309797477,712
11271310012439,11271310013022,583
11271310225859,11271310226606,747
11271310439011,11271310439608,597
11271310656503,11271310657242,739
11271310867886,11271310868500,614
11271311080679,11271311081431,752
11271311296612,11271311297234,622
11271311508655,11271311509408,753
11271311719728,11271311720352,624
11271311935280,11271311936053,773
11271312146463,11271312147091,628
11271312441201,11271312441974,773
11271312655243,11271312655844,601
11271312867286,11271312868024,738
11271313081596,11271313082218,622
11271313294581,11271313295318,737
11271313506709,11271313507348,639
11271313722445,11271313723187,742
11271313933519,11271313934114,595
11271314144532,11271314145287,755
11271314359897,11271314360518,621
11271314572650,11271314573417,767
11271314783813,11271314784415,602
11271314999120,11271314999901,781
11271315211578,11271315212202,624
11271315424026,11271315424793,767
11271315933071,11271315933694,623
11271316150671,11271316151462,791
11271316363097,11271316363719,622
11271316579715,11271316580458,743
11271316792397,11271316793030,633
11271317005129,11271317005910,781
11271317220838,11271317221468,630
11271317433883,11271317434631,748
11271317645634,11271317646264,630
11271317860088,11271317860849,761
11271318071327,11271318071972,645
11271318284465,11271318285195,730
11271318499658,11271318500237,579
11271318712136,11271318712870,734
11271318931967,11271318932579,612
11271319149788,11271319150516,728
11271319367952,11271319368558,606
11271319585217,11271319585967,750
11271319797036,11271319797620,584
11271320010867,11271320011574,707
11271320232151,11271320232757,606
11271320445603,11271320446338,735
11271320697206,11271320697875,669
11271320958600,11271320959353,753
11271321169755,11271321170363,608
11271321382478,11271321383251,773
11271321597357,11271321597964,607
11271321857493,11271321858342,849
11271322088032,11271322088693,661
11271322365423,11271322366141,718
11271322577731,11271322578314,583
11271322790951,11271322791706,755
11271323006229,11271323006846,617
11271323219435,11271323220156,721
11271323437563,11271323438182,619
11271323653220,11271323653983,763
11271323865871,11271323866472,601
11271324078997,11271324079757,760
11271324374799,11271324375434,635
11271324586397,11271324587137,740
11271324805626,11271324806236,610
11271325023016,11271325023795,779
11271325233340,11271325233964,624
11271325446079,11271325446819,740
11271325721985,11271325722662,677
11271325956920,11271325957735,815
11271326189492,11271326190150,658
11271326495922,11271326496629,707
11271326786169,11271326786794,625
11271327037132,11271327037952,820
11271327289995,11271327290628,633
11271327530312,11271327531136,824
11271327774739,11271327775413,674
11271328011977,11271328012773,796
11271328246733,11271328247403,670
11271328493064,11271328493880,816
11271328726378,11271328727026,648
11271328972915,11271328973727,812
11271329210188,11271329210863,675
11271329444901,11271329445691,790
11271329678588,11271329679244,656
11271329920908,11271329921694,786
11271330154144,11271330154807,663
11271330387784,11271330388604,820
11271330624210,11271330624861,651
11271330856805,11271330857627,822
11271331089320,11271331089997,677
11271331327388,11271331328206,818
11271331560225,11271331560901,676
11271331792859,11271331793667,808
11271332028523,11271332029218,695
11271332273639,11271332274454,815
11271332530891,11271332531500,609
11271332826292,11271332827028,736
11271333127140,11271333127734,594
11271333415469,11271333416212,743
11271333715206,11271333715806,600
11271333984224,11271333985040,816
11271334216099,11271334216740,641
11271334463518,11271334464385,867
11271334723364,11271334724021,657
11271334992939,11271334993757,818
11271335455762,11271335456455,693
11271335729315,11271335730010,695
11271336022972,11271336023562,590
11271336320085,11271336320840,755
11271336611220,11271336611852,632
11271336890959,11271336891773,814
11271337124233,11271337124916,683
11271337357617,11271337358426,809
11271337593056,11271337593718,662
11271337825764,11271337826570,806
11271338057785,11271338058464,679
11271338295622,11271338296458,836
11271338527869,11271338528544,675
11271338760837,11271338761634,797
11271339005181,11271339005799,618
11271339238825,11271339239653,828
11271339470579,11271339471245,666
11271339706507,11271339707356,849
11271339939194,11271339939863,669
11271340171903,11271340172705,802
11271340406581,11271340407261,680
11271340641249,11271340642055,806
11271340872855,11271340873519,664
11271341108641,11271341109447,806
11271341340502,11271341341153,651
11271341572844,11271341573677,833
11271341808739,11271341809384,645
11271342041907,11271342042690,783
11271342282969,11271342283623,654
11271342520736,11271342521545,809
11271342752703,11271342753364,661
11271342989640,11271342990489,849
11271343222519,11271343223154,635
11271343455915,11271343456758,843
11271343692069,11271343692732,663
11271343926814,11271343927640,826
11271344156918,11271344157587,669
11271344392761,11271344393623,862
11271344623358,11271344624037,679
11271344857047,11271344857889,842
11271345092419,11271345093086,667
11271345330013,11271345330796,783
11271345567658,11271345568305,647
11271345804398,11271345805231,833
11271346036226,11271346036901,675
11271346274524,11271346275348,824
11271346511181,11271346511897,716
11271346746341,11271346747191,850
11271346978741,11271346979388,647
11271347220274,11271347221124,850
11271347452734,11271347453415,681
11271347685380,11271347686234,854
11271347919493,11271347920126,633
11271348152615,11271348153450,835
11271348384957,11271348385638,681
11271348621545,11271348622393,848
11271348852127,11271348852795,668
11271349094096,11271349094905,809
11271349335349,11271349336026,677
11271349568726,11271349569541,815
11271349801224,11271349801896,672
11271350037485,11271350038281,796
11271350269653,11271350270361,708
11271350507253,11271350508050,797
11271350761993,11271350764034,2041
11271350999456,11271351000269,813
11271351231824,11271351232497,673
11271351464205,11271351468212,4007
11271351701573,11271351702303,730
11271351943192,11271351944018,826
11271352176764,11271352177443,679
11271352429478,11271352430285,807
11271352661970,11271352662633,663
11271352898363,11271352899171,808
11271353134031,11271353134634,603
11271353379454,11271353380250,796
11271353614848,11271353615503,655
11271353850224,11271353851067,843
11271354081528,11271354082218,690
11271354319589,11271354320378,789
11271354552540,11271354553196,656
11271355016949,11271355017724,775
11271355255674,11271355256312,638
11271355489934,11271355490751,817
11271355728153,11271355728805,652
11271355964459,11271355965290,831
11271356198663,11271356199334,671
11271356430303,11271356431142,839
11271356661050,11271356661692,642
11271356896654,11271356897496,842
11271357127857,11271357128510,653
11271357358941,11271357359764,823
11271357593231,11271357593876,645
11271357824841,11271357825651,810
11271358054924,11271358055588,664
11271358289425,11271358290251,826
11271358520895,11271358521562,667
11271358752963,11271358753756,793
11271358995139,11271358995818,679
11271359228465,11271359229311,846
11271359462795,11271359463451,656
11271359696401,11271359697232,831
11271359925116,11271359925797,681
11271360163814,11271360164650,836
11271360394092,11271360394769,677
11271360625485,11271360626308,823
11271360860107,11271360860792,685
11271361093166,11271361093977,811
11271361322849,11271361323504,655
11271361559107,11271361559956,849
11271361790976,11271361791632,656
11271362023364,11271362024215,851
11271362264922,11271362265569,647
11271362497706,11271362498570,864
11271362735025,11271362735719,694
11271362970793,11271362971577,784
11271363202015,11271363202636,621
11271363435172,11271363436012,840
11271363669422,11271363670108,686
11271363902233,11271363903060,827
11271364133262,11271364133908,646
11271364368250,11271364369109,859
11271364600010,11271364600682,672
11271364832421,11271364833270,849
11271365067198,11271365067836,638
11271365299002,11271365299819,817
11271365530234,11271365530879,645
11271365782910,11271365783746,836
11271366017027,11271366017698,671
11271366253386,11271366254228,842
11271366519722,11271366520380,658
11271366754545,11271366755386,841
11271366991408,11271366992001,593
11271367225773,11271367226598,825
11271367473818,11271367474494,676
11271367709893,11271367710701,808
11271367941027,11271367941684,657
11271368175189,11271368176010,821
11271368412522,11271368413174,652
11271368651064,11271368651874,810
11271368891875,11271368892548,673
11271369134167,11271369135023,856
11271369371694,11271369372422,728
11271369627115,11271369627892,777
11271369911664,11271369912370,706
11271370254206,11271370255268,1062
11271370506821,11271370507474,653
11271370732636,11271370733428,792
11271370942153,11271370942810,657
11271371151828,11271371152601,773
11271371379525,11271371380132,607
11271371590199,11271371590938,739
11271371800190,11271371800801,611
11271372021461,11271372022172,711
11271372275186,11271372275829,643
11271372531882,11271372532722,840
11271372778414,11271372779109,695
11271373015736,11271373016556,820
11271373250440,11271373251144,704
11271373502537,11271373503387,850
11271373735857,11271373736533,676
11271374201824,11271374202717,893
11271374465319,11271374465949,630
11271374700464,11271374701305,841
11271374936496,11271374937180,684
11271375170745,11271375171584,839
11271375414078,11271375414758,680
11271375664069,11271375664892,823
11271375897213,11271375897872,659
11271376129680,11271376130505,825
11271376370104,11271376370766,662
11271376602652,11271376603460,808
11271376835349,11271376835986,637
11271377072596,11271377073439,843
11271377304465,11271377305104,639
11271377536026,11271377536877,851
11271377772399,11271377773062,663
11271378005895,11271378006728,833
11271378237832,11271378238553,721
11271378480494,11271378481355,861
11271378727413,11271378728076,663
11271378973315,11271378974140,825
11271379212460,11271379213093,633
11271379448410,11271379449216,806
11271379679649,11271379680331,682
11271379915434,11271379916309,875
11271380148701,11271380149372,671
11271380381765,11271380382590,825
11271380620680,11271380621345,665
11271380854988,11271380855967,979
11271381088007,11271381088658,651
11271381327071,11271381327919,848
11271381572872,11271381573552,680
11271381806172,11271381806986,814
11271382042457,11271382043123,666
11271382287671,11271382288475,804
11271382545081,11271382545717,636
11271382778476,11271382779294,818
11271383012022,11271383012693,671
11271383256042,11271383256867,825
11271383489955,11271383490629,674
11271383749465,11271383750301,836
11271383988068,11271383988700,632
11271384221916,11271384222744,828
11271384457703,11271384458388,685
11271384694544,11271384695355,811
11271384925249,11271384925905,656
11271385157867,11271385158666,799
11271385395149,11271385395795,646
11271385650454,11271385651241,787
11271385886243,11271385886906,663
11271386123954,11271386124799,845
11271386355949,11271386356634,685
11271386603889,11271386604709,820
11271386841279,11271386841961,682
11271387079786,11271387080596,810
11271387313593,11271387314351,758
11271387568885,11271387569690,805
11271387802638,11271387803295,657
11271388035943,11271388036783,840
11271388271986,11271388272672,686
11271388505564,11271388506406,842
11271388738230,11271388738917,687
11271388984811,11271388985636,825
11271389218967,11271389219637,670
11271389452536,11271389453366,830
11271389688089,11271389688758,669
11271389922045,11271389922871,826
11271390156393,11271390157317,924
11271390475515,11271390476462,947
11271390716397,11271390717057,660
11271390935739,11271390936561,822
11271391146101,11271391146712,611
11271391358951,11271391359707,756
11271391573474,11271391574113,639
11271391784192,11271391784984,792
11271391995080,11271391995661,581
11271392216409,11271392217172,763
11271392426313,11271392426944,631
11271392637712,11271392638420,708
11271392850431,11271392851041,610
11271393061455,11271393062170,715
11271393271756,11271393272320,564
11271393489637,11271393490352,715
11271393699373,11271393699934,561
11271394135289,11271394136039,750
11271394351618,11271394352182,564
11271394561719,11271394562419,700
11271394768189,11271394768772,583
11271394981150,11271394981894,744
11271395185800,11271395186371,571
11271395391871,11271395392558,687
11271395608540,11271395609155,615
11271395818260,11271395818953,693
11271396021469,11271396022071,602
11271396233871,11271396234601,730
11271396438533,11271396439095,562
11271396645856,11271396646569,713
11271396858252,11271396858803,551
11271397067517,11271397068217,700
11271397278524,11271397279104,580
11271397490868,11271397491579,711
11271397696499,11271397697322,823
11271397908462,11271397909162,700
11271398116648,11271398117228,580
11271398325963,11271398326682,719
11271398534491,11271398535066,575
11271398741101,11271398741803,702
11271398953179,11271398953778,599
11271399164578,11271399165320,742
11271399393480,11271399394093,613
11271399600694,11271399601410,716
11271399812872,11271399813420,548
11271400021601,11271400022326,725
11271400239088,11271400239667,579
11271400450632,11271400451330,698
11271400655053,11271400655627,574
11271400863059,11271400863774,715
11271401076250,11271401076822,572
11271401292032,11271401292777,745
11271401498690,11271401499329,639
11271401714349,11271401715063,714
11271401919513,11271401920095,582
11271402130046,11271402130764,718
11271402343850,11271402344470,620
11271402560280,11271402561027,747
11271402767136,11271402767737,601
11271402982025,11271402982746,721
11271403188485,11271403189099,614
11271403395796,11271403396492,696
11271403615885,11271403616524,639
11271403824595,11271403825320,725
11271404035142,11271404035714,572
11271404243402,11271404244127,725
11271404449900,11271404450503,603
11271404668323,11271404669040,717
11271404874248,11271404874824,576
11271405078901,11271405079631,730
11271405288497,11271405289100,603
11271405496256,11271405496971,715
11271405704971,11271405705547,576
11271405917090,11271405917842,752
11271406123681,11271406124287,606
11271406334436,11271406335153,717
11271406563344,11271406563923,579
11271406773690,11271406774456,766
11271406983119,11271406983724,605
11271407194128,11271407194898,770
11271407408046,11271407408659,613
11271407618284,11271407618996,712
11271407828934,11271407829527,593
11271408036576,11271408037280,704
11271408241084,11271408241664,580
11271408453792,11271408454516,724
11271408660049,11271408660594,545
11271408866087,11271408866799,712
11271409082664,11271409083279,615
11271409294230,11271409294978,748
11271409499334,11271409499973,639
11271409714336,11271409715053,717
11271409922916,11271409923481,565
11271410132950,11271410133682,732
11271410342437,11271410342995,558
11271410547901,11271410548676,775
11271410757348,11271410757958,610
11271411203456,11271411204221,765
11271411414043,11271411414680,637
11271411629481,11271411630220,739
11271411836878,11271411837469,591
11271412043878,11271412044605,727
11271412258961,11271412259590,629
11271412468753,11271412469505,752
11271412675987,11271412676548,561
11271412890208,11271412890940,732
11271413102481,11271413103101,620
11271413313541,11271413314285,744
11271413526089,11271413526686,597
11271413735612,11271413736341,729
11271413940973,11271413941559,586
11271414153396,11271414154132,736
11271414357369,11271414357957,588
11271414562307,11271414563061,754
11271414768846,11271414769410,564
11271414976305,11271414977026,721
11271415181561,11271415182124,563
11271415393544,11271415394268,724
11271415605862,11271415606456,594
11271415815298,11271415816022,724
11271416025713,11271416026268,555
11271416231312,11271416232008,696
11271416434216,11271416434750,534
11271416643313,11271416644039,726
11271416847358,11271416847938,580
11271417078662,11271417079370,708
11271417291047,11271417291663,616
11271417502294,11271417503020,726
11271417713178,11271417713785,607
11271417922774,11271417923489,715
11271418131100,11271418131727,627
11271418342197,11271418342964,767
11271418546348,11271418546910,562
11271418758224,11271418758930,706
11271418972432,11271418973029,597
11271419180270,11271419183715,3445
11271419388972,11271419389599,627
11271419594561,11271419595303,742
11271419799499,11271419800126,627
11271420008101,11271420008829,728
11271420212844,11271420213396,552
11271420423294,11271420424047,753
11271420630628,11271420631233,605
11271420839136,11271420839904,768
11271421046901,11271421047544,643
11271421259599,11271421260356,757
11271421461814,11271421462365,551
11271421668467,11271421669192,725
11271421878090,11271421878653,563
11271422084363,11271422085113,750
11271422296533,11271422297120,587
11271422511303,11271422512069,766
11271422714536,11271422715135,599
11271422921976,11271422922751,775
11271423128093,11271423128702,609
11271423334074,11271423334781,707
11271423539079,11271423539642,563
11271423746562,11271423747268,706
11271423949571,11271423950133,562
11271424158408,11271424159192,784
11271424363978,11271424364525,547
11271424570776,11271424571529,753
11271424780239,11271424780799,560
11271424991432,11271424992123,691
11271425194373,11271425194968,595
11271425399930,11271425400631,701
11271425610045,11271425610630,585
11271425819785,11271425820530,745
11271426026704,11271426027303,599
11271426232092,11271426232847,755
11271426436506,11271426437094,588
11271426646897,11271426647646,749
11271426850562,11271426851163,601
11271427067723,11271427068475,752
11271427278131,11271427278759,628
11271427485158,11271427485869,711
11271427693164,11271427693771,607
11271427904296,11271427905026,730
11271428112385,11271428112966,581
11271428557055,11271428557750,695
11271428769659,11271428770229,570
11271428980782,11271428981523,741
11271429187762,11271429188371,609
11271429398782,11271429399504,722
11271429603951,11271429604519,568
11271429809387,11271429810129,742
11271430017915,11271430018493,578
11271430225383,11271430226116,733
11271430429401,11271430430017,616
11271430640591,11271430641322,731
11271430846310,11271430846890,580
11271431052937,11271431053660,723
11271431264497,11271431265082,585
11271431472161,11271431472818,657
11271431673676,11271431674259,583
11271431883755,11271431884467,712
11271432085340,11271432085941,601
11271432293862,11271432294606,744
11271432501657,11271432502249,592
11271432707199,11271432707934,735
11271432913716,11271432914315,599
11271433120572,11271433121282,710
11271433323851,11271433324432,581
11271433532659,11271433533368,709
11271433739194,11271433739797,603
11271433944496,11271433945207,711
11271434155497,11271434156131,634
11271434362254,11271434363010,756
11271434565451,11271434566070,619
11271434776101,11271434776800,699
11271434981957,11271434982546,589
11271435188647,11271435189394,747
11271435400105,11271435400695,590
11271435614254,11271435614989,735
11271435820505,11271435821088,583
11271436031545,11271436032257,712
11271436235436,11271436236032,596
11271436441562,11271436442278,716
11271436655148,11271436655703,555
11271436864764,11271436865489,725
11271437069841,11271437070441,600
11271437287208,11271437287993,785
11271437495495,11271437496128,633
11271437705176,11271437705920,744
11271437913745,11271437914315,570
11271438122039,11271438122760,721
11271438325739,11271438326311,572
11271438537485,11271438538210,725
11271438745003,11271438745549,546
11271438956421,11271438957132,711
11271439165950,11271439166539,589
11271439372485,11271439373187,702
11271439580484,11271439581080,596
11271439788507,11271439789210,703
11271439996211,11271439996787,576
11271440206998,11271440207697,699
11271440415690,11271440416247,557
11271440621719,11271440622400,681
11271440830538,11271440831081,543
11271441041099,11271441041820,721
11271441246757,11271441247338,581
11271441455795,11271441456505,710
11271441662379,11271441662997,618
11271441867667,11271441868401,734
11271442076957,11271442077532,575
11271442287096,11271442287803,707
11271442490574,11271442491164,590
11271442704256,11271442704944,688
11271442908908,11271442909445,537
11271443118728,11271443119448,720
11271443358979,11271443359653,674
11271443592229,11271443593058,829
11271443851357,11271443852058,701
11271444105388,11271444106218,830
11271444343728,11271444344404,676
11271444580149,11271444580934,785
11271444818726,11271444819408,682
11271445052090,11271445052925,835
11271445285067,11271445285745,678
11271445520853,11271445521683,830
11271445768771,11271445769424,653
11271446229767,11271446230589,822
11271446469847,11271446470509,662
11271446704826,11271446705633,807
11271446939905,11271446940553,648
11271447174541,11271447175346,805
11271447415817,11271447416442,625
11271447653308,11271447654151,843
11271447886291,11271447886963,672
11271448118705,11271448119501,796
11271448370924,11271448371595,671
11271448602731,11271448603564,833
11271448834993,11271448835672,679
11271449077452,11271449078263,811
11271449311929,11271449312634,705
11271449544977,11271449545786,809
11271449780265,11271449780925,660
11271450012409,11271450013264,855
11271450244736,11271450245403,667
11271450481578,11271450482389,811
11271450714102,11271450714796,694
11271450946483,11271450947291,808
11271451182063,11271451182770,707
11271451415608,11271451416442,834
11271451658584,11271451659252,668
11271451896789,11271451897619,830
11271452128404,11271452129042,638
11271452370432,11271452371206,774
11271452608149,11271452608777,628
11271452841460,11271452842267,807
11271453073014,11271453073657,643
11271453309239,11271453310063,824
11271453541997,11271453542635,638
11271453773690,11271453774518,828
11271454009022,11271454009701,679
11271454242208,11271454243050,842
11271454478382,11271454479049,667
11271454711364,11271454712223,859
11271454943547,11271454944248,701
11271455180150,11271455180989,839
11271455413151,11271455413864,713
11271455653317,11271455654147,830
11271455889613,11271455890278,665
11271456126866,11271456127708,842
11271456343841,11271456344488,647
11271456556110,11271456556905,795
11271456762253,11271456762866,613
11271456968264,11271456969040,776
11271457210849,11271457211460,611
11271457421087,11271457421868,781
11271457628136,11271457628701,565
11271457841235,11271457841997,762
11271458049644,11271458050234,590
11271458257645,11271458258396,751
11271458471577,11271458472203,626
11271458679051,11271458679821,770
11271458899730,11271458900328,598
11271459125475,11271459126264,789
11271459333291,11271459333908,617
11271459541757,11271459542510,753
11271459751324,11271459751931,607
11271459960187,11271459960936,749
11271460165760,11271460166393,633
11271460377425,11271460378157,732
11271460583865,11271460584460,595
11271460795145,11271460795866,721
11271461005454,11271461006034,580
11271461212114,11271461212814,700
11271461420770,11271461421345,575
11271461629021,11271461629726,705
11271461834183,11271461834799,616
11271462044710,11271462045445,735
11271462260871,11271462261508,637
11271462470663,11271462471370,707
11271462680204,11271462680802,598
11271462886136,11271462886896,760
11271463091480,11271463092050,570
11271463303326,11271463304077,751
11271463509830,11271463510387,557
11271463716778,11271463717486,708
11271463924381,11271463924958,577
11271464138650,11271464139357,707
11271464574276,11271464574861,585
11271464791716,11271464792474,758
11271465000680,11271465001252,572
11271465215655,11271465216401,746
11271465424551,11271465425174,623
11271465643676,11271465644445,769
11271465858187,11271465858844,657
11271466071089,11271466071862,773
11271466274447,11271466275072,625
11271466490154,11271466490922,768
11271466700684,11271466701324,640
11271466908680,11271466909389,709
11271467111144,11271467111702,558
11271467320690,11271467321429,739
11271467524412,11271467524952,540
11271467729699,11271467730408,709
11271467936696,11271467937250,554
11271468143128,11271468143879,751
11271468353017,11271468353628,611
11271468562778,11271468563520,742
11271468769369,11271468769986,617
11271468981710,11271468982445,735
11271469189848,11271469190453,605
11271469396792,11271469397569,777
11271469607400,11271469608018,618
11271469813279,11271469814040,761
11271470018642,11271470019256,614
11271470229146,11271470229891,745
11271470435412,11271470436017,605
11271470645327,11271470646091,764
11271470857121,11271470857702,581
11271471067752,11271471068522,770
11271471275408,11271471276021,613
11271471488970,11271471489705,735
11271471697750,11271471698359,609
11271471905332,11271471906081,749
11271472116865,11271472117531,666
11271472348797,11271472349581,784
11271472566020,11271472566650,630
11271472783897,11271472784640,743
11271472992216,11271472992777,561
11271473199588,11271473200317,729
11271473409317,11271473409907,590
11271473615337,11271473616102,765
11271473821454,11271473822054,600
11271474031461,11271474032219,758
11271474236030,11271474236597,567
11271474441610,11271474442346,736
11271474650286,11271474650910,624
11271474857117,11271474857839,722
11271475065240,11271475065824,584
11271475270492,11271475271224,732
11271475474709,11271475475286,577
11271475700484,11271475701252,768
11271475907002,11271475907623,621
11271476113250,11271476114006,756
11271476323251,11271476323850,599
11271476529059,11271476529774,715
11271476732894,11271476733514,620
11271476941246,11271476941973,727
11271477144433,11271477145031,598
11271477349262,11271477349994,732
11271477556314,11271477556947,633
11271477760884,11271477761655,771
11271477964796,11271477965407,611
11271478174078,11271478174874,796
11271478416004,11271478416658,654
11271478626672,11271478627431,759
11271478830148,11271478830743,595
11271479043930,11271479044673,743
11271479255223,11271479255774,551
11271479461298,11271479462038,740
11271479668816,11271479669385,569
11271479879727,11271479880452,725
11271480084671,11271480085267,596
11271480296392,11271480297116,724
11271480503874,11271480504459,585
11271480709492,11271480710234,742
11271480918353,11271480918946,593
11271481127981,11271481128714,733
11271481331327,11271481331870,543
11271481540884,11271481541596,712
11271481978856,11271481979404,548
11271482191859,11271482192598,739
11271482403948,11271482404571,623
11271482615238,11271482615951,713
11271482823024,11271482826103,3079
11271483036036,11271483036790,754
11271483241520,11271483242081,561
11271483447270,11271483448022,752
11271483657925,11271483658548,623
11271483866419,11271483867167,748
11271484070434,11271484071011,577
11271484280347,11271484281060,713
11271484484979,11271484485549,570
11271484690876,11271484691618,742
11271484897594,11271484898186,592
11271485103731,11271485104497,766
11271485310558,11271485311132,574
11271485522670,11271485523429,759
11271485799772,11271485800468,696
11271486018712,11271486019550,838
11271486231472,11271486232097,625
11271486439054,11271486439827,773
11271486643918,11271486644495,577
11271486852580,11271486853296,716
11271487054218,11271487054789,571
11271487258978,11271487259702,724
11271487464910,11271487465501,591
11271487676640,11271487677327,687
11271487880585,11271487881211,626
11271488089050,11271488089762,712
11271488292436,11271488293105,669
11271488496527,11271488497280,753
11271488702817,11271488703423,606
11271488913386,11271488914168,782
11271489117276,11271489117871,595
11271489327302,11271489328011,709
11271489530346,11271489530929,583
11271489739307,11271489740001,694
11271489942294,11271489942826,532
11271490147329,11271490147997,668
11271490352761,11271490353341,580
11271490556686,11271490557417,731
11271490760473,11271490761079,606
11271490972427,11271490973177,750
11271491175323,11271491175954,631
11271491379253,11271491379975,722
11271491585556,11271491586112,556
11271491789998,11271491790707,709
11271491997910,11271491998457,547
11271492205177,11271492205917,740
11271492414541,11271492415145,604
11271492617819,11271492618558,739
11271492824716,11271492825287,571
11271493028701,11271493029457,756
11271493232308,11271493232890,582
11271493442890,11271493443615,725
11271493646282,11271493646877,595
11271493850169,11271493850847,678
11271494055646,11271494056209,563
11271494260881,11271494261622,741
11271494462907,11271494463496,589
11271494672698,11271494673441,743
11271494875216,11271494875823,607
11271495080306,11271495081028,722
11271495287037,11271495287607,570
11271495492396,11271495493137,741
11271495699563,11271495700124,561
11271495909043,11271495909770,727
11271496110763,11271496111286,523
11271496319835,11271496320548,713
11271496521195,11271496521761,566
11271496724728,11271496725460,732
11271496932208,11271496932754,546
11271497138288,11271497139023,735
11271497342763,11271497343368,605
11271497549839,11271497550577,738
11271497752967,11271497753560,593
11271497957320,11271497958025,705
11271498163615,11271498164158,543
11271498367168,11271498367898,730
11271498570033,11271498570626,593
11271498785236,11271498785983,747
11271499230701,11271499231324,623
11271499441908,11271499442620,712
11271499648623,11271499649173,550
11271499853090,11271499853823,733
11271500055365,11271500055920,555
11271500278018,11271500278748,730
11271500480496,11271500481055,559
11271500683954,11271500684691,737
11271500891634,11271500892192,558
11271501096009,11271501096736,727
11271501297617,11271501298194,577
11271501505633,11271501506360,727
11271501711077,11271501711667,590
11271501915904,11271501916589,685
11271502123284,11271502123861,577
11271502334703,11271502335424,721
11271502539251,11271502539829,578
11271502748222,11271502748955,733
11271502952930,11271502953568,638
11271503161055,11271503161812,757
11271503367881,11271503368429,548
11271503572096,11271503572823,727
11271503778503,11271503779063,560
11271503983861,11271503984603,742
11271504186045,11271504186648,603
11271504410402,11271504411121,719
11271504614395,11271504614959,564
11271504819477,11271504820233,756
11271505026147,11271505026774,627
11271505230749,11271505231480,731
11271505433290,11271505433901,611
11271505647099,11271505647802,703
11271505852313,11271505852936,623
11271506056849,11271506057594,745
11271506264559,11271506265211,652
11271506469849,11271506470603,754
11271506671939,11271506672567,628
11271506878185,11271506878915,730
11271507079225,11271507079805,580
11271507288103,11271507288833,730
11271507495673,11271507496283,610
11271507701561,11271507702216,655
11271507904918,11271507905532,614
11271508112054,11271508112799,745
11271508315849,11271508316462,613
11271508525165,11271508525896,731
11271508731278,11271508731901,623
11271508942644,11271508943381,737
11271509158354,11271509158942,588
11271509368920,11271509369624,704
11271509572519,11271509573098,579
11271509781142,11271509781859,717
11271509985410,11271509985992,582
11271510191621,11271510192338,717
11271510398513,11271510399097,584
11271510604074,11271510604803,729
11271510806619,11271510807224,605
11271511020246,11271511020983,737
11271511225031,11271511225645,614
11271511430420,11271511431147,727
11271511636880,11271511637506,626
11271511841503,11271511842250,747
11271512043827,11271512044467,640
11271512256598,11271512257348,750
11271512460155,11271512460736,581
11271512666095,11271512666823,728
11271512872559,11271512873192,633
11271513077497,11271513078197,700
11271513280184,11271513280765,581
11271513489116,11271513489784,668
11271513691649,11271513692244,595
11271513897322,11271513898038,716
11271514103608,11271514104268,660
11271514309526,11271514310249,723
11271514512542,11271514513179,637
11271514721194,11271514721943,749
11271514925414,11271514925982,568
11271515130595,11271515131307,712
11271515336571,11271515337183,612
11271515548839,11271515549574,735
11271515754453,11271515755093,640
11271515963123,11271515963867,744
11271516397874,11271516398476,602
11271516610141,11271516610832,691
11271516814033,11271516814616,583
11271517019197,11271517019898,701
11271517225444,11271517226025,581
11271517441953,11271517442657,704
11271517645080,11271517645692,612
11271517853034,11271517853750,716
11271518056499,11271518057109,610
11271518262929,11271518271375,8446
11271518476558,11271518477157,599
11271518681665,11271518682420,755
11271518889518,11271518890125,607
11271519100039,11271519100743,704
11271519302418,11271519303017,599
11271519511075,11271519511796,721
11271519717710,11271519718283,573
11271519922067,11271519922766,699
11271520124687,11271520125252,565
11271520333591,11271520334259,668
11271520540065,11271520540671,606
11271520744768,11271520745482,714
11271520951381,11271520951962,581
11271521157881,11271521158593,712
11271521360785,11271521361446,661
11271521570018,11271521570754,736
11271521772355,11271521772952,597
11271521977164,11271521977913,749
11271522195283,11271522195934,651
11271522407508,11271522408254,746
11271522615881,11271522616488,607
11271522824484,11271522825245,761
11271523027763,11271523028358,595
11271523236806,11271523237537,731
11271523439915,11271523440512,597
11271523643769,11271523644501,732
11271523849532,11271523850122,590
11271524054639,11271524055357,718
11271524257129,11271524257724,595
11271524466981,11271524467726,745
11271524670784,11271524671358,574
11271524876342,11271524877030,688
11271525082473,11271525083054,581
11271525287033,11271525287708,675
11271525493915,11271525494480,565
11271525706326,11271525707030,704
11271525910113,11271525910705,592
11271526115280,11271526115967,687
11271526320850,11271526321449,599
11271526525883,11271526526575,692
11271526728744,11271526729309,565
11271526937339,11271526938050,711
11271527139807,11271527140379,572
11271527344942,11271527345642,700
11271527551340,11271527551900,560
11271527754853,11271527755565,712
11271527957277,11271527957832,555
11271528164655,11271528165370,715
11271528367196,11271528367764,568
11271528571865,11271528572551,686
11271528778663,11271528779244,581
11271528987542,11271528988255,713
11271529190462,11271529191068,606
11271529402869,11271529403581,712
11271529607529,11271529608125,596
11271529816391,11271529817133,742
11271530019949,11271530020569,620
11271530225136,11271530225844,708
11271530444429,11271530445006,577
11271530649942,11271530650659,717
11271530852729,11271530853344,615
11271531066082,11271531066816,734
11271531277560,11271531278175,615
11271531482821,11271531483562,741
11271531691413,11271531692000,587
11271531897388,11271531898078,690
11271532101146,11271532101747,601
11271532314749,11271532315486,737
11271532519623,11271532520227,604
11271532961372,11271532962058,686
11271533173445,11271533174031,586
11271533380673,11271533381373,700
11271533582944,11271533583568,624
11271533791363,11271533792127,764
11271533995644,11271533996236,592
11271534199992,11271534200689,697
11271534406296,11271534406902,606
11271534611186,11271534611959,773
11271534814333,11271534814922,589
11271535022160,11271535022907,747
11271535225939,11271535226553,614
11271535446404,11271535447090,686
11271535657442,11271535658076,634
11271535862856,11271535863564,708
11271536065346,11271536065945,599
11271536276368,11271536277082,714
11271536478174,11271536478789,615
11271536686045,11271536686609,564
11271536890448,11271536891166,718
11271537091727,11271537092297,570
11271537299000,11271537299734,734
11271537501637,11271537502236,599
11271537705187,11271537705934,747
11271537913734,11271537914335,601
11271538118388,11271538118913,525
11271538322733,11271538323392,659
11271538528180,11271538528801,621
11271538732444,11271538733185,741
11271538938789,11271538939414,625
11271539149404,11271539149965,561
11271539399076,11271539399816,740
11271539605312,11271539605932,620
11271539809228,11271539809949,721
11271540014797,11271540015363,566
11271540230792,11271540231337,545
11271540434626,11271540435195,569
11271540639724,11271540640454,730
11271540847100,11271540847717,617
11271541050703,11271541051409,706
11271541254987,11271541255554,567
11271541462386,11271541463096,710
11271541664564,11271541665152,588
11271541869744,11271541870449,705
11271542077678,11271542078286,608
11271542286230,11271542286788,558
11271542493806,11271542494368,562
11271542699840,11271542700400,560
11271542902815,11271542903558,743
11271543107150,11271543107724,574
11271543314506,11271543315226,720
11271543516419,11271543516999,580
11271543722414,11271543723120,706
11271543927381,11271543927979,598
11271544131244,11271544131929,685
11271544332710,11271544333276,566
11271544539046,11271544539762,716
11271544740714,11271544741298,584
11271544947889,11271544948621,732
11271545150597,11271545151188,591
11271545362514,11271545363254,740
11271545572474,11271545573062,588
11271545777911,11271545778674,763
11271545979768,11271545980334,566
11271546186825,11271546187386,561
11271546390407,11271546391099,692
11271546592084,11271546592629,545
11271546799813,11271546800387,574
11271547004496,11271547005217,721
11271547205528,11271547206123,595
11271547412892,11271547413615,723
11271547614443,11271547614965,522
11271547816705,11271547817419,714
11271548020258,11271548020806,548
11271548227908,11271548228474,566
11271548430116,11271548430658,542
11271548635561,11271548636101,540
11271548838116,11271548838820,704
11271549045693,11271549046286,593
11271549271049,11271549271742,693
11271549472914,11271549473464,550
11271549676257,11271549676950,693
11271550109953,11271550110501,548
11271550318797,11271550319305,508
11271550538228,11271550538925,697
11271550744306,11271550744844,538
11271550949377,11271550950074,697
11271551150543,11271551151083,540
11271551356894,11271551357399,505
11271551559181,11271551559669,488
11271551766304,11271551766791,487
11271551969143,11271551969622,479
11271552169567,11271552170086,519
11271552380081,11271552380571,490
11271552585293,11271552585988,695
11271552787371,11271552787905,534
11271552993755,11271552994244,489
11271553201226,11271553201702,476
11271553404325,11271553405007,682
11271553607959,11271553608540,581
11271553811351,11271553811859,508
11271554013719,11271554014198,479
11271554219190,11271554219681,491
11271554422320,11271554422830,510
11271554625746,11271554626233,487
11271554831824,11271554832316,492
11271555033554,11271555034067,513
11271555239634,11271555240169,535
11271555446270,11271555446767,497
11271555653325,11271555653875,550
11271555855665,11271555856180,515
11271556061491,11271556062006,515
11271556264983,11271556265529,546
11271556484799,11271556485297,498
11271556691024,11271556691543,519
11271556893471,11271556894196,725
11271557095539,11271557096121,582
11271557301968,11271557302475,507
11271557519265,11271557519767,502
11271557720793,11271557721289,496
11271557927216,11271557927702,486
11271558130461,11271558131186,725
11271558340085,11271558340687,602
11271558544104,11271558544836,732
11271558745622,11271558746169,547
11271558957420,11271558957946,526
11271559161719,11271559162250,531
11271559368152,11271559368710,558
11271559575750,11271559576296,546
11271559779892,11271559780638,746
11271559981579,11271559982145,566
11271560189309,11271560190032,723
11271560395762,11271560396346,584
11271560599272,11271560599828,556
11271560810254,11271560810744,490
11271561014694,11271561015195,501
11271561221313,11271561221826,513
11271561429170,11271561429679,509
11271561633782,11271561634300,518
11271561836589,11271561837067,478
11271562043604,11271562044106,502
11271562252739,11271562253287,548
11271562473576,11271562474114,538
11271562681125,11271562681630,505
11271562884431,11271562884906,475
11271563087995,11271563088558,563
11271563295209,11271563295735,526
11271563502244,11271563502774,530
11271563705740,11271563706253,513
11271563911477,11271563911969,492
11271564114869,11271564115398,529
11271564317441,11271564317942,501
11271564522906,11271564523439,533
11271564726269,11271564726779,510
11271564932740,11271564933319,579
11271565135929,11271565136514,585
11271565351710,11271565352269,559
11271565561684,11271565562282,598
11271565767060,11271565767613,553
11271565970930,11271565971468,538
11271566178954,11271566179486,532
11271566394448,11271566394958,510
11271566828490,11271566828999,509
11271567040383,11271567040931,548
11271567245839,11271567246359,520
11271567451353,11271567451882,529
11271567658475,11271567659056,581
11271567861798,11271567862377,579
11271568064450,11271568064982,532
11271568271655,11271568272195,540
11271568488147,11271568488683,536
11271568693216,11271568693735,519
11271568906811,11271568907375,564
11271569113585,11271569114064,479
11271569316837,11271569317326,489
11271569523785,11271569524268,483
11271569727428,11271569727948,520
11271569930123,11271569930636,513
11271570136448,11271570136944,496
11271570339903,11271570340398,495
11271570543001,11271570543513,512
11271570749379,11271570749892,513
11271570951949,11271570952491,542
11271571153655,11271571154163,508
11271571359584,11271571360095,511
11271571562819,11271571563345,526
11271571772824,11271571773363,539
11271571976948,11271571977485,537
11271572180088,11271572180602,514
11271572392057,11271572392608,551
11271572597819,11271572598329,510
11271572801004,11271572801537,533
11271573008844,11271573009369,525
11271573212197,11271573212680,483
11271573416043,11271573416555,512
11271573623866,11271573624388,522
11271573827759,11271573828258,499
11271574032168,11271574032740,572
11271574260442,11271574260943,501
11271574464698,11271574465202,504
11271574667538,11271574668052,514
11271574873158,11271574873697,539
11271575077243,11271575077812,569
11271575285765,11271575286230,465
11271575492576,11271575493118,542
11271575707700,11271575708226,526
11271575912963,11271575913500,537
11271576120781,11271576121325,544
11271576325168,11271576325693,525
11271576528529,11271576529068,539
11271576737116,11271576737626,510
11271576941401,11271576941924,523
11271577144054,11271577144560,506
11271577365204,11271577365766,562
11271577569122,11271577569649,527
11271577772888,11271577773402,514
11271577980731,11271577981249,518
11271578185247,11271578185753,506
11271578422559,11271578423063,504
11271578627716,11271578628206,490
11271578829858,11271578830364,506
11271579045691,11271579046213,522
11271579252365,11271579252929,564
11271579455994,11271579456534,540
11271579664109,11271579664654,545
11271579868845,11271579869332,487
11271580072321,11271580072818,497
11271580280001,11271580280523,522
11271580484032,11271580484561,529
11271580690267,11271580690771,504
11271580902715,11271580903272,557
11271581107915,11271581108435,520
11271581311480,11271581312018,538
11271581520804,11271581521376,572
11271581725722,11271581726297,575
11271581928695,11271581929276,581
11271582139965,11271582140518,553
11271582361963,11271582362494,531
11271582567940,11271582568423,483
11271582779301,11271582779824,523
11271582992299,11271582992811,512
11271583206884,11271583207464,580
11271583445308,11271583445876,568
11271583758925,11271583759537,612
11271583983806,11271583984391,585
11271584198902,11271584199446,544
11271584424352,11271584424900,548
11271584639998,11271584640541,543
11271584856304,11271584856839,535
11271585073739,11271585075357,1618
11271585305350,11271585305866,516
11271585521952,11271585522463,511
11271585747530,11271585748139,609
11271585968001,11271585968520,519
11271586188760,11271586189304,544
11271586420387,11271586420921,534
11271586638939,11271586639473,534
11271586859667,11271586860209,542
11271587088223,11271587088768,545
11271587321890,11271587322484,594
11271587576223,11271587576821,598
11271587809817,11271587810398,581
11271588034756,11271588035344,588
11271588252974,11271588253542,568
11271588470974,11271588471506,532
11271588690695,11271588691282,587
11271588937755,11271588938457,702
11271589184564,11271589185183,619
11271589438323,11271589438903,580
11271589676238,11271589676834,596
11271589908509,11271589909082,573
11271590138782,11271590139372,590
11271590380279,11271590380813,534
11271590606626,11271590607186,560
11271590837689,11271590838218,529
11271591065392,11271591065959,567
11271591293131,11271591293699,568
11271591523083,11271591523662,579
11271591750837,11271591751390,553
11271591977838,11271591978464,626
11271592219673,11271592220485,812
11271592465599,11271592466215,616
11271592697240,11271592697849,609
11271592929074,11271592929703,629
11271593162206,11271593162832,626
11271593395062,11271593395648,586
11271593630908,11271593631533,625
11271593859828,11271593860409,581
11271594090553,11271594091117,564
11271594321485,11271594322119,634
11271594552654,11271594553217,563
11271594780543,11271594781118,575
11271595007898,11271595008489,591
11271595237783,11271595238356,573
11271595466042,11271595466615,573
11271595704571,11271595705179,608
11271595938118,11271595938757,639
11271596171074,11271596171696,622
11271596412252,11271596412862,610
11271596640961,11271596641526,565
11271596872009,11271596872605,596
11271597100538,11271597101108,570
11271597330742,11271597331349,607
11271597558955,11271597559536,581
11271597788458,11271597789041,583
11271598015000,11271598015556,556
11271598246191,11271598246803,612
11271598473125,11271598473672,547
11271598700071,11271598700625,554
11271598936778,11271598937389,611
11271599168638,11271599169201,563
11271599404641,11271599405248,607
11271599633006,11271599633591,585
11271599864820,11271599865436,616
11271600100345,11271600100931,586
11271600338255,11271600338829,574
11271600787951,11271600788540,589
11271601015319,11271601015889,570
11271601237395,11271601237992,597
11271601457487,11271601458035,548
11271601676230,11271601676818,588
11271601895965,11271601896503,538
11271602112180,11271602112723,543
11271602360996,11271602361599,603
11271602581593,11271602582225,632
11271602801541,11271602802068,527
11271603026265,11271603026803,538
11271603244102,11271603244634,532
11271603462591,11271603463126,535
11271603683549,11271603684129,580
11271603900475,11271603901024,549
11271604116520,11271604117091,571
11271604336500,11271604337087,587
11271604554291,11271604554824,533
11271604769668,11271604770245,577
11271604988498,11271604989126,628
11271605210011,11271605210632,621
11271605429920,11271605430522,602
11271605656715,11271605657354,639
11271605876277,11271605876850,573
11271606117863,11271606118507,644
11271606339904,11271606340517,613
11271606561821,11271606562428,607
11271606781231,11271606781857,626
11271606996646,11271606997200,554
11271607213851,11271607214389,538
11271607432334,11271607432882,548
11271607647288,11271607647911,623
11271607863933,11271607864508,575
11271608079921,11271608080521,600
11271608292984,11271608296316,3332
11271608511111,11271608511738,627
11271608724258,11271608724884,626
11271608945472,11271608948567,3095
11271609167840,11271609168471,631
11271609399077,11271609399706,629
11271609617595,11271609618206,611
11271609835334,11271609835900,566
11271610051792,11271610052436,644
11271610269958,11271610270503,545
11271610489949,11271610490543,594
11271610704938,11271610705503,565
11271610919199,11271610919790,591
11271611138039,11271611138652,613
11271611371441,11271611371993,552
11271611587768,11271611588322,554
11271611806558,11271611807145,587
11271612020025,11271612020591,566
11271612241582,11271612242200,618
11271612478413,11271612479009,596
11271612694848,11271612695435,587
11271612909505,11271612910127,622
11271613129143,11271613129744,601
11271613344153,11271613344705,552
11271613557285,11271613557886,601
11271613774928,11271613775504,576
11271613988540,11271613989102,562
11271614203484,11271614204012,528
11271614421503,11271614422084,581
11271614636590,11271614637130,540
11271614851640,11271614852209,569
11271615068783,11271615069373,590
11271615286898,11271615287499,601
11271615508872,11271615509477,605
11271615733678,11271615734300,622
11271615950355,11271615950950,595
11271616172771,11271616173404,633
11271616404828,11271616405441,613
11271616621678,11271616622292,614
11271616840961,11271616841551,590
11271617059215,11271617059837,622
11271617275057,11271617275618,561
11271617501274,11271617501825,551
11271617940506,11271617941116,610
11271618160605,11271618161206,601
11271618380011,11271618380600,589
11271618594431,11271618594998,567
11271618807819,11271618808381,562
11271619031959,11271619032553,594
11271619250124,11271619250736,612
11271619464233,11271619464816,583
11271619684057,11271619684658,601
11271619901560,11271619902117,557
11271620116963,11271620117554,591
11271620334639,11271620335148,509
11271620547332,11271620547901,569
11271620760351,11271620760900,549
11271620980183,11271620980748,565
11271621194904,11271621195491,587
11271621428259,11271621428827,568
11271621648157,11271621648727,570
11271621862912,11271621863500,588
11271622076754,11271622077336,582
11271622302883,11271622303503,620
11271622520455,11271622521049,594
11271622739963,11271622740559,596
11271622956783,11271622957392,609
11271623171955,11271623172535,580
11271623394464,11271623395008,544
11271623609287,11271623609861,574
11271623823181,11271623823736,555
11271624042358,11271624042918,560
11271624257768,11271624258359,591
11271624471897,11271624472482,585
11271624690574,11271624691087,513
11271624906391,11271624906928,537
11271625120093,11271625120637,544
11271625337975,11271625338547,572
11271625562685,11271625563279,594
11271625780609,11271625781242,633
11271625999399,11271625999947,548
11271626213735,11271626214299,564
11271626428396,11271626428963,567
11271626647897,11271626648490,593
11271626863696,11271626864274,578
11271627079198,11271627079794,596
11271627428401,11271627429024,623
11271627653444,11271627654070,626
11271627870477,11271627871037,560
11271628090573,11271628091164,591
11271628306280,11271628306878,598
11271628521446,11271628522067,621
11271628739919,11271628740508,589
11271628964197,11271628964831,634
11271629193299,11271629193909,610
11271629415140,11271629415777,637
11271629632065,11271629632708,643
11271629854180,11271629854807,627
11271630071340,11271630071988,648
11271630287293,11271630287925,632
11271630509215,11271630509830,615
11271630724498,11271630725089,591
11271630940048,11271630940667,619
11271631159200,11271631159796,596
11271631374060,11271631374620,560
11271631589016,11271631589631,615
11271631811936,11271631812572,636
11271632028257,11271632028880,623
11271632250050,11271632250651,601
11271632472644,11271632473259,615
11271632691510,11271632692153,643
11271632909640,11271632910267,627
11271633130187,11271633130796,609
11271633351091,11271633351736,645
11271633567991,11271633568604,613
11271633790869,11271633791627,758
11271634024512,11271634025135,623
11271634247493,11271634248097,604
11271634474818,11271634475380,562
11271634696225,11271634696794,569
11271635171430,11271635172141,711
11271635410965,11271635411582,617
11271635644726,11271635645329,603
11271635870053,11271635870668,615
11271636099903,11271636100504,601
11271636334695,11271636335299,604
11271636569601,11271636570153,552
11271636819770,11271636820562,792
11271637062267,11271637062999,732
11271637380790,11271637381407,617
11271637634400,11271637635035,635
11271637913005,11271637913986,981
11271638230744,11271638231505,761
11271638525532,11271638526335,803
11271638793978,11271638794670,692
11271639094208,11271639094888,680
11271639418204,11271639419024,820
11271639686804,11271639687479,675
11271639939876,11271639940471,595
11271640197865,11271640198510,645
11271640518088,11271640518924,836
11271640828241,11271640828775,534
11271641275391,11271641276695,1304
11271641906256,11271641908064,1808
11271642488530,11271642490177,1647
11271642841392,11271642842204,812
11271643089088,11271643089672,584
11271643319354,11271643319954,600
11271643541488,11271643542148,660
11271643753298,11271643753908,610
11271643968211,11271643968795,584
11271644179587,11271644180155,568
11271644389116,11271644389676,560
11271644605173,11271644605701,528
11271644823323,11271644823918,595
11271645033864,11271645034407,543
11271645247148,11271645247733,585
11271645457679,11271645458248,569
11271645683090,11271645683657,567
11271645902624,11271645903206,582
11271646115180,11271646115778,598
11271646331046,11271646331625,579
11271646541186,11271646541751,565
11271646749405,11271646749921,516
11271646963728,11271646964265,537
11271647173725,11271647174323,598
11271647394901,11271647395453,552
11271647643961,11271647644523,562
11271647971675,11271647972502,827
11271648304041,11271648305003,962
11271648603987,11271648604683,696
11271648907219,11271648907958,739
11271649185949,11271649186594,645
11271649430253,11271649430854,601
11271649653101,11271649653647,546
11271649864338,11271649864960,622
11271650079585,11271650080170,585
11271650290474,11271650291029,555
11271650499298,11271650499873,575
11271650715491,11271650716096,605
11271650930961,11271650931493,532
11271651140097,11271651140656,559
11271651390209,11271651390746,537
11271651645114,11271651645870,756
11271651891206,11271651891779,573
11271652133118,11271652133704,586
11271652410174,11271652410760,586
11271652633891,11271652634457,566
11271652864120,11271652864622,502
11271653092861,11271653093440,579
11271653334732,11271653335493,761
11271653593056,11271653593691,635
11271653812870,11271653813501,631
11271654028107,11271654028705,598
11271654237061,11271654237613,552
11271654458604,11271654459188,584
11271654934647,11271654935311,664
11271655151250,11271655151760,510
11271655368759,11271655369316,557
11271655591736,11271655592345,609
11271655822146,11271655822721,575
11271656030950,11271656031495,545
11271656316316,11271656316997,681
11271656546229,11271656546843,614
11271656757816,11271656758415,599
11271656974434,11271656975050,616
11271657184392,11271657184982,590
11271657491788,11271657492446,658
11271657726284,11271657726893,609
11271657938679,11271657939225,546
11271658147990,11271658148535,545
11271658373507,11271658374039,532
11271658663910,11271658664442,532
11271658976634,11271658977243,609
11271659215823,11271659216447,624
11271659427944,11271659428512,568
11271659637977,11271659638568,591
11271659850906,11271659851429,523
11271660059979,11271660060530,551
11271660267920,11271660268453,533
11271660480875,11271660481396,521
11271660729730,11271660730285,555
11271660935319,11271660935858,539
11271661144550,11271661145119,569
11271661358297,11271661358832,535
11271661569602,11271661570147,545
11271661776170,11271661776682,512
11271661981585,11271661982121,536
11271662192098,11271662192624,526
11271662432321,11271662432882,561
11271662655657,11271662656193,536
11271662863967,11271662864521,554
11271663069929,11271663070470,541
11271663276408,11271663276966,558
11271663532589,11271663533173,584
11271663752014,11271663752597,583
11271663969669,11271663970539,870
11271664185132,11271664185902,770
11271664395613,11271664396398,785
11271664603386,11271664604080,694
11271664817670,11271664818260,590
11271665027733,11271665028311,578
11271665281791,11271665282376,585
11271665551232,11271665551891,659
11271665837285,11271665837928,643
11271666091537,11271666092160,623
11271666315606,11271666316247,641
11271666533814,11271666534405,591
11271666750354,11271666750938,584
11271666970828,11271666971424,596
11271667189491,11271667190062,571
11271667405772,11271667406550,778
11271667624692,11271667625359,667
11271667841638,11271667842256,618
11271668058717,11271668059511,794
11271668278504,11271668279181,677
11271668495354,11271668495948,594
11271668715675,11271668716251,576
11271668938308,11271668938915,607
11271669161565,11271669162143,578
11271669383187,11271669383818,631
11271669600819,11271669601661,842
11271669816875,11271669817544,669
11271670082020,11271670082670,650
11271670312822,11271670313678,856
11271670529961,11271670530715,754
11271670746023,11271670746562,539
11271670963602,11271670964226,624
11271671181481,11271671182076,595
11271671411467,11271671412069,602
11271671627833,11271671628450,617
11271671845354,11271671845950,596
11271672061405,11271672061978,573
11271672550103,11271672550765,662
11271672776576,11271672777272,696
11271672995525,11271672996110,585
11271673217690,11271673218249,559
11271673437044,11271673437647,603
11271673653809,11271673654398,589
11271673872281,11271673872867,586
11271674089787,11271674090382,595
11271674317220,11271674317840,620
11271674534457,11271674535365,908
11271674750381,11271674751039,658
11271674965054,11271674965665,611
11271675178439,11271675179013,574
11271675418329,11271675418923,594
11271675641278,11271675641877,599
11271675860007,11271675860615,608
11271676080461,11271676081073,612
11271676302715,11271676303294,579
11271676517095,11271676517701,606
11271676735883,11271676736500,617
11271676958508,11271676959091,583
11271677173145,11271677173744,599
11271677417129,11271677417758,629
11271677674845,11271677675610,765
11271677929774,11271677930422,648
11271678153350,11271678154111,761
11271678379446,11271678380140,694
11271678599765,11271678600369,604
11271678814465,11271678815266,801
11271679036558,11271679037206,648
11271679257735,11271679258556,821
11271679473349,11271679474048,699
11271679689615,11271679690222,607
11271679909057,11271679909834,777
11271680123346,11271680123992,646
11271680352262,11271680353061,799
11271680569174,11271680569863,689
11271680784099,11271680784886,787
11271680997037,11271680997675,638
11271681216584,11271681217391,807
11271681446851,11271681447474,623
11271681660566,11271681661281,715
11271681877679,11271681878283,604
11271682093394,11271682094148,754
11271682346147,11271682346809,662
11271682567471,11271682568132,661
11271682784556,11271682785155,599
11271683000533,11271683001354,821
11271683219106,11271683219743,637
11271683441230,11271683441991,761
11271683655269,11271683655900,631
11271683873177,11271683873982,805
11271684087139,11271684087799,660
11271684302099,11271684302916,817
11271684519022,11271684519661,639
11271684736271,11271684737061,790
11271684953190,11271684953782,592
11271685169650,11271685170181,531
11271685407225,11271685407832,607
11271685673768,11271685674413,645
11271685907697,11271685908538,841
11271686124942,11271686125618,676
11271686346308,11271686347062,754
11271686561344,11271686562032,688
11271686777858,11271686778634,776
11271687025799,11271687026453,654
11271687255391,11271687256236,845
11271687479574,11271687480194,620
11271687705010,11271687705698,688
11271687923610,11271687924423,813
11271688140223,11271688140900,677
11271688360469,11271688361240,771
11271688574452,11271688575083,631
11271688790247,11271688791042,795
11271689021402,11271689022051,649
11271689241608,11271689242420,812
11271689457484,11271689458088,604
11271689678087,11271689678912,825
11271690126654,11271690127249,595
11271690350855,11271690351637,782
11271690569943,11271690570605,662
11271690787632,11271690788268,636
11271691003475,11271691004277,802
11271691222711,11271691223363,652
11271691439573,11271691440151,578
11271691656141,11271691656896,755
11271691880070,11271691880692,622
11271692095984,11271692096738,754
11271692323015,11271692323655,640
11271692543073,11271692543849,776
11271692759733,11271692760453,720
11271692980968,11271692981752,784
11271693197555,11271693198270,715
11271693414576,11271693415326,750
11271693633160,11271693633810,650
11271693847433,11271693848226,793
11271694060668,11271694061338,670
11271694280254,11271694281079,825
11271694494650,11271694495310,660
11271694709919,11271694710503,584
11271694930660,11271694931405,745
11271695156705,11271695157278,573
11271695375156,11271695375943,787
11271695601055,11271695601740,685
11271695821359,11271695822154,795
11271696036319,11271696037015,696
11271696264054,11271696264803,749
11271696477426,11271696478034,608
11271696692581,11271696693328,747
11271696908692,11271696909344,652
11271697123901,11271697124658,757
11271697337001,11271697337632,631
11271697555532,11271697556293,761
11271697769742,11271697770380,638
11271697983345,11271697984154,809
11271698199086,11271698199750,664
11271698412643,11271698413388,745
11271698625605,11271698626285,680
11271698844013,11271698844816,803
11271699069138,11271699069768,630
11271699322487,11271699323312,825
11271699538840,11271699539552,712
11271699754878,11271699755674,796
11271699973717,11271699974403,686
11271700191559,11271700192348,789
11271700432750,11271700433464,714
11271700653361,11271700654138,777
11271700866067,11271700866729,662
11271701081587,11271701082296,709
11271701298132,11271701298776,644
11271701514929,11271701515723,794
11271701729116,11271701729763,647
11271701950946,11271701951732,786
11271702166623,11271702167254,631
11271702393870,11271702394655,785
11271702613394,11271702614036,642
11271702830770,11271702831587,817
11271703046357,11271703046987,630
11271703266418,11271703267144,726
11271703481708,11271703482361,653
11271703696682,11271703697416,734
11271703912848,11271703913443,595
11271704127280,11271704128074,794
11271704340547,11271704341187,640
11271704558755,11271704559546,791
11271704772818,11271704773451,633
11271704987389,11271704988132,743
11271705202728,11271705203335,607
11271705418416,11271705419175,759
11271705643152,11271705643754,602
11271705866093,11271705866879,786
11271706081990,11271706082644,654
11271706302339,11271706303071,732
11271706517616,11271706518254,638
11271706735157,11271706735956,799
11271706953955,11271706954587,632
11271707169793,11271707170538,745
11271707623668,11271707624399,731
11271707848900,11271707849686,786
11271708065379,11271708066049,670
11271708282789,11271708283566,777
11271708499769,11271708500370,601
11271708715550,11271708716306,756
11271708937756,11271708938413,657
11271709160265,11271709161074,809
11271709379006,11271709379657,651
11271709594572,11271709595347,775
11271709814110,11271709814772,662
11271710030384,11271710031160,776
11271710243052,11271710243721,669
11271710463463,11271710464234,771
11271710676473,11271710677180,707
11271710890282,11271710891031,749
11271711108251,11271711108889,638
11271711330243,11271711331035,792
11271711544271,11271711544930,659
11271711762949,11271711763691,742
11271711976965,11271711977663,698
11271712191608,11271712192376,768
11271712426338,11271712426971,633
11271712644611,11271712645354,743
11271712859684,11271712860359,675
11271713087061,11271713087848,787
11271713304088,11271713304776,688
11271713525350,11271713526152,802
11271713739226,11271713739865,639
11271713953762,11271713954516,754
11271714171493,11271714172118,625
11271714386597,11271714387335,738
11271714599218,11271714599866,648
11271714817301,11271714818039,738
11271715030410,11271715031036,626
11271715244988,11271715245707,719
11271715460844,11271715461468,624
11271715685677,11271715686434,757
11271715902794,11271715903465,671
11271716123269,11271716124027,758
11271716338741,11271716339347,606
11271716553801,11271716554572,771
11271716771714,11271716772363,649
11271716988726,11271716989496,770
11271717202894,11271717203509,615
11271717421374,11271717422182,808
11271717634494,11271717635160,666
11271717850041,11271717850816,775
11271718067125,11271718067788,663
11271718291778,11271718292564,786
11271718505123,11271718505815,692
11271718724321,11271718725126,805
11271718948286,11271718948985,699
11271719166324,11271719167150,826
11271719390350,11271719391022,672
11271719617079,11271719617812,733
11271719833628,11271719834292,664
11271720054040,11271720054820,780
11271720268707,11271720269330,623
11271720502405,11271720503161,756
11271720716169,11271720716779,610
11271720931403,11271720932142,739
11271721149642,11271721150279,637
11271721367719,11271721368489,770
11271721582617,11271721583214,597
11271721802755,11271721803506,751
11271722015307,11271722015921,614
11271722239004,11271722239768,764
11271722462107,11271722462750,643
11271722680077,11271722680881,804
11271722896195,11271722896893,698
11271723116614,11271723117434,820
11271723331744,11271723332385,641
11271723547182,11271723547984,802
11271723765286,11271723765886,600
11271723982305,11271723983042,737
11271724197014,11271724197579,565
11271724651308,11271724652097,789
11271724871006,11271724871664,658
11271725087607,11271725088356,749
11271725305433,11271725306082,649
11271725522080,11271725522842,762
11271725745321,11271725745948,627
11271725966527,11271725967325,798
11271726182837,11271726183473,636
11271726399089,11271726399802,713
11271726618150,11271726618824,674
11271726834138,11271726834928,790
11271727048416,11271727048997,581
11271727269875,11271727270582,707
11271727483122,11271727483766,644
11271727701639,11271727702391,752
11271727915856,11271727916467,611
11271728131327,11271728132049,722
11271728349691,11271728350277,586
11271728564886,11271728565679,793
11271728778225,11271728778865,640
11271729005401,11271729006184,783
11271729223129,11271729223720,591
11271729440270,11271729441007,737
11271729659457,11271729660064,607
11271729876702,11271729877446,744
11271730090350,11271730090946,596
11271730311044,11271730311851,807
11271730526244,11271730526882,638
11271730740593,11271730741372,779
11271730957350,11271730957982,632
11271731172154,11271731172893,739
11271731385139,11271731385744,605
11271731602837,11271731603637,800
11271731816717,11271731817318,601
11271732031846,11271732032609,763
11271732257273,11271732257947,674
11271732481602,11271732482413,811
11271732697656,11271732698241,585
11271732918932,11271732919757,825
11271733134878,11271733135506,628
11271733358738,11271733359508,770
11271733577342,11271733577972,630
11271733792588,11271733793397,809
11271734006162,11271734006790,628
11271734229179,11271734229924,745
11271734447466,11271734448096,630
11271734668172,11271734668921,749
11271734882080,11271734882735,655
11271735097392,11271735098163,771
11271735315205,11271735315884,679
11271735530654,11271735531441,787
11271735757021,11271735757680,659
11271735987957,11271735988765,808
11271736204435,11271736205080,645
11271736454170,11271736454958,788
11271736670602,11271736671282,680
11271736892126,11271736892873,747
11271737108993,11271737109645,652
11271737331255,11271737332025,770
11271737547031,11271737547679,648
11271737765273,11271737766068,795
11271737976978,11271737977611,633
11271738194567,11271738195344,777
11271738409733,11271738410356,623
11271738624762,11271738625546,784
11271738839959,11271738840624,665
11271739063403,11271739064194,791
11271739277126,11271739277738,612
11271739496089,11271739496847,758
11271739711574,11271739712166,592
11271739927144,11271739927924,780
11271740143561,11271740144152,591
11271740366079,11271740366851,772
11271740578868,11271740579505,637
11271740796587,11271740797324,737
11271741012670,11271741013312,642
11271741227993,11271741228769,776
11271741439676,11271741440330,654
11271741658121,11271741658930,809
11271742096319,11271742096946,627
11271742322168,11271742322917,749
11271742543467,11271742544155,688
11271742761515,11271742762327,812
11271742978767,11271742979403,636
11271743194307,11271743195106,799
11271743408005,11271743408649,644
11271743626325,11271743627058,733
11271743838787,11271743839437,650
11271744061860,11271744062643,783
11271744282249,11271744282857,608
11271744499044,11271744499799,755
11271744712037,11271744712715,678
11271744931589,11271744932363,774
11271745143973,11271745144604,631
11271745359815,11271745360568,753
11271745584968,11271745585628,660
11271745804582,11271745805388,806
11271746019834,11271746020513,679
11271746240524,11271746241325,801
11271746454876,11271746455572,696
11271746671940,11271746672719,779
11271746889212,11271746889891,679
11271747104701,11271747105506,805
11271747318125,11271747318778,653
11271747543492,11271747544254,762
11271747758384,11271747759066,682
11271747974213,11271747974975,762
11271748190322,11271748190973,651
11271748404762,11271748405532,770
11271748616612,11271748617286,674
11271748834942,11271748835700,758
11271749054440,11271749055080,640
11271749271029,11271749271830,801
11271749486761,11271749487386,625
11271749702271,11271749703035,764
11271749917616,11271749918293,677
11271750132025,11271750132793,768
11271750362134,11271750362747,613
11271750581387,11271750582110,723
11271750794813,11271750795464,651
11271751009142,11271751009908,766
11271751225105,11271751225715,610
11271751439965,11271751440666,701
11271751651103,11271751651709,606
11271751868277,11271751868966,689
11271752080873,11271752081538,665
11271752334683,11271752335460,777
11271752554829,11271752555503,674
11271752774978,11271752775778,800
11271752990850,11271752991515,665
11271753212603,11271753213396,793
11271753425854,11271753426473,619
11271753640146,11271753640881,735
11271753857327,11271753857925,598
11271754073019,11271754073753,734
11271754308065,11271754308718,653
11271754555204,11271754556001,797
11271754803939,11271754804686,747
11271755053275,11271755054145,870
11271755300399,11271755301109,710
11271755608146,11271755609188,1042
11271755853019,11271755853762,743
11271756082035,11271756082794,759
11271756400851,11271756401579,728
11271756670636,11271756671540,904
11271756940333,11271756941039,706
11271757178140,11271757178968,828
11271757425731,11271757426430,699
11271757658920,11271757659705,785
11271757892171,11271757892856,685
11271758130968,11271758131767,799
11271758369201,11271758369916,715
11271758602104,11271758602933,829
11271758838296,11271758838971,675
11271759080985,11271759081811,826
11271759334325,11271759334991,666
11271759571058,11271759571878,820
11271759803276,11271759803949,673
11271760279632,11271760280596,964
11271760514331,11271760514976,645
11271760746234,11271760747021,787
11271760976979,11271760977598,619
11271761211835,11271761212631,796
11271761449473,11271761450121,648
11271761679891,11271761680667,776
11271761912722,11271761913370,648
11271762143475,11271762144229,754
11271762381193,11271762381838,645
11271762617557,11271762618361,804
11271762848354,11271762848995,641
11271763079588,11271763080340,752
11271763314515,11271763315204,689
11271763557347,11271763558195,848
11271763787515,11271763788156,641
11271764023074,11271764023832,758
11271764259759,11271764260389,630
11271764491383,11271764492145,762
11271764724259,11271764724939,680
11271764956604,11271764957372,768
11271765189987,11271765190638,651
11271765420996,11271765421832,836
11271765658885,11271765659541,656
11271765895018,11271765895817,799
11271766126236,11271766126867,631
11271766382942,11271766383702,760
11271766630453,11271766631106,653
11271766862161,11271766862941,780
11271767092653,11271767093308,655
11271767357162,11271767357940,778
11271767588444,11271767589122,678
11271767819396,11271767820180,784
11271768055773,11271768056432,659
11271768287081,11271768287820,739
11271768516847,11271768517473,626
11271768752390,11271768753159,769
11271768993709,11271768994371,662
11271769234461,11271769235268,807
11271769468516,11271769469168,652
11271769700866,11271769701647,781
11271769941463,11271769942153,690
11271770176882,11271770177676,794
11271770408007,11271770408703,696
11271770640403,11271770641188,785
11271770873638,11271770874288,650
11271771106746,11271771107547,801
11271771338553,11271771339201,648
11271771573928,11271771574697,769
11271771805172,11271771805862,690
11271772036715,11271772037488,773
11271772278687,11271772279358,671
11271772538971,11271772539764,793
11271772781386,11271772782052,666
11271773016530,11271773017286,756
11271773249515,11271773250191,676
11271773487643,11271773488456,813
11271773720993,11271773721628,635
11271773953364,11271773954144,780
11271774187039,11271774187699,660
11271774431610,11271774432396,786
11271774662556,11271774663193,637
11271774896959,11271774897720,761
11271775127940,11271775128636,696
11271775372589,11271775373343,754
11271775615332,11271775616017,685
11271775849737,11271775850555,818
11271776082061,11271776082765,704
11271776320601,11271776321399,798
11271776556440,11271776557137,697
11271776790413,11271776791173,760
11271777026169,11271777026781,612
11271777257192,11271777257950,758
11271777486764,11271777487434,670
11271777722390,11271777723194,804
11271777952941,11271777953605,664
11271778184898,11271778185708,810
11271778423598,11271778424252,654
11271778910486,11271778911276,790
11271779145977,11271779146626,649
11271779387580,11271779388337,757
11271779619858,11271779620557,699
11271779852517,11271779853313,796
11271780087923,11271780088602,679
11271780321224,11271780322032,808
11271780555654,11271780556321,667
11271780788986,11271780789774,788
11271781020256,11271781020902,646
11271781255316,11271781256136,820
11271781495179,11271781495893,714
11271781726720,11271781727539,819
11271781960192,11271781960874,682
11271782192332,11271782193113,781
11271782445603,11271782446293,690
11271782683440,11271782684317,877
11271782916721,11271782917377,656
11271783150627,11271783151445,818
11271783402181,11271783402822,641
11271783636341,11271783637157,816
11271783867188,11271783867839,651
11271784102603,11271784103402,799
11271784358293,11271784358966,673
11271784590042,11271784590857,815
11271784824297,11271784824912,615
11271785056775,11271785057550,775
11271785286081,11271785286773,692
11271785522950,11271785523752,802
11271785766872,11271785767501,629
11271786003400,11271786004199,799
11271786240704,11271786241416,712
11271786480155,11271786480966,811
11271786713265,11271786713915,650
11271786950765,11271786951610,845
11271787181717,11271787182410,693
11271787424515,11271787425338,823
11271787660553,11271787661240,687
11271787894800,11271787895636,836
11271788128807,11271788129530,723
11271788361792,11271788362620,828
11271788592011,11271788592654,643
11271788826722,11271788827498,776
11271789062388,11271789062956,568
11271789294267,11271789295061,794
11271789534271,11271789534902,631
11271789766269,11271789767049,780
11271789997546,11271789998164,618
11271790231986,11271790232778,792
11271790462684,11271790463365,681
11271790694462,11271790695277,815
11271790926844,11271790927515,671
11271791159415,11271791160246,831
11271791406764,11271791407433,669
11271791641564,11271791642344,780
11271791871065,11271791871692,627
11271792101912,11271792102674,762
11271792343603,11271792344244,641
11271792576847,11271792577630,783
11271792808121,11271792808746,625
11271793041696,11271793042442,746
11271793272779,11271793273435,656
11271793525491,11271793526267,776
11271793757988,11271793758613,625
11271793988733,11271793989501,768
11271794216903,11271794217550,647
11271794453378,11271794454137,759
11271794683802,11271794684432,630
11271794915520,11271794916313,793
11271795149616,11271795150273,657
11271795388140,11271795388887,747
11271795629502,11271795630159,657
11271795863700,11271795864492,792
11271796094685,11271796095310,625
11271796337969,11271796338751,782
11271796575384,11271796576035,651
11271796806149,11271796806916,767
11271797041494,11271797042162,668
11271797503562,11271797504340,778
11271797736945,11271797737537,592
11271797972134,11271797972907,773
11271798202377,11271798203030,653
11271798432935,11271798433715,780
11271798666447,11271798667075,628
11271798906296,11271798907083,787
11271799138613,11271799139241,628
11271799376759,11271799377508,749
11271799609762,11271799610396,634
11271799843356,11271799844146,790
11271800078054,11271800078724,670
11271800311608,11271800312399,791
11271800541544,11271800542211,667
11271800776781,11271800777572,791
11271801008443,11271801009125,682
11271801241069,11271801241854,785
11271801474211,11271801474860,649
11271801706308,11271801707059,751
11271801937161,11271801937844,683
11271802170458,11271802171244,786
11271802405212,11271802405870,658
11271802639211,11271802640049,838
11271802875980,11271802876657,677
11271803135441,11271803136193,752
11271803375485,11271803376116,631
11271803605956,11271803606749,793
11271803839380,11271803840062,682
11271804073403,11271804074166,763
11271804302999,11271804303643,644
11271804536536,11271804537315,779
11271804769199,11271804769780,581
11271804999986,11271805003686,3700
11271805235260,11271805235881,621
11271805466026,11271805466832,806
11271805752073,11271805752716,643
11271805990049,11271805990854,805
11271806221844,11271806222521,677
11271806458431,11271806459193,762
11271806691352,11271806691960,608
11271806923744,11271806924532,788
11271807158877,11271807159529,652
11271807392921,11271807393709,788
11271807622109,11271807622738,629
11271807854943,11271807855703,760
11271808086430,11271808087042,612
11271808317314,11271808318106,792
11271808546646,11271808547279,633
11271808779201,11271808779987,786
11271809015043,11271809015733,690
11271809249712,11271809250502,790
11271809484129,11271809484760,631
11271809716594,11271809717421,827
11271809947477,11271809948096,619
11271810182675,11271810183503,828
11271810420233,11271810420915,682
11271810650998,11271810651797,799
11271810883714,11271810884335,621
11271811118501,11271811119287,786
11271811355454,11271811356052,598
11271811589276,11271811590054,778
11271811817518,11271811818147,629
11271812048662,11271812049445,783
11271812289093,11271812289755,662
11271812522800,11271812523569,769
11271812757763,11271812758455,692
11271812990909,11271812991667,758
11271813221295,11271813221956,661
11271813459085,11271813459882,797
11271813687962,11271813688622,660
11271813919048,11271813919755,707
11271814150499,11271814151094,595
11271814379827,11271814380605,778
11271814609694,11271814610294,600
11271814844682,11271814845507,825
11271815072597,11271815073240,643
11271815309133,11271815309924,791
11271815549492,11271815550353,861
11271816015562,11271816016361,799
11271816249713,11271816250372,659
11271816490568,11271816491395,827
11271816721846,11271816722550,704
11271816955091,11271816955895,804
11271817190481,11271817191131,650
11271817422639,11271817423408,769
11271817651667,11271817652286,619
11271817886489,11271817887239,750
11271818116179,11271818116814,635
11271818345526,11271818346268,742
11271818580038,11271818580656,618
11271818810511,11271818811267,756
11271819045814,11271819046479,665
11271819280213,11271819281027,814
11271819514510,11271819515153,643
11271819744670,11271819745428,758
11271819978458,11271819979118,660
11271820213262,11271820214008,746
11271820451891,11271820452492,601
11271820682282,11271820683031,749
11271820910485,11271820911094,609
11271821143931,11271821144717,786
11271821379786,11271821380398,612
11271821610406,11271821611215,809
11271821843097,11271821843772,675
11271822074419,11271822075205,786
11271822312498,11271822313119,621
11271822556835,11271822557627,792
11271822786882,11271822787556,674
11271823016628,11271823017379,751
11271823255574,11271823256213,639
11271823486173,11271823486960,787
11271823715128,11271823715820,692
11271823949717,11271823950504,787
11271824177675,11271824178302,627
11271824415223,11271824416006,783
11271824647208,11271824647833,625
11271824878236,11271824879055,819
11271825106293,11271825106963,670
11271825338570,11271825339337,767
11271825578012,11271825578690,678
11271825811637,11271825812470,833
11271826050715,11271826051386,671
11271826285511,11271826286335,824
11271826521836,11271826522501,665
11271826757371,11271826758187,816
11271826988645,11271826989362,717
11271827220309,11271827221093,784
11271827453214,11271827453917,703
11271827686156,11271827686946,790
11271827919979,11271827920626,647
11271828153645,11271828154441,796
11271828403402,11271828404275,873
11271828676033,11271828676917,884
11271828930774,11271828931445,671
11271829169540,11271829170325,785
11271829406772,11271829407411,639
11271829640843,11271829641628,785
11271829873126,11271829873805,679
11271830127673,11271830128486,813
11271830372363,11271830373080,717
11271830630012,11271830630844,832
11271830898073,11271830898760,687
11271831119199,11271831120019,820
11271831341431,11271831342054,623
11271831554522,11271831555323,801
11271831762899,11271831763510,611
11271831977895,11271831978615,720
11271832198998,11271832199589,591
11271832429958,11271832430761,803
11271832639658,11271832640294,636
11271832853163,11271832853955,792
11271833064877,11271833065465,588
11271833295889,11271833296614,725
11271833509594,11271833510157,563
11271833719844,11271833720590,746
11271833926807,11271833927373,566
11271834139609,11271834140343,734
11271834580917,11271834581509,592
11271834802837,11271834803596,759
11271835016600,11271835017246,646
11271835226846,11271835227597,751
11271835437064,11271835437662,598
11271835652312,11271835653062,750
11271835861928,11271835862537,609
11271836076917,11271836077598,681
11271836284480,11271836285057,577
11271836492791,11271836493471,680
11271836750025,11271836750651,626
11271836983795,11271836984612,817
11271837198440,11271837199056,616
11271837431324,11271837432281,957
11271837658416,11271837659040,624
11271837872083,11271837872843,760
11271838088381,11271838089004,623
11271838317511,11271838318263,752
11271838529595,11271838530192,597
11271838744714,11271838745434,720
11271838961986,11271838962620,634
11271839173082,11271839173811,729
11271839406030,11271839406610,580
11271839630000,11271839630732,732
11271839841032,11271839841774,742
11271840070908,11271840071620,712
11271840287049,11271840287657,608
11271840558383,11271840559452,1069
11271840818528,11271840819235,707
11271841038435,11271841039190,755
11271841249233,11271841249831,598
11271841471297,11271841472048,751
11271841691900,11271841692474,574
11271841917207,11271841917908,701
11271842397086,11271842399817,2731
11271842906468,11271842907861,1393
11271843327238,11271843328120,882
11271843614144,11271843615120,976
11271844001521,11271844002432,911
11271844459380,11271844460646,1266
11271845051251,11271845052945,1694
11271845735563,11271845738720,3157
11271846371186,11271846373082,1896
11271846757167,11271846758220,1053
11271846995299,11271846995970,671
11271847224939,11271847225740,801
11271847450864,11271847451511,647
11271847692060,11271847693141,1081
11271847920508,11271847921116,608
11271848142354,11271848143082,728
11271848358751,11271848359351,600
11271848576371,11271848577141,770
11271848789101,11271848789679,578
11271849019769,11271849020527,758
11271849240066,11271849240743,677
11271849455318,11271849456046,728
11271849663242,11271849663831,589
11271849878254,11271849878980,726
11271850087655,11271850088242,587
11271850331991,11271850332790,799
11271850573472,11271850574177,705
11271850788166,11271850788891,725
11271850996479,11271850997128,649
11271851218576,11271851219335,759
11271851429807,11271851430432,625
11271851646890,11271851647618,728
11271851859765,11271851860422,657
11271852073110,11271852073755,645
11271852290260,11271852290955,695
11271852505745,11271852506489,744
11271852722071,11271852722718,647
11271852942888,11271852943629,741
11271853199125,11271853200014,889
11271853508568,11271853509353,785
11271853748109,11271853748794,685
11271853971172,11271853971970,798
11271854183500,11271854184121,621
11271854401586,11271854402358,772
11271854611699,11271854612324,625
11271855128985,11271855129759,774
11271855344389,11271855345030,641
11271855591990,11271855593125,1135
11271855859040,11271855859624,584
11271856125234,11271856126323,1089
11271856386403,11271856387064,661
11271856645870,11271856646665,795
11271856918843,11271856919711,868
11271857162430,11271857163095,665
11271857498327,11271857499067,740
11271857788598,11271857789473,875
11271858043726,11271858044297,571
11271858277123,11271858277874,751
11271858508508,11271858509136,628
11271858730950,11271858731687,737
11271858973847,11271858974500,653
11271859224314,11271859225159,845
11271859456718,11271859457247,529
11271859671360,11271859672078,718
11271859893110,11271859893749,639
11271860106721,11271860107432,711
11271860364032,11271860364721,689
11271860598000,11271860598781,781
11271860808190,11271860808833,643
11271861023321,11271861024120,799
11271861232573,11271861233200,627
11271861442311,11271861443031,720
11271861653110,11271861653716,606
11271861864377,11271861865101,724
11271862070639,11271862071232,593
11271862305515,11271862306255,740
11271862516267,11271862516814,547
11271862724929,11271862725680,751
11271862937000,11271862937553,553
11271863145377,11271863146143,766
11271863361898,11271863362499,601
11271863575156,11271863575911,755
11271863781287,11271863781909,622
11271863989876,11271863990637,761
11271864200767,11271864201418,651
11271864482781,11271864483524,743
11271864731453,11271864732042,589
11271865023773,11271865024509,736
11271865240987,11271865241621,634
11271865469923,11271865470664,741
11271865719204,11271865719844,640
11271865934712,11271865935433,721
11271866141817,11271866142449,632
11271866355823,11271866356630,807
11271866560847,11271866561462,615
11271866810319,11271866811085,766
11271867018516,11271867019161,645
11271867224689,11271867225424,735
11271867435878,11271867436463,585
11271867642757,11271867643477,720
11271867847299,11271867847857,558
11271868058432,11271868059141,709
11271868262812,11271868263393,581
11271868495669,11271868496404,735
11271868704567,11271868705145,578
11271868950290,11271868951018,728
11271869185381,11271869185935,554
11271869402280,11271869403032,752
11271869665812,11271869666514,702
11271869879578,11271869880325,747
11271870089772,11271870090425,653
11271870297975,11271870298733,758
11271870517719,11271870518273,554
11271870728331,11271870729102,771
11271870932961,11271870933578,617
11271871138000,11271871138715,715
11271871345177,11271871345815,638
11271871553469,11271871554194,725
11271871757926,11271871758542,616
11271871968120,11271871968900,780
11271872172372,11271872173002,630
11271872445838,11271872446583,745
11271872700543,11271872701129,586
11271873136891,11271873137650,759
11271873345543,11271873346222,679
11271873557666,11271873558429,763
11271873763599,11271873764183,584
11271873967429,11271873968135,706
11271874200533,11271874201146,613
11271874413042,11271874413801,759
11271874620203,11271874620793,590
11271874825418,11271874826128,710
11271875030213,11271875030798,585
11271875238334,11271875239087,753
11271875442394,11271875445348,2954
11271875656790,11271875657544,754
11271875862608,11271875863178,570
11271876082645,11271876085796,3151
11271876313211,11271876313908,697
11271876539564,11271876540345,781
11271876756796,11271876757405,609
11271876972786,11271876973525,739
11271877181137,11271877181682,545
11271877392013,11271877392708,695
11271877601357,11271877601992,635
11271877809617,11271877810304,687
11271878017920,11271878018469,549
11271878227376,11271878228073,697
11271878432399,11271878432994,595
11271878637174,11271878637901,727
11271878844695,11271878845304,609
11271879062728,11271879063474,746
11271879269424,11271879270001,577
11271879481225,11271879481989,764
11271879685821,11271879686384,563
11271879891830,11271879892540,710
11271880102385,11271880102999,614
11271880313509,11271880314198,689
11271880519783,11271880520366,583
11271880731824,11271880732534,710
11271880940764,11271880941388,624
11271881152084,11271881152817,733
11271881363675,11271881364338,663
11271881574480,11271881575207,727
11271881779919,11271881780492,573
11271881991650,11271881992381,731
11271882200385,11271882201008,623
11271882429489,11271882430241,752
11271882634151,11271882634774,623
11271882842420,11271882843167,747
11271883052227,11271883052874,647
11271883260857,11271883261573,716
11271883465790,11271883466363,573
11271883678040,11271883678755,715
11271883883859,11271883884525,666
11271884090012,11271884090744,732
11271884299944,11271884300565,621
11271884507674,11271884508372,698
11271884710997,11271884711605,608
11271884921588,11271884922307,719
11271885126896,11271885127476,580
11271885332860,11271885333567,707
11271885545734,11271885546393,659
11271885753747,11271885754424,677
11271885957316,11271885957885,569
11271886166143,11271886166806,663
11271886369470,11271886369997,527
11271886572605,11271886573252,647
11271886780594,11271886781138,544
11271886984856,11271886985528,672
11271887186899,11271887187482,583
11271887394563,11271887395279,716
11271887597945,11271887598502,557
11271887801945,11271887802603,658
11271888007324,11271888007873,549
11271888211744,11271888212402,658
11271888415702,11271888416253,551
11271888626664,11271888627393,729
11271888834484,11271888835057,573
11271889047974,11271889048727,753
11271889252697,11271889253270,573
11271889695738,11271889696484,746
11271889907406,11271889907983,577
11271890113579,11271890114267,688
11271890318090,11271890318677,587
11271890539082,11271890539842,760
11271890742282,11271890742898,616
11271890946551,11271890947235,684
11271891153286,11271891153865,579
11271891362918,11271891363637,719
11271891564523,11271891565121,598
11271891771923,11271891772644,721
11271891975286,11271891975878,592
11271892180759,11271892181479,720
11271892391203,11271892391831,628
11271892598435,11271892599151,716
11271892800793,11271892801358,565
11271893007425,11271893008134,709
11271893210525,11271893211122,597
11271893414408,11271893415116,708
11271893620642,11271893621203,561
11271893825041,11271893825784,743
11271894028563,11271894029102,539
11271894236474,11271894237205,731
11271894451827,11271894452373,546
11271894656146,11271894656851,705
11271894862479,11271894863052,573
11271895067408,11271895068132,724
11271895269327,11271895269885,558
11271895477482,11271895478205,723
11271895689221,11271895689836,615
11271895900066,11271895900809,743
11271896102873,11271896103474,601
11271896311667,11271896312425,758
11271896518845,11271896519450,605
11271896724297,11271896725011,714
11271896926986,11271896927609,623
11271897134751,11271897135481,730
11271897336888,11271897337457,569
11271897541444,11271897542133,689
11271897747195,11271897747766,571
11271897950760,11271897951491,731
11271898154404,11271898155009,605
11271898370492,11271898371259,767
11271898574098,11271898574684,586
11271898778496,11271898779207,711
11271898990664,11271898991299,635
11271899197439,11271899198203,764
11271899419229,11271899419830,601
11271899629919,11271899630679,760
11271899833904,11271899834502,598
11271900039719,11271900040429,710
11271900257669,11271900258290,621
11271900462877,11271900463600,723
11271900666882,11271900667466,584
11271900875757,11271900876517,760
11271901079294,11271901079937,643
11271901283459,11271901284176,717
11271901489586,11271901490217,631
11271901695548,11271901696245,697
11271901898139,11271901898727,588
11271902106130,11271902106856,726
11271902315159,11271902315751,592
11271902529915,11271902530636,721
11271902734872,11271902735450,578
11271902940234,11271902940915,681
11271903147390,11271903147982,592
11271903357441,11271903358161,720
11271903560765,11271903561350,585
11271903768794,11271903769542,748
11271903971471,11271903972007,536
11271904195211,11271904195881,670
11271904401366,11271904401961,595
11271904608500,11271904609190,690
11271904811797,11271904812377,580
11271905021008,11271905021701,693
11271905231993,11271905232556,563
11271905435861,11271905436538,677
11271905645747,11271905646347,600
11271906084456,11271906085129,673
11271906293823,11271906294405,582
11271906503324,11271906504048,724
11271906707144,11271906707703,559
11271906912714,11271906913380,666
11271907119876,11271907120415,539
11271907329626,11271907330348,722
11271907532301,11271907532922,621
11271907740409,11271907741161,752
11271907945032,11271907945646,614
11271908149370,11271908150111,741
11271908355461,11271908356072,611
11271908560377,11271908561072,695
11271908764675,11271908765279,604
11271908977146,11271908977943,797
11271909181379,11271909181964,585
11271909389893,11271909390608,715
11271909592172,11271909592737,565
11271909796097,11271909796797,700
11271910003021,11271910003575,554
11271910207731,11271910208432,701
11271910410202,11271910410757,555
11271910619355,11271910620060,705
11271910823651,11271910824252,601
11271911027502,11271911028217,715
11271911236908,11271911237553,645
11271911443159,11271911443828,669
11271911646131,11271911646685,554
11271911855258,11271911855962,704
11271912059764,11271912060315,551
11271912269372,11271912270084,712
11271912476080,11271912476669,589
11271912683704,11271912684399,695
11271912886633,11271912887216,583
11271913096012,11271913096716,704
11271913298505,11271913299102,597
11271913503595,11271913504295,700
11271913709542,11271913710133,591
11271913915081,11271913915793,712
11271914117031,11271914117608,577
11271914339637,11271914340365,728
11271914543356,11271914543912,556
11271914748025,11271914748740,715
11271914955556,11271914956199,643
11271915161674,11271915162422,748
11271915377292,11271915377869,577
11271915590748,11271915591538,790
11271915795956,11271915796564,608
11271916007045,11271916007787,742
11271916222193,11271916222748,555
11271916426591,11271916427313,722
11271916635284,11271916635877,593
11271916840409,11271916841079,670
11271917042616,11271917043183,567
11271917251396,11271917252155,759
11271917455346,11271917455938,592
11271917661549,11271917662279,730
11271917868920,11271917869513,593
11271918079971,11271918080679,708
11271918294639,11271918295246,607
11271918505867,11271918506593,726
11271918712430,11271918713002,572
11271918925139,11271918925876,737
11271919136246,11271919136863,617
11271919345725,11271919346443,718
11271919556774,11271919557380,606
11271919771593,11271919772309,716
11271919977755,11271919978319,564
11271920188601,11271920189343,742
11271920406187,11271920406795,608
11271920617117,11271920617869,752
11271920823382,11271920823959,577
11271921035007,11271921035752,745
11271921242788,11271921243375,587
11271921452606,11271921453346,740
11271921663412,11271921664037,625
11271921871405,11271921872145,740
11271922078818,11271922079393,575
11271922294245,11271922295024,779
11271922758211,11271922758797,586
11271922980428,11271922981162,734
11271923187423,11271923188012,589
11271923407681,11271923408380,699
11271923618179,11271923618771,592
11271923829611,11271923830326,715
11271924035529,11271924036109,580
11271924260145,11271924260863,718
11271924469216,11271924469813,597
11271924682324,11271924683024,700
11271924892518,11271924893136,618
11271925102128,11271925102842,714
11271925309789,11271925310391,602
11271925521203,11271925521940,737
11271925734381,11271925734980,599
11271925942567,11271925943313,746
11271926150352,11271926150971,619
11271926366346,11271926367095,749
11271926569181,11271926569777,596
11271926778988,11271926779734,746
11271926982245,11271926982804,559
11271927186280,11271927187008,728
11271927392818,11271927393387,569
11271927597420,11271927598153,733
11271927800540,11271927801111,571
11271928009635,11271928010387,752
11271928214347,11271928214920,573
11271928418532,11271928419219,687
11271928624912,11271928625493,581
11271928829347,11271928830040,693
11271929036699,11271929037328,629
11271929247084,11271929247824,740
11271929451885,11271929452446,561
11271929659622,11271929660343,721
11271929862651,11271929863287,636
11271930067253,11271930068029,776
11271930276092,11271930276726,634
11271930480060,11271930480760,700
11271930681607,11271930682183,576
11271930889194,11271930889941,747
11271931090883,11271931091476,593
11271931301512,11271931302219,707
11271931506709,11271931507355,646
11271931712078,11271931712782,704
11271931913744,11271931914339,595
11271932120571,11271932121299,728
11271932327418,11271932328035,617
11271932532465,11271932533210,745
11271932738731,11271932739382,651
11271932943377,11271932944124,747
11271933145698,11271933146293,595
11271933354592,11271933355319,727
11271933556028,11271933556584,556
11271933760068,11271933760783,715
11271933966754,11271933967347,593
11271934170268,11271934170992,724
11271934376004,11271934376601,597
11271934584612,11271934585340,728
11271934788040,11271934788632,592
11271934997077,11271934997819,742
11271935204699,11271935205298,599
11271935410893,11271935411604,711
11271935618875,11271935619510,635
11271935827709,11271935828465,756
11271936030769,11271936031378,609
11271936239521,11271936240281,760
11271936442460,11271936443027,567
11271936645763,11271936646428,665
11271936851683,11271936852270,587
11271937056777,11271937057503,726
11271937259602,11271937260201,599
11271937467990,11271937468717,727
11271937671028,11271937671614,586
11271937875728,11271937876405,677
11271938112157,11271938112775,618
11271938332984,11271938333768,784
11271938538743,11271938539325,582
11271938743605,11271938744334,729
11271939182280,11271939182903,623
11271939393862,11271939394566,704
11271939597156,11271939597657,501
11271939803404,11271939804100,696
11271940008918,11271940009409,491
11271940212189,11271940212879,690
11271940416535,11271940417048,513
11271940624227,11271940624959,732
11271940826717,11271940827308,591
11271941034119,11271941034822,703
11271941239478,11271941240038,560
11271941444282,11271941445002,720
11271941650047,11271941650634,587
11271941857575,11271941858292,717
11271942060835,11271942061469,634
11271942271952,11271942272685,733
11271942478427,11271942479038,611
11271942682623,11271942683355,732
11271942885390,11271942885992,602
11271943094270,11271943094995,725
11271943301577,11271943302166,589
11271943503703,11271943504414,711
11271943709460,11271943710081,621
11271943911741,11271943912478,737
11271944113307,11271944113921,614
11271944322864,11271944323590,726
11271944524591,11271944525183,592
11271944730838,11271944731535,697
11271944933316,11271944933920,604
11271945135996,11271945136687,691
11271945344027,11271945344619,592
11271945556712,11271945557497,785
11271945761602,11271945762213,611
11271945979776,11271945980500,724
11271946183816,11271946184441,625
11271946387662,11271946388365,703
11271946595350,11271946595967,617
11271946801219,11271946801973,754
11271947002915,11271947003506,591
11271947209745,11271947210490,745
11271947411180,11271947411754,574
11271947614943,11271947615627,684
11271947820416,11271947821007,591
11271948026441,11271948027147,706
11271948227639,11271948228221,582
11271948434771,11271948435459,688
11271948635507,11271948636114,607
11271948838218,11271948838938,720
11271949049411,11271949050010,599
11271949261947,11271949262626,679
11271949464283,11271949464907,624
11271949672080,11271949672777,697
11271949874363,11271949874988,625
11271950078758,11271950079430,672
11271950284882,11271950285513,631
11271950494808,11271950495552,744
11271950697133,11271950697744,611
11271950905305,11271950906048,743
11271951106606,11271951107217,611
11271951326638,11271951327371,733
11271951528911,11271951529510,599
11271951731559,11271951732279,720
11271951935748,11271951936394,646
11271952138677,11271952139370,693
11271952345001,11271952345649,648
11271952555094,11271952555841,747
11271952757792,11271952758425,633
11271952962370,11271952963119,749
11271953171054,11271953171704,650
11271953376608,11271953377319,711
11271953578230,11271953578839,609
11271953786550,11271953787305,755
11271953990015,11271953990628,613
11271954195292,11271954196027,735
11271954400430,11271954401051,621
11271954605305,11271954606036,731
11271954807170,11271954807778,608
11271955013805,11271955014560,755
11271955215447,11271955216014,567
11271955692717,11271955693512,795
11271955903261,11271955903923,662
11271956107626,11271956108408,782
11271956308452,11271956309025,573
11271956516094,11271956516862,768
11271956718649,11271956719295,646
11271956921840,11271956922568,728
11271957127521,11271957128153,632
11271957334118,11271957334874,756
11271957536095,11271957536682,587
11271957745492,11271957746268,776
11271957948683,11271957949319,636
11271958156830,11271958157550,720
11271958359046,11271958359690,644
11271958562442,11271958563219,777
11271958768521,11271958769093,572
11271958981009,11271958981741,732
11271959185430,11271959186079,649
11271959403603,11271959404364,761
11271959606120,11271959606741,621
11271959810345,11271959811096,751
11271960015283,11271960015907,624
11271960220143,11271960220877,734
11271960425236,11271960425831,595
11271960632218,11271960632946,728
11271960834508,11271960835096,588
11271961039001,11271961039727,726
11271961245417,11271961246022,605
11271961450449,11271961451175,726
11271961653105,11271961653693,588
11271961861040,11271961861768,728
11271962063254,11271962063863,609
11271962271598,11271962272341,743
11271962477572,11271962478189,617
11271962683365,11271962684076,711
11271962886339,11271962886970,631
11271963093513,11271963094222,709
11271963295771,11271963300516,4745
11271963504964,11271963505639,675
11271963710653,11271963711258,605
11271963915088,11271963915815,727
11271964117782,11271964118361,579
11271964326304,11271964327008,704
11271964528502,11271964529062,560
11271964737090,11271964737887,797
11271964939377,11271964939982,605
11271965143842,11271965144556,714
11271965350549,11271965351114,565
11271965559360,11271965560096,736
11271965766920,11271965767522,602
11271965976112,11271965976834,722
11271966179864,11271966180477,613
11271966387512,11271966388247,735
11271966594643,11271966595274,631
11271966800392,11271966801123,731
11271967002341,11271967002932,591
11271967210208,11271967210969,761
11271967412177,11271967412763,586
11271967615634,11271967616354,720
11271967821302,11271967821927,625
11271968026916,11271968027694,778
11271968229550,11271968230143,593
11271968438356,11271968439067,711
11271968640284,11271968640863,579
11271968843528,11271968844216,688
11271969062363,11271969063021,658
11271969270796,11271969271543,747
11271969474775,11271969475400,625
11271969683638,11271969684410,772
11271969886450,11271969887054,604
11271970088977,11271970089689,712
11271970294214,11271970294810,596
11271970499737,11271970500488,751
11271970700650,11271970701231,581
11271970908987,11271970909701,714
11271971110510,11271971111103,593
11271971318008,11271971318749,741
11271971520447,11271971521068,621
11271971724150,11271971724888,738
11271972161710,11271972162329,619
11271972378777,11271972379511,734
11271972584112,11271972584699,587
11271972793412,11271972794180,768
11271972997077,11271972997691,614
11271973200184,11271973200908,724
11271973411292,11271973411886,594
11271973618003,11271973618724,721
11271973820330,11271973820900,570
11271974030384,11271974031114,730
11271974234254,11271974234890,636
11271974438578,11271974439309,731
11271974646399,11271974647000,601
11271974852107,11271974852850,743
11271975053941,11271975054496,555
11271975263085,11271975263827,742
11271975466372,11271975466976,604
11271975676435,11271975677198,763
11271975884474,11271975885161,687
11271976090058,11271976090782,724
11271976291009,11271976291597,588
11271976498262,11271976498959,697
11271976700051,11271976700624,573
11271976904486,11271976905181,695
11271977111328,11271977111917,589
11271977328542,11271977329251,709
11271977531158,11271977531777,619
11271977739556,11271977740279,723
11271977942603,11271977943253,650
11271978150794,11271978151523,729
11271978353756,11271978354373,617
11271978558494,11271978559192,698
11271978764222,11271978764808,586
11271978973444,11271978974154,710
11271979176715,11271979177298,583
11271979385157,11271979385889,732
11271979588887,11271979589492,605
11271979794266,11271979794974,708
11271980000936,11271980001532,596
11271980207428,11271980208151,723
11271980426536,11271980427113,577
11271980635386,11271980636090,704
11271980839773,11271980840387,614
11271981049163,11271981049836,673
11271981255081,11271981255717,636
11271981459889,11271981460588,699
11271981662293,11271981662853,560
11271981871710,11271981872437,727
11271982073987,11271982074569,582
11271982304526,11271982305247,721
11271982512419,11271982513043,624
11271982718654,11271982719356,702
11271982920950,11271982921517,567
11271983129697,11271983130402,705
11271983333090,11271983333652,562
11271983538056,11271983538799,743
11271983744723,11271983745294,571
11271983949615,11271983950321,706
11271984153917,11271984154494,577
11271984367694,11271984368392,698
11271984571883,11271984572510,627
11271984780304,11271984781034,730
11271984984959,11271984985563,604
11271985200646,11271985201338,692
11271985406863,11271985407488,625
11271985620052,11271985620816,764
11271985826687,11271985827307,620
11271986037593,11271986038307,714
11271986240662,11271986241219,557
11271986452376,11271986453067,691
11271986659963,11271986660540,577
11271986866312,11271986867006,694
11271987069674,11271987070240,566
11271987282053,11271987282801,748
11271987486414,11271987486988,574
11271987691937,11271987692664,727
11271987899395,11271987899985,590
11271988361776,11271988362518,742
11271988571341,11271988571889,548
11271988780744,11271988781472,728
11271988990102,11271988990754,652
11271989195884,11271989196599,715
11271989407565,11271989408131,566
11271989613341,11271989614044,703
11271989816201,11271989816771,570
11271990024139,11271990024886,747
11271990228292,11271990228861,569
11271990433824,11271990434543,719
11271990642410,11271990642983,573
11271990846299,11271990847067,768
11271991048396,11271991048947,551
11271991257137,11271991257873,736
11271991460341,11271991460909,568
11271991668570,11271991669342,772
11271991870530,11271991871118,588
11271992074942,11271992075684,742
11271992296634,11271992297299,665
11271992504026,11271992504776,750
11271992707303,11271992707886,583
11271992917075,11271992917829,754
11271993121163,11271993121729,566
11271993325072,11271993325804,732
11271993552961,11271993553577,616
11271993759217,11271993759937,720
11271993961482,11271993962055,573
11271994169945,11271994170675,730
11271994377429,11271994378033,604
11271994581738,11271994582462,724
11271994787701,11271994788252,551
11271994993233,11271994993930,697
11271995194778,11271995195343,565
11271995407625,11271995408361,736
11271995616892,11271995617504,612
11271995822574,11271995823300,726
11271996030581,11271996031214,633
11271996235861,11271996236587,726
11271996456913,11271996457484,571
11271996665317,11271996666052,735
11271996869501,11271996870087,586
11271997074230,11271997074924,694
11271997288976,11271997289551,575
11271997495039,11271997495754,715
11271997696842,11271997697401,559
11271997906055,11271997906762,707
11271998110212,11271998110786,574
11271998319928,11271998320616,688
11271998523179,11271998523741,562
11271998727570,11271998728331,761
11271998938369,11271998939031,662
11271999144386,11271999145134,748
11271999347612,11271999348208,596
11271999556576,11271999557332,756
11271999758810,11271999759417,607
11271999963374,11271999964152,778
11272000170347,11272000170988,641
11272000378591,11272000379429,838
11272000610873,11272000611472,599
11272000822863,11272000823647,784
11272001030282,11272001030927,645
11272001255240,11272001256028,788
11272001459039,11272001459611,572
11272001666250,11272001667019,769
11272001872664,11272001873198,534
11272002077867,11272002078606,739
11272002300451,11272002301066,615
11272002507782,11272002508530,748
11272002711053,11272002711640,587
11272002917352,11272002918069,717
11272003125314,11272003125929,615
11272003329661,11272003330408,747
11272003533701,11272003534270,569
11272003741369,11272003742150,781
11272003945016,11272003945608,592
11272004152083,11272004152824,741
11272004357635,11272004358247,612
11272004562199,11272004562939,740
11272004999397,11272004999988,591
11272005213448,11272005214180,732
11272005415727,11272005416291,564
11272005625040,11272005625813,773
11272005831349,11272005831959,610
11272006035643,11272006036405,762
11272006311924,11272006312746,822
11272006557876,11272006558791,915
11272006776464,11272006777148,684
11272007000600,11272007001435,835
11272007215587,11272007216289,702
11272007447969,11272007448771,802
11272007666326,11272007666993,667
11272007882648,11272007883437,789
11272008095858,11272008096509,651
11272008332099,11272008332880,781
11272008544918,11272008545551,633
11272008765123,11272008765933,810
11272008991071,11272008991746,675
11272009210475,11272009211307,832
11272009425591,11272009426264,673
11272009644863,11272009645684,821
11272009859239,11272009859890,651
11272010074965,11272010075778,813
11272010292376,11272010293009,633
11272010519708,11272010520501,793
11272010733428,11272010734027,599
11272010951045,11272010951800,755
11272011163806,11272011164384,578
11272011392823,11272011393570,747
11272011609456,11272011610072,616
11272011822932,11272011823644,712
11272012035192,11272012035813,621
11272012282760,11272012283559,799
11272012501312,11272012501965,653
11272012718248,11272012719005,757
11272012936096,11272012936771,675
11272013152977,11272013153766,789
11272013370108,11272013370744,636
11272013584506,11272013585313,807
11272013796646,11272013797266,620
11272014014906,11272014015692,786
11272014244823,11272014245440,617
11272014458732,11272014459500,768
11272014675201,11272014675836,635
11272014890140,11272014890893,753
11272015102126,11272015102696,570
11272015319763,11272015320517,754
11272015531628,11272015532246,618
11272015758082,11272015758836,754
11272015976942,11272015977594,652
11272016204207,11272016204951,744
11272016418094,11272016418745,651
11272016667107,11272016667830,723
11272016863419,11272016864028,609
11272017059313,11272017059991,678
11272017258098,11272017258661,563
11272017453886,11272017454556,670
11272017647855,11272017648409,554
11272017846202,11272017846881,679
11272018041743,11272018042308,565
11272018237844,11272018238477,633
11272018436376,11272018436889,513
11272018631956,11272018632620,664
11272018826424,11272018826984,560
11272019108174,11272019108874,700
11272019306194,11272019306800,606
11272019502485,11272019503168,683
11272019702375,11272019702970,595
11272019901191,11272019901890,699
11272020101838,11272020102433,595
11272020298816,11272020299547,731
11272020495051,11272020495634,583
11272020694807,11272020695495,688
11272020888521,11272020889061,540
11272021084475,11272021085161,686
11272021282859,11272021283409,550
11272021478706,11272021479433,727
11272021883033,11272021883659,626
11272022085979,11272022086699,720
11272022364779,11272022365404,625
11272022564829,11272022565526,697
11272022765062,11272022765626,564
11272022963702,11272022964357,655
11272023159622,11272023160216,594
11272023359668,11272023360378,710
11272023554050,11272023554630,580
11272023749824,11272023750544,720
11272023954297,11272023954824,527
11272024225680,11272024226394,714
11272024421731,11272024422287,556
11272024621688,11272024622343,655
11272024817616,11272024818171,555
11272025012155,11272025012846,691
11272025210086,11272025210657,571
11272025405661,11272025406322,661
11272025682606,11272025683188,582
11272025886685,11272025887397,712
11272026083413,11272026083988,575
11272026279860,11272026280527,667
11272026480472,11272026481048,576
11272026677959,11272026678615,656
11272026875533,11272026876129,596
11272027071133,11272027071852,719
11272027265356,11272027265970,614
11272027465432,11272027466113,681
11272027663349,11272027663942,593
11272027859589,11272027860252,663
11272028136037,11272028136594,557
11272028331445,11272028332130,685
11272028526957,11272028527520,563
11272028726869,11272028727548,679
11272028968079,11272028968748,669
11272029187612,11272029188391,779
11272029409709,11272029410340,631
11272029652147,11272029652890,743
11272029849476,11272029850101,625
11272030054543,11272030055239,696
11272030250506,11272030251040,534
11272030446613,11272030447308,695
11272030644377,11272030644956,579
11272030840766,11272030841443,677
11272031036517,11272031037072,555
11272031235090,11272031235799,709
11272031431792,11272031432397,605
11272031626599,11272031627268,669
11272031825245,11272031825822,577
11272032020548,11272032021273,725
11272032225278,11272032225871,593
11272032512153,11272032512870,717
11272032709144,11272032709728,584
11272032907572,11272032908261,689
11272033108249,11272033108805,556
11272033305752,11272033306421,669
11272033504085,11272033504630,545
11272033701393,11272033702093,700
11272033895600,11272033896118,518
11272034097404,11272034098085,681
11272034294742,11272034295295,553
11272034492667,11272034493359,692
11272034691530,11272034692095,565
11272034888999,11272034889663,664
11272035083139,11272035083712,573
11272035282764,11272035283480,716
11272035478036,11272035478606,570
11272035760951,11272035761660,709
11272035961340,11272035961907,567
11272036158128,11272036158794,666
11272036352604,11272036353176,572
11272036551309,11272036552026,717
11272036745913,11272036746475,562
11272036942099,11272036942761,662
11272037141153,11272037141685,532
11272037418662,11272037419361,699
11272037611650,11272037612219,569
11272037812693,11272037813387,694
11272038007440,11272038007986,546
11272038422743,11272038423419,676
11272038625904,11272038626477,573
11272038824007,11272038824682,675
11272039152900,11272039153567,667
11272039484390,11272039485109,719
11272039691097,11272039691628,531
11272039890217,11272039890939,722
11272040090155,11272040090749,594
11272040289426,11272040290135,709
11272040488517,11272040489087,570
11272040763467,11272040764108,641
11272040957762,11272040958316,554
11272041157410,11272041158053,643
11272041353877,11272041354416,539
11272041549548,11272041550222,674
11272041746667,11272041747234,567
11272041943482,11272041944163,681
11272042138709,11272042139251,542
11272042391199,11272042391941,742
11272042606903,11272042607499,596
11272042821576,11272042822334,758
11272043038366,11272043038954,588
11272043367779,11272043368608,829
11272043602263,11272043602919,656
11272043831993,11272043832801,808
11272044053366,11272044053991,625
11272044281034,11272044281901,867
11272044540493,11272044541041,548
11272044741046,11272044741751,705
11272044937530,11272044938108,578
11272045139783,11272045140462,679
11272045336674,11272045337248,574
11272045534570,11272045535256,686
11272045828900,11272045829520,620
11272046028115,11272046028815,700
11272046224696,11272046225268,572
11272046425997,11272046426682,685
11272046621321,11272046621944,623
11272046817202,11272046817850,648
11272047016151,11272047016744,593
11272047213763,11272047214458,695
11272047413150,11272047413728,578
11272047609184,11272047609878,694
11272047803814,11272047804349,535
11272048004480,11272048005154,674
11272048198405,11272048198976,571
11272048395374,11272048396073,699
11272048592971,11272048593523,552
11272048791033,11272048791715,682
11272049075193,11272049075833,640
11272049311258,11272049311941,683
11272049512838,11272049513442,604
11272049712854,11272049713576,722
11272049913619,11272049914172,553
11272050112813,11272050113520,707
11272050308631,11272050309208,577
11272050509221,11272050509927,706
11272050704986,11272050705567,581
11272050901062,11272050901728,666
11272051099772,11272051100371,599
11272051306495,11272051307209,714
11272051502377,11272051502961,584
11272051703283,11272051703919,636
11272051898357,11272051898923,566
11272052096146,11272052096821,675
11272052378814,11272052379389,575
11272052579272,11272052579998,726
11272052776514,11272052777119,605
11272053051713,11272053052418,705
11272053249916,11272053250500,584
11272053447914,11272053448584,670
11272053646476,11272053647061,585
11272053844192,11272053844838,646
11272054042930,11272054043514,584
11272054393753,11272054394621,868
11272054744017,11272054744649,632
11272055005182,11272055005991,809
11272055223035,11272055223695,660
11272055709474,11272055710198,724
11272055991370,11272055991960,590
11272056266061,11272056266760,699
11272056544745,11272056545338,593
11272056826974,11272056827717,743
11272057109471,11272057110045,574
11272057361819,11272057362569,750
11272057580207,11272057580832,625
11272057794777,11272057795596,819
11272058009649,11272058010281,632
11272058254100,11272058254795,695
11272058506020,11272058506638,618
11272058721352,11272058722127,775
11272058948429,11272058949084,655
11272059192047,11272059192804,757
11272059476478,11272059477058,580
11272059730202,11272059731002,800
11272059946242,11272059946874,632
11272060191395,11272060192131,736
11272060446130,11272060446762,632
11272060662257,11272060663028,771
11272060875586,11272060876206,620
11272061093704,11272061094488,784
11272061306813,11272061307411,598
11272061521616,11272061522384,768
11272061738538,11272061739155,617
11272061954581,11272061955351,770
11272062199776,11272062200421,645
11272062454466,11272062455211,745
11272062731436,11272062732017,581
11272063013869,11272063014575,706
11272063287712,11272063288325,613
11272063572012,11272063572759,747
11272063870420,11272063871018,598
11272064146018,11272064149090,3072
11272064423734,11272064424292,558
11272064672259,11272064672983,724
11272064898648,11272064899289,641
11272065116504,11272065117280,776
11272065329988,11272065330633,645
11272065559467,11272065560233,766
11272065868947,11272065869521,574
11272066144941,11272066145599,658
11272066425420,11272066425997,577
11272066707896,11272066708605,709
11272066986811,11272066987369,558
11272067236410,11272067237148,738
11272067451846,11272067452478,632
11272067667933,11272067668661,728
11272067878359,11272067878910,551
11272068097631,11272068098401,770
11272068309038,11272068309651,613
11272068522095,11272068522842,747
11272068737783,11272068738407,624
11272068961465,11272068962247,782
11272069176963,11272069177603,640
11272069398264,11272069399015,751
11272069612783,11272069613444,661
11272069826905,11272069827672,767
11272070044579,11272070045202,623
11272070257902,11272070258643,741
11272070471697,11272070472321,624
11272070698279,11272070699204,925
11272070918458,11272070919117,659
11272071135371,11272071136093,722
11272071353445,11272071354107,662
11272071569314,11272071570059,745
11272071786460,11272071787121,661
11272072000817,11272072001560,743
11272072224300,11272072224963,663
11272072446301,11272072447080,779
11272072661419,11272072662099,680
11272072877438,11272072878212,774
11272073096157,11272073096804,647
11272073313045,11272073313806,761
11272073527698,11272073528340,642
11272073747702,11272073748476,774
11272073960344,11272073961009,665
11272074176193,11272074176927,734
11272074633984,11272074634679,695
11272074853490,11272074854292,802
11272075065540,11272075066176,636
11272075291730,11272075292527,797
11272075505747,11272075506381,634
11272075730420,11272075731214,794
11272075950046,11272075950702,656
11272076166820,11272076167587,767
11272076381066,11272076381738,672
11272076601386,11272076602198,812
11272076816523,11272076817138,615
11272077030449,11272077031219,770
11272077249291,11272077249891,600
11272077463227,11272077463989,762
11272077675681,11272077676267,586
11272077893245,11272077893989,744
11272078107527,11272078108150,623
11272078320269,11272078321038,769
11272078536818,11272078537474,656
11272078752762,11272078753517,755
11272078984317,11272078984995,678
11272079203055,11272079203805,750
11272079417202,11272079417829,627
11272079638062,11272079638847,785
11272079853430,11272079854117,687
11272080070130,11272080070823,693
11272080288279,11272080288948,669
11272080502570,11272080503327,757
11272080715054,11272080715713,659
11272080933059,11272080933824,765
11272081146088,11272081146712,624
11272081359055,11272081359813,758
11272081574494,11272081575141,647
11272081788772,11272081789523,751
11272082001750,11272082002364,614
11272082228269,11272082229050,781
11272082444243,11272082444896,653
11272082662691,11272082663453,762
11272082882354,11272082883047,693
11272083100260,11272083100980,720
11272083341844,11272083342486,642
11272083562473,11272083563237,764
11272083775333,11272083775924,591
11272083992084,11272083992805,721
11272084208824,11272084209418,594
11272084427607,11272084428406,799
11272084640531,11272084641166,635
11272084860400,11272084861172,772
11272085074784,11272085075387,603
11272085286923,11272085287678,755
11272085504100,11272085504708,608
11272085733039,11272085733788,749
11272085954991,11272085955680,689
11272086172740,11272086173517,777
11272086388932,11272086389575,643
11272086608170,11272086608950,780
11272086823463,11272086824107,644
11272087038168,11272087038910,742
11272087256079,11272087256705,626
11272087471433,11272087472159,726
11272087684132,11272087684757,625
11272087902438,11272087903211,773
11272088116490,11272088117073,583
11272088341922,11272088342641,719
11272088558772,11272088559388,616
11272088773515,11272088774247,732
11272088990586,11272088991221,635
11272089211185,11272089211943,758
11272089428981,11272089429559,578
11272089655787,11272089656502,715
11272089874564,11272089875183,619
11272090095685,11272090096421,736
11272090321439,11272090322275,836
11272090562377,11272090563141,764
11272090776128,11272090776757,629
11272090989380,11272090990139,759
11272091205389,11272091205950,561
11272091431101,11272091431915,814
11272091903491,11272091904343,852
11272092142376,11272092143135,759
11272092373002,11272092373634,632
11272092593771,11272092594531,760
11272092813281,11272092813896,615
11272093031480,11272093032228,748
11272093250391,11272093251042,651
11272093471554,11272093472310,756
11272093685197,11272093685846,649
11272093904021,11272093904768,747
11272094118344,11272094118985,641
11272094349020,11272094349785,765
11272094565723,11272094566336,613
11272094782081,11272094782841,760
11272094996079,11272094996730,651
11272095215874,11272095216653,779
11272095444832,11272095445461,629
11272095667652,11272095668410,758
11272095893107,11272095893755,648
11272096109533,11272096110286,753
11272096322999,11272096323650,651
11272096541149,11272096541918,769
11272096754119,11272096754761,642
11272096969590,11272096970360,770
11272097187180,11272097187775,595
11272097410750,11272097411458,708
11272097624264,11272097624904,640
11272097844401,11272097845173,772
11272098059621,11272098060255,634
11272098275020,11272098275796,776
11272098507639,11272098508279,640
11272098723119,11272098723881,762
11272098945423,11272098946074,651
11272099167829,11272099168548,719
11272099401752,11272099402425,673
11272099620275,11272099621025,750
11272099839755,11272099840375,620
11272100058080,11272100058847,767
11272100281496,11272100282205,709
11272100498611,11272100499366,755
11272100712424,11272100713054,630
11272100931574,11272100932324,750
11272101145098,11272101145754,656
11272101378624,11272101379393,769
11272101595626,11272101596304,678
11272101810879,11272101811703,824
11272102023704,11272102024341,637
11272102283614,11272102284405,791
11272102500634,11272102501312,678
11272102719520,11272102720283,763
11272102939186,11272102939859,673
11272103156317,11272103157115,798
11272103371040,11272103371724,684
11272103592884,11272103593681,797
11272103808750,11272103809407,657
11272104025910,11272104026673,763
11272104244437,11272104245101,664
11272104469695,11272104470435,740
11272104684019,11272104684646,627
11272104903387,11272104904100,713
11272105116910,11272105117569,659
11272105349227,11272105350011,784
11272105574498,11272105575181,683
11272105794983,11272105795763,780
11272106011003,11272106011667,664
11272106233070,11272106233836,766
11272106447840,11272106448501,661
11272106663403,11272106664161,758
11272106883237,11272106883896,659
11272107100042,11272107100801,759
11272107333523,11272107334185,662
11272107549201,11272107549923,722
11272107764432,11272107765077,645
11272107985316,11272107986071,755
11272108199666,11272108200305,639
11272108430721,11272108431437,716
11272108648751,11272108649364,613
11272108863452,11272108864177,725
11272109090882,11272109091520,638
11272109575732,11272109576497,765
11272109795411,11272109796046,635
11272110012874,11272110013623,749
11272110232419,11272110233034,615
11272110453195,11272110453946,751
11272110668739,11272110669369,630
11272110889253,11272110890006,753
11272111105108,11272111105683,575
11272111320308,11272111321017,709
11272111537781,11272111538391,610
11272111754217,11272111754964,747
11272111968416,11272111969062,646
11272112192541,11272112193327,786
11272112418842,11272112419531,689
11272112637306,11272112638092,786
11272112856683,11272112857302,619
11272113073198,11272113074006,808
11272113291257,11272113291896,639
11272113509900,11272113510700,800
11272113723946,11272113724558,612
11272113939978,11272113940752,774
11272114156991,11272114157657,666
11272114388513,11272114389296,783
11272114614849,11272114615515,666
11272114830990,11272114831805,815
11272115045100,11272115045763,663
11272115264853,11272115265639,786
11272115479255,11272115479878,623
11272115704245,11272115705004,759
11272115924198,11272115924862,664
11272116141577,11272116142376,799
11272116357446,11272116358078,632
11272116577999,11272116578805,806
11272116794422,11272116795083,661
11272117008135,11272117008910,775
11272117232816,11272117233452,636
11272117447324,11272117448123,799
11272117660150,11272117660786,636
11272117879584,11272117880379,795
11272118092050,11272118092699,649
11272118318327,11272118319110,783
11272118534935,11272118535564,629
11272118747787,11272118748578,791
11272118967256,11272118967866,610
11272119187966,11272119188765,799
11272119412915,11272119413515,600
11272119632660,11272119633428,768
11272119850246,11272119850865,619
11272120065908,11272120066660,752
11272120279115,11272120279716,601
11272120497915,11272120498666,751
11272120711252,11272120711830,578
11272120926488,11272120927245,757
11272121143937,11272121144565,628
11272121363298,11272121364066,768
11272121584502,11272121585140,638
11272121801745,11272121802527,782
11272122013951,11272122014588,637
11272122240499,11272122241294,795
11272122459344,11272122459990,646
11272122674560,11272122675329,769
11272122892098,11272122892765,667
11272123106041,11272123106804,763
11272123330913,11272123331561,648
11272123549368,11272123550133,765
11272123763316,11272123763971,655
11272123976913,11272123977679,766
11272124193693,11272124194352,659
11272124408246,11272124409009,763
11272124622795,11272124623419,624
11272124840715,11272124841468,753
11272125055171,11272125055790,619
11272125285038,11272125285795,757
11272125500769,11272125501398,629
11272125730374,11272125731145,771
11272125948791,11272125949440,649
11272126168946,11272126169762,816
11272126383926,11272126384559,633
11272126827838,11272126828664,826
11272127051390,11272127052052,662
11272127269422,11272127270262,840
11272127493538,11272127494214,676
11272127712525,11272127713328,803
11272127926072,11272127926704,632
11272128142213,11272128143030,817
11272128359705,11272128360322,617
11272128574750,11272128575483,733
11272128792171,11272128792794,623
11272129015938,11272129016745,807
11272129233407,11272129234038,631
11272129455094,11272129455875,781
11272129671197,11272129671832,635
11272129913801,11272129914582,781
11272130131952,11272130132573,621
11272130349790,11272130350582,792
11272130564754,11272130565387,633
11272130778750,11272130779534,784
11272130993535,11272130994187,652
11272131210073,11272131210865,792
11272131426438,11272131427006,568
11272131642541,11272131643266,725
11272131860894,11272131861491,597
11272132075480,11272132076263,783
11272132299025,11272132299688,663
11272132532600,11272132533404,804
11272132746998,11272132747652,654
11272132965231,11272132965996,765
11272133181600,11272133182231,631
11272133404176,11272133404967,791
11272133620449,11272133621128,679
11272133836790,11272133837586,796
11272134048869,11272134049521,652
11272134266816,11272134267632,816
11272134492493,11272134493119,626
11272134706542,11272134707313,771
11272134918691,11272134919298,607
11272135138326,11272135139072,746
11272135362945,11272135363610,665
11272135586964,11272135587753,789
11272135806443,11272135807057,614
11272136022840,11272136023599,759
11272136237147,11272136237773,626
11272136469929,11272136470717,788
11272136685018,11272136685659,641
11272136903691,11272136904471,780
11272137116720,11272137117360,640
11272137331245,11272137331990,745
11272137574686,11272137575287,601
11272137789109,11272137789837,728
11272138002168,11272138002792,624
11272138220933,11272138221650,717
11272138449557,11272138450186,629
11272138666098,11272138666844,746
11272138889576,11272138890239,663
11272139118125,11272139118937,812
11272139334224,11272139334907,683
11272139552808,11272139553614,806
11272139768193,11272139768823,630
11272139983662,11272139984427,765
11272140201451,11272140202088,637
11272140418863,11272140419628,765
11272140633452,11272140634043,591
11272140851508,11272140852258,750
11272141065081,11272141065687,606
11272141279794,11272141280559,765
11272141495889,11272141496537,648
11272141714932,11272141715750,818
11272141933594,11272141934281,687
11272142153735,11272142154503,768
11272142384116,11272142384715,599
11272142599921,11272142600695,774
11272142816478,11272142817129,651
11272143030848,11272143031627,779
11272143242911,11272143243540,629
11272143461286,11272143462087,801
11272143673855,11272143674476,621
11272143896162,11272143896951,789
11272144116004,11272144116642,638
11272144344070,11272144344856,786
11272144571954,11272144572648,694
11272144911459,11272144912293,834
11272145145124,11272145145785,661
11272145373306,11272145374083,777
11272145606509,11272145607172,663
11272145837754,11272145838559,805
11272146063704,11272146064380,676
11272146291882,11272146292670,788
11272146519918,11272146520562,644
11272146745754,11272146746483,729
11272146972873,11272146973520,647
11272147199262,11272147200012,750
11272147424534,11272147425184,650
11272147661919,11272147662696,777
11272147888041,11272147888670,629
11272148116360,11272148117148,788
11272148341790,11272148342488,698
11272148566205,11272148566979,774
11272148790797,11272148791437,640
11272149026663,11272149027469,806
11272149254460,11272149255088,628
11272149482779,11272149483620,841
11272149710282,11272149710948,666
11272149938825,11272149939653,828
11272150168365,11272150169021,656
11272150394676,11272150395467,791
11272150619203,11272150619869,666
11272150849343,11272150850167,824
11272151073775,11272151074435,660
11272151304153,11272151304921,768
11272151527613,11272151528257,644
11272151752966,11272151753770,804
11272151978350,11272151978994,644
11272152212733,11272152213766,1033
11272152444366,11272152444958,592
11272152672606,11272152673399,793
11272152900045,11272152900721,676
11272153128835,11272153129597,762
11272153355263,11272153355900,637
11272153580653,11272153581464,811
11272153804567,11272153805214,647
11272154031940,11272154032730,790
11272154260204,11272154260830,626
11272154484115,11272154484875,760
11272154711100,11272154711767,667
11272154936668,11272154937420,752
11272155160171,11272155160805,634
11272155397033,11272155397824,791
11272155631705,11272155632397,692
11272155859388,11272155860224,836
11272156087543,11272156088231,688
11272156317472,11272156318209,737
11272156541147,11272156541806,659
11272156767237,11272156768049,812
11272156993016,11272156993695,679
11272157220713,11272157221477,764
11272157452608,11272157453214,606
11272157678244,11272157678979,735
11272157903970,11272157904619,649
11272158131467,11272158132234,767
11272158361731,11272158362384,653
11272158590646,11272158591411,765
11272158816574,11272158817213,639
11272159048737,11272159049526,789
11272159279938,11272159280559,621
11272159506134,11272159506869,735
11272159730548,11272159731213,665
11272159956381,11272159957127,746
11272160181951,11272160182563,612
11272160409250,11272160410024,774
11272160635549,11272160636207,658
11272160859441,11272160860189,748
11272161084383,11272161084999,616
11272161328181,11272161328920,739
11272161553801,11272161554422,621
11272161778649,11272161779395,746
11272162253779,11272162257075,3296
11272162479825,11272162480594,769
11272162695471,11272162696144,673
11272162917811,11272162918568,757
11272163131585,11272163132238,653
11272163346190,11272163346893,703
11272163562899,11272163563552,653
11272163778583,11272163779395,812
11272163992078,11272163992717,639
11272164218009,11272164218809,800
11272164433266,11272164433929,663
11272164653375,11272164654162,787
11272164870189,11272164870860,671
11272165085132,11272165085906,774
11272165298109,11272165298709,600
11272165515981,11272165516782,801
11272165743037,11272165743692,655
11272165964793,11272165965595,802
11272166180614,11272166181239,625
11272166396324,11272166397092,768
11272166613511,11272166614162,651
11272166830104,11272166830836,732
11272167043518,11272167044105,587
11272167261620,11272167262365,745
11272167474370,11272167475036,666
11272167689444,11272167690194,750
11272167906661,11272167907312,651
11272168121832,11272168122613,781
11272168334954,11272168335617,663
11272168554570,11272168555303,733
11272168769709,11272168770344,635
11272168993355,11272168994098,743
11272169211763,11272169212408,645
11272169427681,11272169428464,783
11272169640156,11272169640842,686
11272169858991,11272169859782,791
11272170072158,11272170072844,686
11272170286214,11272170287004,790
11272170502115,11272170502794,679
11272170716166,11272170716911,745
11272170929758,11272170930433,675
11272171148617,11272171149402,785
11272171365484,11272171366107,623
11272171579926,11272171580704,778
11272171797297,11272171797970,673
11272172011768,11272172012500,732
11272172230488,11272172231132,644
11272172455461,11272172456252,791
11272172670546,11272172671197,651
11272172889645,11272172890423,778
11272173103594,11272173104182,588
11272173318670,11272173319430,760
11272173549384,11272173550039,655
11272173764871,11272173765628,757
11272173977290,11272173977925,635
11272174194065,11272174194835,770
11272174406928,11272174407613,685
11272174620915,11272174621595,680
11272174837521,11272174838150,629
11272175055555,11272175056300,745
11272175282514,11272175283103,589
11272175501053,11272175501797,744
11272175722276,11272175722907,631
11272175939020,11272175939765,745
11272176156970,11272176157555,585
11272176380130,11272176380891,761
11272176593724,11272176594352,628
11272176811354,11272176812116,762
11272177024727,11272177025342,615
11272177240526,11272177241302,776
11272177483545,11272177484150,605
11272177708995,11272177709735,740
11272177922866,11272177923527,661
11272178140726,11272178141471,745
11272178375254,11272178375894,640
11272178589806,11272178590588,782
11272178809838,11272178810454,616
11272179259064,11272179259873,809
11272179479509,11272179480192,683
11272179700713,11272179701489,776
11272179914844,11272179915485,641
11272180132965,11272180133768,803
11272180351445,11272180352014,569
11272180565979,11272180566701,722
11272180782395,11272180783046,651
11272180997883,11272180998658,775
11272181219487,11272181220097,610
11272181438145,11272181438940,795
11272181651564,11272181652200,636
11272181865369,11272181866149,780
11272182082866,11272182083532,666
11272182305830,11272182306631,801
11272182522765,11272182523425,660
11272182742425,11272182743195,770
11272182956790,11272182957423,633
11272183171955,11272183172722,767
11272183399488,11272183400134,646
11272183613872,11272183614594,722
11272183827431,11272183828061,630
11272184046358,11272184047168,810
11272184260567,11272184261221,654
11272184472960,11272184473742,782
11272184689953,11272184690612,659
11272184904520,11272184905290,770
11272185117073,11272185117703,630
11272185335526,11272185336297,771
11272185557686,11272185558331,645
11272185774705,11272185775451,746
11272185992021,11272185992625,604
11272186211431,11272186212179,748
11272186424779,11272186425407,628
11272186647702,11272186648473,771
11272186867344,11272186868035,691
11272187090266,11272187091097,831
11272187305901,11272187306542,641
11272187521386,11272187522163,777
11272187739068,11272187739750,682
11272187954635,11272187955445,810
11272188182581,11272188183216,635
11272188402321,11272188403125,804
11272188624454,11272188625149,695
11272188839278,11272188840068,790
11272189066502,11272189067167,665
11272189285908,11272189286749,841
11272189502440,11272189503134,694
11272189723484,11272189724324,840
11272189940158,11272189940834,676
11272190168085,11272190168904,819
11272190389613,11272190390239,626
11272190608676,11272190609477,801
11272190823795,11272190824445,650
11272191045379,11272191046189,810
11272191264216,11272191264901,685
11272191481886,11272191482677,791
11272191699315,11272191699945,630
11272191916355,11272191917147,792
11272192130519,11272192131125,606
11272192371090,11272192371879,789
11272192587542,11272192588190,648
11272192804497,11272192805277,780
11272193023175,11272193023852,677
11272193240653,11272193241451,798
11272193473235,11272193473889,654
11272193701143,11272193701928,785
11272193919692,11272193920373,681
11272194141882,11272194142665,783
11272194374738,11272194375402,664
11272194591240,11272194591988,748
11272194808736,11272194809381,645
11272195023779,11272195024555,776
11272195237279,11272195237928,649
11272195455989,11272195456761,772
11272195677650,11272195678361,711
11272195898018,11272195898791,773
11272196117870,11272196118519,649
11272196334736,11272196335508,772
11272196794729,11272196795370,641
11272197018380,11272197019147,767
11272197233970,11272197234624,654
11272197450283,11272197451035,752
11272197719684,11272197720255,571
11272197940349,11272197941133,784
11272198156288,11272198156962,674
11272198370652,11272198371419,767
11272198585843,11272198586493,650
11272198801926,11272198802696,770
11272199023906,11272199024596,690
11272199245843,11272199246576,733
11272199461923,11272199462588,665
11272199676496,11272199677268,772
11272199894907,11272199895543,636
11272200113149,11272200113936,787
11272200326086,11272200326744,658
11272200543098,11272200543818,720
11272200757236,11272200757883,647
11272200971722,11272200972458,736
11272201188193,11272201188825,632
11272201407306,11272201408070,764
11272201619638,11272201620265,627
11272201835799,11272201836562,763
11272202050386,11272202051032,646
11272202279939,11272202280684,745
11272202496265,11272202496902,637
11272202715949,11272202716730,781
11272202929763,11272202930409,646
11272203150350,11272203151146,796
11272203364541,11272203365160,619
11272203577036,11272203577785,749
11272203797373,11272203798004,631
11272204012908,11272204013671,763
11272204225336,11272204225984,648
11272204442456,11272204443258,802
11272204656063,11272204656697,634
11272204869376,11272204870153,777
11272205087454,11272205088096,642
11272205305687,11272205306482,795
11272205517430,11272205518059,629
11272205745536,11272205746313,777
11272205960243,11272205960897,654
11272206176081,11272206176843,762
11272206398786,11272206399447,661
11272206613916,11272206614693,777
11272206827187,11272206827825,638
11272207046476,11272207047260,784
11272207259739,11272207260387,648
11272207478899,11272207479626,727
11272207693690,11272207694311,621
11272207908147,11272207908908,761
11272208120895,11272208121532,637
11272208339854,11272208340618,764
11272208569666,11272208570287,621
11272208789385,11272208790140,755
11272209011841,11272209012490,649
11272209231811,11272209232595,784
11272209447064,11272209447731,667
11272209665615,11272209666403,788
11272209879478,11272209880121,643
11272210098383,11272210099147,764
11272210312592,11272210313242,650
11272210525329,11272210526103,774
11272210741163,11272210741835,672
11272210954720,11272210955444,724
11272211167797,11272211168432,635
11272211386058,11272211386804,746
11272211599294,11272211599949,655
11272211813513,11272211814266,753
11272212030072,11272212030730,658
11272212253265,11272212254012,747
11272212469464,11272212470133,669
11272212689284,11272212690073,789
11272212902856,11272212903501,645
11272213129573,11272213130365,792
11272213354929,11272213355602,673
11272213570958,11272213571701,743
11272213783945,11272213784616,671
11272214235909,11272214236696,787
11272214462126,11272214462788,662
11272214677291,11272214678041,750
11272214895741,11272214896404,663
11272215110269,11272215111015,746
11272215321667,11272215322304,637
11272215545459,11272215546505,1046
11272215764974,11272215765614,640
11272215983470,11272215984191,721
11272216201474,11272216202095,621
11272216427273,11272216428053,780
11272216642610,11272216643271,661
11272216861316,11272216862066,750
11272217074811,11272217075437,626
11272217293271,11272217294032,761
11272217507565,11272217508190,625
11272217721357,11272217722086,729
11272217938188,11272217938779,591
11272218152958,11272218153739,781
11272218373646,11272218374281,635
11272218592055,11272218592817,762
11272218805257,11272218805857,600
11272219026779,11272219027530,751
11272219253637,11272219254253,616
11272219470701,11272219471515,814
11272219686235,11272219686889,654
11272219906500,11272219907255,755
11272220121804,11272220122507,703
11272220336754,11272220337520,766
11272220553911,11272220554585,674
11272220769886,11272220770689,803
11272220982421,11272220983085,664
11272221201203,11272221201971,768
11272221420781,11272221421442,661
11272221635892,11272221636666,774
11272221854409,11272221855030,621
11272222070269,11272222071054,785
11272222291038,11272222291679,641
11272222511491,11272222512286,795
11272222727965,11272222728608,643
11272222942455,11272222943255,800
11272223161711,11272223162366,655
11272223379055,11272223379844,789
11272223596823,11272223597496,673
11272223815543,11272223816334,791
11272224028657,11272224029295,638
11272224246059,11272224246877,818
11272224460650,11272224461331,681
11272224675687,11272224676472,785
11272224896774,11272224897404,630
11272225111643,11272225112374,731
11272225324639,11272225325289,650
11272225564201,11272225565032,831
11272225781287,11272225781947,660
11272225998280,11272225999106,826
11272226226660,11272226227313,653
11272226442246,11272226442981,735
11272226657239,11272226657832,593
11272226877161,11272226877896,735
11272227089546,11272227090157,611
11272227302756,11272227303506,750
11272227519755,11272227520378,623
11272227735339,11272227736125,786
11272227947519,11272227948151,632
11272228165223,11272228165995,772
11272228378863,11272228379492,629
11272228592579,11272228593301,722
11272228809525,11272228810158,633
11272229031849,11272229032658,809
11272229248385,11272229248998,613
11272229468304,11272229469080,776
11272229682248,11272229682839,591
11272229897647,11272229898420,773
11272230114444,11272230115122,678
11272230334920,11272230335658,738
11272230547323,11272230547950,627
11272230773703,11272230774462,759
11272231218228,11272231218893,665
11272231441732,11272231442530,798
11272231655357,11272231656015,658
11272231870458,11272231871198,740
11272232087431,11272232088064,633
11272232310772,11272232311570,798
11272232526352,11272232527011,659
11272232745885,11272232746672,787
11272232960286,11272232960950,664
11272233175898,11272233176691,793
11272233393606,11272233394285,679
11272233609529,11272233610268,739
11272233821864,11272233822535,671
11272234040718,11272234041506,788
11272234259108,11272234259733,625
11272234473370,11272234474125,755
11272234690001,11272234690670,669
11272234904709,11272234905472,763
11272235119025,11272235119680,655
11272235337362,11272235338147,785
11272235558846,11272235559477,631
11272235776330,11272235777126,796
11272235995773,11272235996435,662
11272236211906,11272236212697,791
11272236430189,11272236430832,643
11272236649834,11272236650594,760
11272236863290,11272236863939,649
11272237078779,11272237079541,762
11272237295721,11272237296359,638
11272237533277,11272237534055,778
11272237747008,11272237747675,667
11272237965719,11272237966483,764
11272238178868,11272238179483,615
11272238398253,11272238399035,782
11272238612175,11272238612774,599
11272238826901,11272238827600,699
11272239053656,11272239054304,648
11272239273633,11272239274447,814
11272239490156,11272239490785,629
11272239712346,11272239713075,729
11272239926603,11272239927232,629
11272240141759,11272240142529,770
11272240360810,11272240361461,651
11272240576817,11272240577600,783
11272240790496,11272240791117,621
11272241009847,11272241010627,780
11272241224714,11272241225334,620
11272241439751,11272241440531,780
11272241657730,11272241658368,638
11272241873745,11272241874550,805
11272242086667,11272242087313,646
11272242313390,11272242314165,775
11272242531381,11272242532049,668
11272242747844,11272242748632,788
11272242965602,11272242966236,634
11272243182061,11272243182846,785
11272243397122,11272243397782,660
11272243617373,11272243618191,818
11272243830588,11272243831213,625
11272244045404,11272244046180,776
11272244262885,11272244263581,696
11272244478869,11272244479628,759
11272244693729,11272244694331,602
11272244912987,11272244913786,799
11272245127086,11272245127697,611
11272245347068,11272245347852,784
11272245570384,11272245571042,658
11272245789294,11272245790088,794
11272246012198,11272246012863,665
11272246229887,11272246230681,794
11272246444417,11272246445013,596
11272246664633,11272246665423,790
11272246879488,11272246880081,593
11272247096314,11272247097078,764
11272247313218,11272247313837,619
11272247545389,11272247546167,778
11272247757874,11272247758509,635
11272247976190,11272247976991,801
11272248189776,11272248190397,621
11272248637661,11272248638419,758
11272248858294,11272248858938,644
11272249087973,11272249088771,798
11272249313033,11272249313633,600
11272249533977,11272249534776,799
11272249749821,11272249750449,628
11272249966335,11272249967139,804
11272250184769,11272250185392,623
11272250412302,11272250413102,800
11272250628107,11272250628755,648
11272250848061,11272250848841,780
11272251063447,11272251064084,637
11272251278962,11272251279714,752
11272251496307,11272251496912,605
11272251711868,11272251712606,738
11272251924792,11272251925404,612
11272252143390,11272252144197,807
11272252363544,11272252364197,653
11272252584146,11272252584937,791
11272252798809,11272252799447,638
11272253021482,11272253022233,751
11272253240828,11272253241475,647
11272253455999,11272253456796,797
11272253669523,11272253670123,600
11272253890978,11272253891780,802
11272254105234,11272254105904,670
11272254324110,11272254324895,785
11272254548168,11272254548848,680
11272254772105,11272254772940,835
11272254998790,11272254999416,626
11272255231196,11272255231988,792
11272255465315,11272255465953,638
11272255763714,11272255764908,1194
11272256135443,11272256136167,724
11272256365813,11272256366635,822
11272256597321,11272256597942,621
11272256812517,11272256813292,775
11272257021913,11272257022523,610
11272257267882,11272257268712,830
11272257524834,11272257525534,700
11272257785158,11272257786011,853
11272258036424,11272258037107,683
11272258267075,11272258267903,828
11272258485231,11272258485919,688
11272258701759,11272258702555,796
11272258932718,11272258933383,665
11272259154058,11272259154826,768
11272259373622,11272259374247,625
11272259596579,11272259597336,757
11272259814858,11272259815540,682
11272260036766,11272260037598,832
11272260252372,11272260253023,651
11272260469577,11272260470398,821
11272260690029,11272260690708,679
11272260906411,11272260907230,819
11272261121657,11272261122280,623
11272261343492,11272261344315,823
11272261560605,11272261561231,626
11272261777822,11272261778637,815
11272261996585,11272261997204,619
11272262221650,11272262222434,784
11272262452120,11272262452762,642
11272262674811,11272262675595,784
11272262892071,11272262892733,662
11272263110314,11272263111079,765
11272263330902,11272263331535,633
11272263549589,11272263550348,759
11272263798846,11272263799518,672
11272264020006,11272264020802,796
11272264238007,11272264238663,656
11272264457122,11272264457900,778
11272264671200,11272264671874,674
11272264889635,11272264890399,764
11272265106563,11272265107206,643
11272265322845,11272265323657,812
11272265548390,11272265549330,940
11272265772048,11272265772843,795
11272265988515,11272265989125,610
11272266207918,11272266208685,767
11272266654617,11272266655268,651
11272266876422,11272266877187,765
11272267093656,11272267094285,629
11272267325425,11272267326249,824
11272267539057,11272267539680,623
11272267755686,11272267756444,758
11272267970936,11272267971599,663
11272268185545,11272268189071,3526
11272268404732,11272268405339,607
11272268618806,11272268619559,753
11272268831980,11272268832639,659
11272269062972,11272269063748,776
11272269278746,11272269279403,657
11272269493879,11272269494659,780
11272269712400,11272269713055,655
11272269927970,11272269928715,745
11272270143150,11272270143805,655
11272270372362,11272270373139,777
11272270586737,11272270587410,673
11272270801054,11272270801791,737
11272271017102,11272271017737,635
11272271242347,11272271243101,754
11272271453992,11272271454601,609
11272271671845,11272271672570,725
11272271883960,11272271884591,631
11272272099227,11272272099998,771
11272272357683,11272272358352,669
11272272577784,11272272578568,784
11272272791901,11272272792581,680
11272273011776,11272273012580,804
11272273225592,11272273226314,722
11272273441674,11272273442444,770
11272273657059,11272273657674,615
11272273871175,11272273871916,741
11272274084155,11272274084831,676
11272274302073,11272274302834,761
11272274516227,11272274516905,678
11272274729882,11272274730636,754
11272274945301,11272274945952,651
11272275160005,11272275160793,788
11272275392505,11272275393127,622
11272275622908,11272275623670,762
11272275839120,11272275839819,699
11272276059042,11272276059855,813
11272276274116,11272276274743,627
11272276490306,11272276491086,780
11272276708049,11272276708674,625
11272276922933,11272276923708,775
11272277137015,11272277137679,664
11272277357212,11272277358003,791
11272277570933,11272277571600,667
11272277785294,11272277786133,839
11272278001727,11272278002369,642
11272278216039,11272278216799,760
11272278428333,11272278428973,640
11272278646170,11272278646980,810
11272278858170,11272278858807,637
11272279085374,11272279086160,786
11272279303756,11272279304433,677
11272279520146,11272279520944,798
11272279733660,11272279734279,619
11272279958059,11272279958862,803
11272280171835,11272280172483,648
11272280386776,11272280387518,742
11272280603019,11272280603620,601
11272280816468,11272280817249,781
11272281029590,11272281030197,607
11272281246915,11272281247675,760
11272281459208,11272281459812,604
11272281672836,11272281673606,770
11272281890506,11272281891187,681
11272282105989,11272282106760,771
11272282331078,11272282331684,606
11272282549589,11272282550375,786
11272282764646,11272282765365,719
11272282983384,11272282984139,755
11272283197066,11272283197687,621
11272283646343,11272283647103,760
11272283867214,11272283868091,877
11272284082863,11272284083576,713
11272284298747,11272284299435,688
11272284516504,11272284517247,743
11272284729806,11272284730497,691
11272284943576,11272284944324,748
11272285161342,11272285162006,664
11272285393237,11272285393984,747
11272285617260,11272285617924,664
11272285840995,11272285841748,753
11272286057077,11272286057713,636
11272286273764,11272286274543,779
11272286491769,11272286492413,644
11272286707881,11272286708646,765
11272286919411,11272286920081,670
11272287146996,11272287147781,785
11272287371365,11272287372004,639
11272287587498,11272287588261,763
11272287805224,11272287805884,660
11272288020280,11272288021038,758
11272288233961,11272288234620,659
11272288459464,11272288460249,785
11272288672982,11272288673578,596
11272288900745,11272288901551,806
11272289121053,11272289121679,626
11272289337333,11272289338084,751
11272289558312,11272289559012,700
11272289775164,11272289775999,835
11272289989251,11272289989906,655
11272290207478,11272290208297,819
11272290427646,11272290428298,652
11272290641316,11272290642042,726
11272290857874,11272290858456,582
11272291073736,11272291074495,759
11272291286513,11272291287142,629
11272291505370,11272291506202,832
11272291719171,11272291719819,648
11272291931780,11272291932561,781
11272292147386,11272292148007,621
11272292395834,11272292396585,751
11272292613247,11272292613934,687
11272292833264,11272292834043,779
11272293048856,11272293049497,641
11272293265429,11272293266195,766
11272293482108,11272293482775,667
11272293697285,11272293698028,743
11272293910338,11272293910963,625
11272294129446,11272294130204,758
11272294344021,11272294344672,651
11272294559966,11272294560736,770
11272294777972,11272294778655,683
11272294995527,11272294996309,782
11272295209272,11272295209955,683
11272295428166,11272295428957,791
11272295651153,11272295651824,671
11272295870645,11272295871446,801
11272296089576,11272296090233,657
11272296306922,11272296307733,811
11272296524384,11272296525040,656
11272296740337,11272296741084,747
11272296953338,11272296953985,647
11272297174116,11272297174876,760
11272297399761,11272297400422,661
11272297617141,11272297617938,797
11272297834691,11272297835358,667
11272298051738,11272298052534,796
11272298264961,11272298265653,692
11272298483662,11272298484461,799
11272298696809,11272298697447,638
11272298921119,11272298921895,776
11272299139691,11272299140347,656
11272299372078,11272299372848,770
11272299586972,11272299587560,588
11272299806883,11272299807652,769
11272300020138,11272300020740,602
11272300236562,11272300237373,811
11272300470791,11272300471458,667
11272300686793,11272300687604,811
11272300899904,11272300900572,668
11272301347158,11272301347975,817
11272301566994,11272301567597,603
11272301781441,11272301782178,737
11272301998176,11272301998861,685
11272302220227,11272302221014,787
11272302468125,11272302468779,654
11272302855906,11272302856871,965
11272303074048,11272303074772,724
11272303306595,11272303307419,824
11272303523386,11272303524048,662
11272303739134,11272303739965,831
11272303954091,11272303954781,690
11272304171403,11272304172257,854
11272304406007,11272304406640,633
11272304621048,11272304621851,803
11272304834734,11272304835372,638
11272305049362,11272305050200,838
11272305273489,11272305274182,693
11272305488733,11272305489503,770
11272305707842,11272305708499,657
11272305925511,11272305926332,821
11272306138787,11272306139409,622
11272306364670,11272306365475,805
11272306579615,11272306580246,631
11272306795214,11272306796013,799
11272307008628,11272307009286,658
11272307224472,11272307225247,775
11272307451287,11272307451953,666
11272307668163,11272307668972,809
11272307882958,11272307883582,624
11272308097927,11272308098675,748
11272308311631,11272308312279,648
11272308538615,11272308539372,757
11272308751608,11272308752265,657
11272308973392,11272308974140,748
11272309189226,11272309189906,680
11272309405869,11272309406638,769
11272309618918,11272309619548,630
11272309833651,11272309834416,765
11272310047666,11272310048291,625
11272310263146,11272310263937,791
11272310476201,11272310476883,682
11272310690728,11272310691457,729
11272310903769,11272310904409,640
11272311118700,11272311119455,755
11272311333120,11272311333719,599
11272311571166,11272311571916,750
11272311785161,11272311785783,622
11272312000067,11272312000807,740
11272312219538,11272312220201,663
11272312436950,11272312437768,818
11272312653309,11272312653986,677
11272312870295,11272312871032,737
11272313085033,11272313085656,623
11272313302010,11272313302729,719
11272313515608,11272313516265,657
11272313730523,11272313731236,713
11272313945411,11272313946057,646
11272314159589,11272314160350,761
11272314381721,11272314382387,666
11272314596528,11272314597238,710
11272314809942,11272314810623,681
11272315024922,11272315025687,765
11272315238535,11272315239189,654
11272315452801,11272315453588,787
11272315674461,11272315675073,612
11272315891111,11272315891862,751
11272316106067,11272316106689,622
11272316329797,11272316330528,731
11272316543212,11272316543875,663
11272316758182,11272316758949,767
11272316973194,11272316973781,587
11272317187406,11272317188190,784
11272317415241,11272317415889,648
11272317631173,11272317631941,768
11272317845634,11272317846235,601
11272318060319,11272318061060,741
11272318282859,11272318283496,637
11272318723303,11272318724028,725
11272318949609,11272318950263,654
11272319168524,11272319169322,798
11272319382209,11272319382902,693
11272319595831,11272319596608,777
11272319809253,11272319809904,651
11272320029666,11272320030737,1071
11272320243387,11272320244010,623
11272320464008,11272320464815,807
11272320679079,11272320679680,601
11272320893133,11272320893899,766
11272321105840,11272321106515,675
11272321325075,11272321325879,804
11272321538660,11272321539299,639
11272321754157,11272321754911,754
11272321968110,11272321968780,670
11272322183898,11272322184664,766
11272322452557,11272322453201,644
11272322674637,11272322675465,828
11272322892227,11272322892920,693
11272323109262,11272323110082,820
11272323328914,11272323329573,659
11272323543626,11272323544446,820
11272323757278,11272323757942,664
11272323973558,11272323974331,773
11272324187101,11272324187750,649
11272324406743,11272324407546,803
11272324620445,11272324621078,633
11272324835932,11272324836749,817
11272325049917,11272325050576,659
11272325268018,11272325268829,811
11272325481265,11272325481934,669
11272325702862,11272325703673,811
11272325919881,11272325920514,633
11272326136496,11272326137295,799
11272326351853,11272326352508,655
11272326568916,11272326569708,792
11272326785837,11272326786493,656
11272327002713,11272327003475,762
11272327217688,11272327218379,691
11272327435641,11272327436477,836
11272327651091,11272327651773,682
11272327867233,11272327867990,757
11272328081855,11272328082505,650
11272328297840,11272328298616,776
11272328511725,11272328512385,660
11272328726787,11272328727571,784
11272328949809,11272328950481,672
11272329168680,11272329169462,782
11272329402380,11272329402970,590
11272329619215,11272329620019,804
11272329834011,11272329834646,635
11272330051639,11272330052404,765
11272330266355,11272330266966,611
11272330481056,11272330481817,761
11272330695195,11272330695808,613
11272330910636,11272330911371,735
11272331126349,11272331126962,613
11272331377502,11272331378275,773
11272331630940,11272331631627,687
11272331873962,11272331874756,794
11272332125189,11272332125856,667
11272332367734,11272332368574,840
11272332604597,11272332605292,695
11272332841871,11272332842868,997
11272333113418,11272333114180,762
11272333368664,11272333369491,827
11272333624386,11272333625081,695
11272333859458,11272333860315,857
11272334092608,11272334093335,727
11272334325184,11272334326031,847
11272334556823,11272334557471,648
11272334787768,11272334788555,787
11272335019452,11272335020127,675
11272335252241,11272335253074,833
11272335488288,11272335488985,697
11272335731414,11272335732259,845
11272336199748,11272336200414,666
11272336451204,11272336452035,831
11272336697226,11272336697920,694
11272336931994,11272336932841,847
11272337163014,11272337163692,678
11272337395693,11272337396588,895
11272337627365,11272337628051,686
11272337859866,11272337860669,803
11272338095900,11272338096596,696
11272338337317,11272338338151,834
11272338569552,11272338570195,643
11272338802147,11272338803008,861
11272339100396,11272339101108,712
11272339346128,11272339347109,981
11272339654715,11272339655368,653
11272339929616,11272339930414,798
11272340145473,11272340146152,679
11272340353067,11272340353831,764
11272340564638,11272340565281,643
11272340770141,11272340770913,772
11272340972428,11272340973077,649
11272341177438,11272341178227,789
11272341395148,11272341395739,591
11272341598819,11272341599566,747
11272341801429,11272341802076,647
11272342004794,11272342005546,752
11272342215758,11272342216394,636
11272342427166,11272342427941,775
11272342630924,11272342631583,659
11272342843994,11272342844711,717
11272343048612,11272343049198,586
11272343271945,11272343272696,751
11272343482067,11272343482675,608
11272343687918,11272343688658,740
11272343891879,11272343892489,610
11272344097509,11272344098215,706
11272344310333,11272344310952,619
11272344516168,11272344516911,743
11272344720054,11272344720705,651
11272344923006,11272344923707,701
11272345124744,11272345125409,665
11272345329904,11272345330584,680
11272345531891,11272345532468,577
11272345750333,11272345751067,734
11272345955860,11272345956495,635
11272346160272,11272346161018,746
11272346380017,11272346380650,633
11272346585613,11272346586360,747
11272346790792,11272346791422,630
11272346997587,11272346998333,746
11272347216200,11272347216826,626
11272347421056,11272347421802,746
11272347624056,11272347624684,628
11272347828736,11272347829491,755
11272348031301,11272348031905,604
11272348234052,11272348234771,719
11272348436454,11272348437076,622
11272348641665,11272348642407,742
11272348843992,11272348844606,614
11272349059216,11272349059948,732
11272349266017,11272349266634,617
11272349486598,11272349487349,751
11272349692206,11272349692822,616
11272349898051,11272349898785,734
11272350101292,11272350101897,605
11272350307772,11272350308679,907
11272350513052,11272350513655,603
11272350719163,11272350719873,710
11272350925258,11272350925854,596
11272351130449,11272351131203,754
11272351334099,11272351334709,610
11272351562312,11272351562988,676
11272351766478,11272351767067,589
11272351971534,11272351972276,742
11272352175418,11272352176052,634
11272352404143,11272352404897,754
11272352611286,11272352611901,615
11272352819531,11272352820270,739
11272353027343,11272353027974,631
11272353464540,11272353465302,762
11272353677481,11272353678139,658
11272353888317,11272353889116,799
11272354093359,11272354094024,665
11272354311027,11272354311827,800
11272354515934,11272354516603,669
11272354722874,11272354723638,764
11272354926367,11272354926998,631
11272355129646,11272355130406,760
11272355332744,11272355333381,637
11272355536549,11272355537265,716
11272355748727,11272355749373,646
11272355954798,11272355955530,732
11272356159720,11272356160357,637
11272356365401,11272356366163,762
11272356568407,11272356569026,619
11272356772408,11272356773170,762
11272356975209,11272356975821,612
11272357185471,11272357186343,872
11272357387238,11272357387854,616
11272357590383,11272357591152,769
11272357791892,11272357792561,669
11272357994765,11272357995495,730
11272358200976,11272358201528,552
11272358405122,11272358405870,748
11272358606557,11272358607182,625
11272358810571,11272358811357,786
11272359030934,11272359031599,665
11272359283157,11272359283943,786
11272359490799,11272359491412,613
11272359696160,11272359696941,781
11272359901287,11272359901911,624
11272360105870,11272360106632,762
11272360309839,11272360310422,583
11272360525098,11272360525864,766
11272360731008,11272360731597,589
11272360934844,11272360935603,759
11272361138750,11272361139323,573
11272361347889,11272361348776,887
11272361549872,11272361550463,591
11272361753613,11272361754377,764
11272361957483,11272361958063,580
11272362161826,11272362162668,842
11272362373770,11272362374455,685
11272362582499,11272362583264,765
11272362786331,11272362786944,613
11272362990711,11272362991428,717
11272363202332,11272363202921,589
11272363412717,11272363413535,818
11272363618482,11272363619086,604
11272363828235,11272363829015,780
11272364033718,11272364034319,601
11272364242189,11272364242955,766
11272364444822,11272364445389,567
11272364649760,11272364650486,726
11272364853717,11272364854260,543
11272365057760,11272365058476,716
11272365260787,11272365273476,12689
11272365477311,11272365478023,712
11272365686486,11272365687083,597
11272365892315,11272365893039,724
11272366095914,11272366096495,581
11272366300452,11272366301211,759
11272366515869,11272366516451,582
11272366720982,11272366721703,721
11272366925048,11272366925625,577
11272367131057,11272367131794,737
11272367334744,11272367335313,569
11272367540088,11272367540801,713
11272367745508,11272367746052,544
11272367952663,11272367953471,808
11272368156825,11272368157460,635
11272368363614,11272368367174,3560
11272368573758,11272368574343,585
11272368780086,11272368780870,784
11272368994600,11272368995244,644
11272369207227,11272369207984,757
11272369424561,11272369425142,581
11272369633686,11272369634410,724
11272369841170,11272369841740,570
11272370312624,11272370313386,762
11272370521739,11272370522353,614
11272370731789,11272370732558,769
11272370936009,11272370936614,605
11272371144918,11272371145606,688
11272371351321,11272371351916,595
11272371557052,11272371557773,721
11272371764504,11272371765083,579
11272371975818,11272371976543,725
11272372180958,11272372181540,582
11272372399004,11272372399714,710
11272372606696,11272372607311,615
11272372813221,11272372813924,703
11272373016628,11272373017208,580
11272373229097,11272373229852,755
11272373432851,11272373433441,590
11272373638874,11272373639584,710
11272373845910,11272373846517,607
11272374051050,11272374051744,694
11272374270867,11272374271416,549
11272374479475,11272374480235,760
11272374682706,11272374683255,549
11272374890762,11272374891502,740
11272375095715,11272375096280,565
11272375300496,11272375301244,748
11272375507269,11272375507884,615
11272375719236,11272375719960,724
11272375923767,11272375924383,616
11272376133032,11272376133743,711
11272376337588,11272376338145,557
11272376543614,11272376544342,728
11272376750262,11272376750864,602
11272376957279,11272376958028,749
11272377160703,11272377161227,524
11272377369154,11272377369904,750
11272377577426,11272377578037,611
11272377783705,11272377784438,733
11272377990030,11272377990665,635
11272378194925,11272378195608,683
11272378398174,11272378398733,559
11272378607966,11272378608688,722
11272378812810,11272378813392,582
11272379024420,11272379025165,745
11272379231819,11272379232410,591
11272379456301,11272379457032,731
11272379660946,11272379661502,556
11272379870983,11272379871712,729
11272380076360,11272380076919,559
11272380282138,11272380282842,704
11272380503956,11272380504569,613
11272380709249,11272380709960,711
11272380914129,11272380914711,582
11272381123630,11272381124341,711
11272381347712,11272381348306,594
11272381557494,11272381558206,712
11272381761890,11272381762415,525
11272381966370,11272381967103,733
11272382173902,11272382174508,606
11272382384519,11272382385238,719
11272382588799,11272382589414,615
11272382799110,11272382799855,745
11272383004141,11272383004740,599
11272383210135,11272383210879,744
11272383429390,11272383429996,606
11272383635869,11272383636619,750
11272383848139,11272383848768,629
11272384058100,11272384058842,742
11272384266414,11272384266974,560
11272384478085,11272384478831,746
11272384686585,11272384687249,664
11272384897424,11272384898158,734
11272385102672,11272385103262,590
11272385317895,11272385318638,743
11272385525025,11272385525634,609
11272385741165,11272385741938,773
11272385950650,11272385951249,599
11272386156783,11272386157548,765
11272386603533,11272386604182,649
11272386819612,11272386820472,860
11272387026937,11272387027544,607
11272387250364,11272387251054,690
11272387456990,11272387457619,629
11272387665354,11272387666092,738
11272387871862,11272387872430,568
11272388084049,11272388084792,743
11272388291510,11272388292118,608
11272388501133,11272388501907,774
11272388708254,11272388708888,634
11272388921850,11272388922590,740
11272389130687,11272389131318,631
11272389338405,11272389339155,750
11272389544231,11272389544844,613
11272389753336,11272389754093,757
11272389963077,11272389963677,600
11272390168959,11272390169692,733
11272390401801,11272390402386,585
11272390607189,11272390607931,742
11272390810461,11272390811014,553
11272391019648,11272391020427,779
11272391230231,11272391230787,556
11272391435576,11272391436303,727
11272391642526,11272391643130,604
11272391849018,11272391849739,721
11272392052580,11272392053182,602
11272392285729,11272392286487,758
11272392492294,11272392492926,632
11272392697704,11272392698431,727
11272392905178,11272392905770,592
11272393110333,11272393111070,737
11272393315899,11272393316496,597
11272393524211,11272393524946,735
11272393729392,11272393729991,599
11272393934673,11272393935398,725
11272394142225,11272394142868,643
11272394354686,11272394355373,687
11272394556572,11272394557110,538
11272394764634,11272394765367,733
11272394967383,11272394967971,588
11272395174800,11272395175528,728
11272395381644,11272395382195,551
11272395589896,11272395590614,718
11272395798916,11272395799541,625
11272396005020,11272396005752,732
11272396209129,11272396209710,581
11272396432221,11272396433007,786
11272396637022,11272396637627,605
11272396868824,11272396869596,772
11272397082872,11272397083476,604
11272397292709,11272397293489,780
11272397518525,11272397519067,542
11272397723068,11272397723779,711
11272397927652,11272397928245,593
11272398136087,11272398136812,725
11272398357385,11272398357937,552
11272398564480,11272398565184,704
11272398769821,11272398770380,559
11272398978366,11272398979130,764
11272399184839,11272399185442,603
11272399399703,11272399400425,722
11272399601767,11272399602343,576
11272399808345,11272399809087,742
11272400014624,11272400015190,566
11272400223542,11272400224260,718
11272400432991,11272400433545,554
11272400641465,11272400642189,724
11272400844692,11272400845297,605
11272401051044,11272401051767,723
11272401257873,11272401258492,619
11272401463312,11272401464050,738
11272401664973,11272401665559,586
11272401872235,11272401872971,736
11272402074539,11272402075106,567
11272402286016,11272402286759,743
11272402494270,11272402494920,650
11272402699747,11272402700511,764
11272402901672,11272402902296,624
11272403360338,11272403361130,792
11272403569444,11272403570072,628
11272403777662,11272403778400,738
11272403981141,11272403981727,586
11272404185601,11272404186327,726
11272404392785,11272404393421,636
11272404598094,11272404598783,689
11272404801391,11272404801996,605
11272405008997,11272405009737,740
11272405214643,11272405215272,629
11272405418236,11272405418979,743
11272405628701,11272405629343,642
11272405834117,11272405834852,735
11272406037538,11272406038189,651
11272406253449,11272406254234,785
11272406458311,11272406458885,574
11272406666049,11272406666809,760
11272406874684,11272406875276,592
11272407082794,11272407083522,728
11272407306235,11272407306864,629
11272407520520,11272407521266,746
11272407727115,11272407727721,606
11272407935705,11272407936461,756
11272408147424,11272408148084,660
11272408364324,11272408365078,754
11272408567158,11272408567749,591
11272408778414,11272408779147,733
11272408986903,11272408987487,584
11272409194649,11272409195354,705
11272409403450,11272409404072,622
11272409611445,11272409612192,747
11272409815383,11272409815988,605
11272410024449,11272410025205,756
11272410233488,11272410234057,569
11272410442864,11272410443594,730
11272410651682,11272410652311,629
11272410859992,11272410860715,723
11272411069193,11272411069808,615
11272411281970,11272411282730,760
11272411487023,11272411487582,559
11272411697528,11272411698267,739
11272411904202,11272411904758,556
11272412111099,11272412111807,708
11272412336550,11272412337179,629
11272412548189,11272412548949,760
11272412753072,11272412753702,630
11272412961432,11272412962211,779
11272413164517,11272413165121,604
11272413379795,11272413380510,715
11272413586060,11272413586676,616
11272413790969,11272413791686,717
11272413993909,11272413994493,584
11272414206061,11272414206823,762
11272414412685,11272414413267,582
11272414621317,11272414622027,710
11272414830035,11272414830615,580
11272415033934,11272415034670,736
11272415238082,11272415238683,601
11272415449557,11272415450307,750
11272415665292,11272415665929,637
11272415874342,11272415875063,721
11272416082293,11272416082915,622
11272416299831,11272416300584,753
11272416505435,11272416506071,636
11272416715665,11272416716403,738
11272416920419,11272416920986,567
11272417135503,11272417136285,782
11272417351544,11272417352126,582
11272417557860,11272417558600,740
11272417767729,11272417768328,599
11272417974547,11272417975291,744
11272418182043,11272418182652,609
11272418396690,11272418397446,756
11272418602021,11272418602624,603
11272418808556,11272418809250,694
11272419021678,11272419022319,641
11272419232657,11272419233409,752
11272419434915,11272419435495,580
11272419646608,11272419647382,774
11272420076964,11272420077556,592
11272420289933,11272420290716,783
11272420505714,11272420506370,656
11272420711226,11272420711939,713
11272420913698,11272420914297,599
11272421125613,11272421126350,737
11272421330775,11272421331368,593
11272421541540,11272421542264,724
11272421751117,11272421751694,577
11272421957840,11272421958562,722
11272422167016,11272422167597,581
11272422385737,11272422386469,732
11272422591443,11272422592043,600
11272422798829,11272422799565,736
11272423011351,11272423011977,626
11272423221438,11272423222178,740
11272423426556,11272423427122,566
11272423637897,11272423638647,750
11272423844224,11272423844763,539
11272424053713,11272424054439,726
11272424277433,11272424278018,585
11272424483093,11272424483874,781
11272424694829,11272424695402,573
11272424902310,11272424903068,758
11272425108595,11272425109157,562
11272425320388,11272425321153,765
11272425526010,11272425526587,577
11272425739150,11272425739864,714
11272425947520,11272425948183,663
11272426158431,11272426159160,729
11272426364739,11272426365274,535
11272426575662,11272426576404,742
11272426778591,11272426779132,541
11272426983134,11272426983876,742
11272427190122,11272427190737,615
11272427400007,11272427400737,730
11272427604022,11272427604617,595
11272427815801,11272427816589,788
11272428022478,11272428023082,604
11272428233525,11272428234273,748
11272428462622,11272428463248,626
11272428669740,11272428670511,771
11272428880608,11272428881253,645
11272429094167,11272429094893,726
11272429303705,11272429304349,644
11272429513247,11272429513977,730
11272429723037,11272429723680,643
11272429930026,11272429930741,715
11272430135901,11272430136517,616
11272430346990,11272430347748,758
11272430593037,11272430593707,670
11272430822820,11272430823659,839
11272431029539,11272431030104,565
11272431240123,11272431240895,772
11272431449001,11272431449622,621
11272431655008,11272431655759,751
11272431858990,11272431859595,605
11272432067397,11272432068185,788
11272432303737,11272432304362,625
11272432515904,11272432516703,799
11272432725842,11272432726441,599
11272432932342,11272432933080,738
11272433136909,11272433137504,595
11272433359965,11272433360733,768
11272433563570,11272433564191,621
11272433768031,11272433768750,719
11272433974843,11272433975486,643
11272434180860,11272434181624,764
11272434384633,11272434385247,614
11272434592910,11272434593658,748
11272434796180,11272434796771,591
11272435001745,11272435002476,731
11272435209162,11272435209738,576
11272435414891,11272435415605,714
11272435623326,11272435623931,605
11272435833124,11272435833922,798
11272436038238,11272436038811,573
11272436251744,11272436252432,688
11272436692051,11272436692646,595
11272436904469,11272436905214,745
11272437108152,11272437108740,588
11272437335900,11272437336641,741
11272437540252,11272437540845,593
11272437756225,11272437756980,755
11272437959722,11272437960276,554
11272438164959,11272438165625,666
11272438375864,11272438376471,607
11272438580914,11272438581678,764
11272438783975,11272438784587,612
11272438997351,11272438998130,779
11272439212336,11272439212916,580
11272439417738,11272439418445,707
11272439625614,11272439626181,567
11272439831850,11272439832584,734
11272440036582,11272440037127,545
11272440248972,11272440249698,726
11272440454187,11272440454754,567
11272440659166,11272440659898,732
11272440865239,11272440865833,594
11272441071856,11272441072605,749
11272441277313,11272441277917,604
11272441502073,11272441502802,729
11272441706630,11272441707239,609
11272441911410,11272441912149,739
11272442118463,11272442119058,595
11272442329184,11272442329957,773
11272442533561,11272442534168,607
11272442743392,11272442744156,764
11272442946926,11272442947532,606
11272443152444,11272443153208,764
11272443359899,11272443360506,607
11272443564897,11272443565626,729
11272443769440,11272443770039,599
11272443978490,11272443979222,732
11272444182343,11272444182879,536
11272444395610,11272444396356,746
11272444600247,11272444600813,566
11272444804619,11272444805317,698
11272445012500,11272445013115,615
11272445218630,11272445219361,731
11272445422680,11272445423222,542
11272445636456,11272445637191,735
11272445841073,11272445841650,577
11272446044846,11272446045531,685
11272446251661,11272446252249,588
11272446475604,11272446476290,686
11272446684081,11272446684635,554
11272446892615,11272446893356,741
11272447096448,11272447096997,549
11272447302088,11272447302850,762
11272447509530,11272447510141,611
11272447716194,11272447716870,676
11272447919261,11272447919864,603
11272448127643,11272448128388,745
11272448340703,11272448341268,565
11272448550353,11272448551079,726
11272448758520,11272448759156,636
11272448968938,11272448969694,756
11272449173129,11272449173747,618
11272449397378,11272449398123,745
11272449600933,11272449601525,592
11272449806471,11272449807202,731
11272450014603,11272450015224,621
11272450220250,11272450220962,712
11272450438510,11272450439067,557
11272450647711,11272450648456,745
11272450852475,11272450853097,622
11272451061070,11272451061828,758
11272451264369,11272451264972,603
11272451485044,11272451485744,700
11272451693939,11272451694555,616
11272451899099,11272451899801,702
11272452101560,11272452102134,574
11272452314557,11272452315305,748
11272452519890,11272452520528,638
11272452956918,11272452957688,770
11272453170257,11272453170854,597
11272453374445,11272453375178,733
11272453577379,11272453577941,562
11272453785963,11272453786706,743
11272453989821,11272453990413,592
11272454194949,11272454195661,712
11272454410243,11272454410862,619
11272454616603,11272454617319,716
11272454819379,11272454819978,599
11272455027607,11272455028320,713
11272455231141,11272455231732,591
11272455436040,11272455436700,660
11272455648258,11272455648877,619
11272455856616,11272455857335,719
11272456060317,11272456060890,573
11272456267872,11272456268625,753
11272456471346,11272456471920,574
11272456675106,11272456675792,686
11272456881465,11272456882083,618
11272457085075,11272457085780,705
11272457286870,11272457287479,609
11272457495986,11272457496764,778
11272457698604,11272457699204,600
11272457909855,11272457910611,756
11272458113177,11272458113771,594
11272458316655,11272458317375,720
11272458523338,11272458523936,598
11272458727938,11272458728692,754
11272458935649,11272458936229,580
11272459144645,11272459145373,728
11272459348341,11272459348923,582
11272459554999,11272459555690,691
11272459761720,11272459762283,563
11272459966011,11272459966700,689
11272460169154,11272460169749,595
11272460376903,11272460377633,730
11272460607889,11272460608501,612
11272460818739,11272460819450,711
11272461021519,11272461022118,599
11272461227139,11272461227859,720
11272461432309,11272461432892,583
11272461636251,11272461636966,715
11272461840910,11272461841488,578
11272462049363,11272462050099,736
11272462255738,11272462256323,585
11272462465250,11272462465946,696
11272462671329,11272462671936,607
11272462875203,11272462875900,697
11272463079845,11272463080411,566
11272463286041,11272463286796,755
11272463488098,11272463488666,568
11272463694168,11272463694893,725
11272463900049,11272463900632,583
11272464103718,11272464104390,672
11272464308897,11272464309472,575
11272464520705,11272464521430,725
11272464723473,11272464724087,614
11272464930613,11272464931377,764
11272465135532,11272465136109,577
11272465339149,11272465339884,735
11272465562747,11272465563373,626
11272465771224,11272465771983,759
11272465974390,11272465974989,599
11272466181258,11272466181964,706
11272466382523,11272466383124,601
11272466585701,11272466586441,740
11272466790202,11272466790834,632
11272466994159,11272466994856,697
11272467196683,11272467197244,561
11272467428146,11272467428888,742
11272467630857,11272467631456,599
11272467834875,11272467835593,718
11272468039791,11272468040395,604
11272468258501,11272468259186,685
11272468460472,11272468461085,613
11272468667781,11272468668534,753
11272468869761,11272468870367,606
11272469079232,11272469079954,722
11272469527437,11272469528072,635
11272469743314,11272469744061,747
11272469945578,11272469946208,630
11272470153628,11272470154382,754
11272470358378,11272470358964,586
11272470560718,11272470561426,708
11272470765586,11272470766190,604
11272470968846,11272470969577,731
11272471169406,11272471169988,582
11272471379545,11272471380265,720
11272471580960,11272471581525,565
11272471784654,11272471785374,720
11272471988507,11272471989132,625
11272472191222,11272472191955,733
11272472428457,11272472429023,566
11272472636508,11272472637219,711
11272472841748,11272472842315,567
11272473050394,11272473051121,727
11272473254349,11272473254930,581
11272473458576,11272473459277,701
11272473666831,11272473667426,595
11272473870784,11272473871463,679
11272474074259,11272474074793,534
11272474281113,11272474281838,725
11272474483384,11272474483968,584
11272474686155,11272474686853,698
11272474891870,11272474892464,594
11272475095586,11272475096296,710
11272475305608,11272475306160,552
11272475512306,11272475513036,730
11272475722376,11272475722976,600
11272475928071,11272475928758,687
11272476133570,11272476134201,631
11272476338787,11272476339498,711
11272476540997,11272476541591,594
11272476748681,11272476749402,721
11272476952471,11272476953094,623
11272477157287,11272477157977,690
11272477373243,11272477373872,629
11272477580049,11272477580740,691
11272477781734,11272477782322,588
11272477988772,11272477989508,736
11272478190839,11272478191455,616
11272478397179,11272478397920,741
11272478603585,11272478604248,663
11272478808136,11272478808850,714
11272479017575,11272479018194,619
11272479226746,11272479227460,714
11272479429593,11272479430160,567
11272479636301,11272479637034,733
11272479839481,11272479840068,587
11272480041514,11272480042221,707
11272480247166,11272480247753,587
11272480451286,11272480451995,709
11272480653876,11272480654424,548
11272480862677,11272480863423,746
11272481064624,11272481065192,568
11272481273452,11272481274149,697
11272481479058,11272481479639,581
11272481683017,11272481683738,721
11272481884901,11272481885500,599
11272482092162,11272482092923,761
11272482299727,11272482300354,627
11272482504650,11272482505351,701
11272482710573,11272482711186,613
11272482913451,11272482914158,707
11272483115448,11272483116023,575
11272483322432,11272483323189,757
11272483525828,11272483526405,577
11272483730293,11272483731005,712
11272483936046,11272483936619,573
11272484140160,11272484140909,749
11272484353033,11272484353601,568
11272484560137,11272484560869,732
11272484763582,11272484764163,581
11272484966840,11272484967586,746
11272485173106,11272485173694,588
11272485378493,11272485379212,719
11272485586129,11272485586722,593
11272486023199,11272486023907,708
11272486232104,11272486232713,609
11272486449093,11272486449810,717
11272486652607,11272486653194,587
11272486857118,11272486857832,714
11272487062591,11272487063224,633
11272487268472,11272487269210,738
11272487471173,11272487471747,574
11272487684235,11272487685001,766
11272487888537,11272487889134,597
11272488093344,11272488094100,756
11272488301470,11272488302019,549
11272488507770,11272488508497,727
11272488710494,11272488711076,582
11272488922509,11272488923254,745
11272489127581,11272489128174,593
11272489334202,11272489334945,743
11272489539294,11272489539909,615
11272489744029,11272489744782,753
11272489946575,11272489947166,591
11272490154045,11272490154801,756
11272490358268,11272490358842,574
11272490565773,11272490566495,722
11272490772025,11272490772609,584
11272490977624,11272490978360,736
11272491179895,11272491180495,600
11272491409153,11272491409902,749
11272491612346,11272491612909,563
11272491816765,11272491817472,707
11272492023062,11272492023659,597
11272492233293,11272492234055,762
11272492441162,11272492441780,618
11272492651581,11272492652303,722
11272492854991,11272492855555,564
11272493063098,11272493063836,738
11272493266275,11272493266876,601
11272493469996,11272493470741,745
11272493675271,11272493675860,589
11272493881376,11272493882091,715
11272494085596,11272494086215,619
11272494304257,11272494305032,775
11272494508129,11272494508720,591
11272494712234,11272494712969,735
11272494919494,11272494920113,619
11272495124817,11272495125516,699
11272495330138,11272495330672,534
11272495553517,11272495554276,759
11272495758686,11272495759311,625
11272495964683,11272495965351,668
11272496170770,11272496171334,564
11272496376545,11272496377223,678
11272496578732,11272496579320,588
11272496787026,11272496787743,717
11272496991838,11272496992425,587
11272497194753,11272497195434,681
11272497404474,11272497405065,591
11272497609616,11272497610317,701
11272497811988,11272497812605,617
11272498020748,11272498021473,725
11272498223882,11272498224449,567
11272498427608,11272498428343,735
11272498633884,11272498634488,604
11272498838394,11272498839071,677
11272499046526,11272499047105,579
11272499256220,11272499256931,711
11272499459429,11272499460003,574
11272499668038,11272499668731,693
11272499872380,11272499872945,565
11272500077807,11272500078502,695
11272500284049,11272500284625,576
11272500512180,11272500512928,748
11272500718265,11272500718840,575
11272500928833,11272500929574,741
11272501133722,11272501134288,566
11272501339283,11272501340005,722
11272501545741,11272501546330,589
11272501752098,11272501752823,725
11272501955609,11272501956169,560
11272502395037,11272502395807,770
11272502603544,11272502604149,605
11272502810090,11272502810801,711
11272503017712,11272503018308,596
11272503222836,11272503223567,731
11272503440315,11272503440864,549
11272503648879,11272503649619,740
11272503855272,11272503855837,565
11272504061173,11272504061924,751
11272504269329,11272504269983,654
11272504482400,11272504483120,720
11272504686672,11272504687287,615
11272504896301,11272504897035,734
11272505101885,11272505102510,625
11272505306531,11272505307269,738
11272505517353,11272505517942,589
11272505763593,11272505764458,865
11272506001550,11272506002244,694
11272506240470,11272506241288,818
11272506490338,11272506491012,674
11272506788040,11272506788914,874
11272507041153,11272507041851,698
11272507293804,11272507294654,850
11272507532016,11272507532723,707
11272507767579,11272507768413,834
11272508000548,11272508001246,698
11272508244432,11272508245248,816
11272508492655,11272508493323,668
11272508730110,11272508730926,816
11272508987123,11272508987750,627
11272509233806,11272509234620,814
11272509467611,11272509468287,676
11272509705340,11272509706156,816
11272509939424,11272509940130,706
11272510173003,11272510173811,808
11272510417501,11272510418174,673
11272510653584,11272510654396,812
11272510886535,11272510887188,653
11272511123502,11272511124303,801
11272511356780,11272511357425,645
11272511599776,11272511600548,772
11272511836325,11272511837009,684
11272512068643,11272512069469,826
11272512333646,11272512334300,654
11272512576288,11272512577101,813
11272512810879,11272512811543,664
11272513044635,11272513045433,798
11272513280623,11272513281295,672
11272513516068,11272513516872,804
11272513747406,11272513748075,669
11272513985175,11272513985999,824
11272514218797,11272514219467,670
11272514455476,11272514456278,802
11272514688632,11272514689300,668
11272514923998,11272514924780,782
11272515162338,11272515162988,650
11272515399653,11272515400450,797
11272515694822,11272515695504,682
11272515941642,11272515942530,888
11272516177101,11272516177808,707
11272516421022,11272516421849,827
11272516658744,11272516659410,666
11272516893829,11272516894649,820
11272517130978,11272517131650,672
11272517389022,11272517389849,827
11272517621431,11272517622140,709
11272517854401,11272517855198,797
11272518090600,11272518091281,681
11272518337409,11272518338244,835
11272518569297,11272518569949,652
11272518807118,11272518807933,815
11272519046155,11272519046819,664
11272519297958,11272519298767,809
11272519535206,11272519535862,656
11272519769283,11272519770109,826
11272520002067,11272520002783,716
11272520238455,11272520239279,824
11272520474861,11272520475509,648
11272520942099,11272520942920,821
11272521179942,11272521180574,632
11272521416240,11272521417058,818
11272521648272,11272521648974,702
11272521884991,11272521885819,828
11272522115998,11272522116667,669
11272522369319,11272522370159,840
11272522602515,11272522603194,679
11272522837009,11272522837864,855
11272523072261,11272523072965,704
11272523309775,11272523310635,860
11272523541664,11272523542342,678
11272523777001,11272523777850,849
11272524008683,11272524009360,677
11272524240775,11272524241581,806
11272524475209,11272524475866,657
11272524708101,11272524708930,829
11272524938814,11272524939481,667
11272525174897,11272525175719,822
11272525406343,11272525407011,668
11272525676942,11272525677784,842
11272525911929,11272525912624,695
11272526149879,11272526150721,842
11272526384274,11272526384896,622
11272526616931,11272526617755,824
11272526861125,11272526861768,643
11272527100200,11272527101053,853
11272527344627,11272527345293,666
11272527580685,11272527581523,838
11272527812621,11272527813286,665
11272528043765,11272528044611,846
11272528277220,11272528277901,681
11272528511552,11272528512404,852
11272528741896,11272528742544,648
11272528985655,11272528986489,834
11272529235344,11272529235979,635
11272529466898,11272529467721,823
11272529703764,11272529704425,661
11272529938229,11272529939082,853
11272530169624,11272530170305,681
11272530414153,11272530414988,835
11272530647727,11272530648352,625
11272530879139,11272530879947,808
11272531111740,11272531112370,630
11272531356490,11272531357330,840
11272531587028,11272531587733,705
11272531822770,11272531823604,834
11272532052799,11272532053453,654
11272532292567,11272532293377,810
11272532527649,11272532528325,676
11272532760588,11272532761456,868
11272532991777,11272532992463,686
11272533228274,11272533229139,865
11272533459739,11272533460413,674
11272533691124,11272533691993,869
11272533924563,11272533925222,659
11272534155888,11272534156754,866
11272534386607,11272534387251,644
11272534621918,11272534622762,844
11272534852298,11272534852950,652
11272535083237,11272535084057,820
11272535322659,11272535323319,660
11272535561794,11272535562579,785
11272535794501,11272535795194,693
11272536031422,11272536032262,840
11272536262965,11272536263656,691
11272536515198,11272536516052,854
11272536750258,11272536750910,652
11272536983587,11272536984424,837
11272537214527,11272537215181,654
11272537450340,11272537451184,844
11272537681932,11272537682587,655
11272537913740,11272537914549,809
11272538147613,11272538148281,668
11272538395154,11272538395963,809
11272538630892,11272538631593,701
11272538862848,11272538863681,833
11272539102362,11272539102968,606
11272539342479,11272539343309,830
11272539809643,11272539810286,643
11272540045759,11272540046557,798
11272540279766,11272540280432,666
11272540512969,11272540513758,789
11272540743868,11272540744537,669
11272540980539,11272540981353,814
11272541212075,11272541212719,644
11272541442749,11272541443559,810
11272541677024,11272541677658,634
11272541910333,11272541911176,843
11272542141121,11272542141755,634
11272542386162,11272542386945,783
11272542617368,11272542618000,632
11272542847777,11272542848623,846
11272543086728,11272543087420,692
11272543319608,11272543320444,836
11272543549227,11272543549956,729
11272543787063,11272543787926,863
11272544018563,11272544019236,673
11272544250262,11272544251127,865
11272544486388,11272544487047,659
11272544719535,11272544720406,871
11272544951132,11272544951795,663
11272545186199,11272545186997,798
11272545417327,11272545418002,675
11272545656970,11272545657792,822
11272545893263,11272545893922,659
11272546126058,11272546126846,788
11272546360581,11272546361255,674
11272546592791,11272546593623,832
11272546823421,11272546824102,681
11272547059331,11272547060159,828
11272547289845,11272547290531,686
11272547521978,11272547522799,821
11272547756635,11272547757331,696
11272547988608,11272547989446,838
11272548218862,11272548219539,677
11272548454056,11272548454904,848
11272548684538,11272548685259,721
11272548925589,11272548926407,818
11272549160952,11272549161645,693
11272549393534,11272549394363,829
11272549623762,11272549624420,658
11272549859196,11272549859992,796
11272550091480,11272550092131,651
11272550323533,11272550324356,823
11272550558475,11272550559158,683
11272550792047,11272550792867,820
11272551022142,11272551022825,683
11272551257857,11272551258670,813
11272551488389,11272551489051,662
11272551720181,11272551721027,846
11272551955397,11272551956082,685
11272552187176,11272552187997,821
11272552429297,11272552429932,635
11272552666972,11272552667822,850
11272552899520,11272552900229,709
11272553135664,11272553136503,839
11272553375447,11272553376178,731
11272553608489,11272553609290,801
11272553844733,11272553845409,676
11272554078779,11272554079589,810
11272554311383,11272554312051,668
11272554547231,11272554548044,813
11272554779137,11272554779810,673
11272555012355,11272555013140,785
11272555248035,11272555248694,659
11272555480023,11272555480830,807
11272555716072,11272555716762,690
11272555954092,11272555954893,801
11272556185920,11272556186622,702
11272556418858,11272556419664,806
11272556655489,11272556656174,685
11272556888541,11272556889364,823
11272557122159,11272557122788,629
11272557359058,11272557359855,797
11272557593054,11272557593688,634
11272557827380,11272557828206,826
11272558291344,11272558291965,621
11272558526736,11272558527643,907
11272558758765,11272558759402,637
11272559002156,11272559002939,783
11272559236742,11272559237386,644
11272559471262,11272559472084,822
11272559705828,11272559706482,654
11272559938336,11272559939123,787
11272560169831,11272560170512,681
11272560410401,11272560411211,810
11272560642241,11272560642946,705
11272560874232,11272560875055,823
11272561110816,11272561111488,672
11272561344578,11272561345398,820
11272561581807,11272561582500,693
11272561814070,11272561814890,820
11272562046637,11272562047312,675
11272562289611,11272562316704,27093
11272562548190,11272562548859,669
11272562781018,11272562781844,826
11272563014588,11272563015292,704
11272563250342,11272563251005,663
11272563481768,11272563482610,842
11272563717044,11272563717739,695
11272563949780,11272563950443,663
11272564182089,11272564182722,633
11272564418583,11272564419410,827
11272564650294,11272564650961,667
11272564882678,11272564883524,846
11272565117082,11272565117753,671
11272565349341,11272565350174,833
11272565588864,11272565589461,597
11272565829177,11272565830012,835
11272566063548,11272566064197,649
11272566296753,11272566297584,831
11272566533629,11272566534277,648
11272566769985,11272566770845,860
11272567003891,11272567004580,689
11272567240454,11272567241110,656
11272567475523,11272567476340,817
11272567707062,11272567707739,677
11272567944810,11272567945624,814
11272568176061,11272568176687,626
11272568408166,11272568408962,796
11272568643353,11272568644019,666
11272568884170,11272568884944,774
11272569121431,11272569122092,661
11272569356507,11272569357143,636
11272569590676,11272569591517,841
11272569826518,11272569827193,675
11272570060447,11272570061270,823
11272570293391,11272570294067,676
11272570530096,11272570530909,813
11272570762499,11272570763163,664
11272570995422,11272570996249,827
11272571230983,11272571231658,675
11272571464177,11272571465013,836
11272571697392,11272571698049,657
11272571932490,11272571933306,816
11272572166254,11272572166918,664
11272572402735,11272572403407,672
11272572639615,11272572640280,665
11272572872835,11272572873675,840
11272573105064,11272573105736,672
11272573341869,11272573342716,847
11272573573521,11272573574214,693
11272573807106,11272573807776,670
11272574043464,11272574044092,628
11272574290737,11272574291574,837
11272574522215,11272574522864,649
11272574759754,11272574760419,665
11272574992952,11272574993778,826
11272575225139,11272575225822,683
11272575482263,11272575482927,664
11272575722521,11272575723351,830
11272575955848,11272575956508,660
11272576193530,11272576194212,682
11272576427324,11272576428170,846
11272576889499,11272576890152,653
11272577126666,11272577127519,853
11272577360115,11272577360819,704
11272577596471,11272577597145,674
11272577829194,11272577830016,822
11272578059876,11272578060576,700
11272578296129,11272578296995,866
11272578533183,11272578533867,684
11272578766392,11272578767250,858
11272579009367,11272579010064,697
11272579243614,11272579244450,836
11272579485547,11272579486220,673
11272579722186,11272579723012,826
11272579953117,11272579953808,691
11272580187237,11272580187895,658
11272580424031,11272580424879,848
11272580655683,11272580656329,646
11272580891440,11272580892095,655
11272581128732,11272581129412,680
11272581362241,11272581362876,635
11272581595601,11272581596450,849
11272581830447,11272581831084,637
11272582063226,11272582063879,653
11272582303101,11272582303722,621
11272582542096,11272582542732,636
11272582776780,11272582777392,612
11272583011196,11272583011862,666
11272583248157,11272583248810,653
11272583481377,11272583482065,688
11272583714019,11272583714684,665
11272583952464,11272583953113,649
11272584187085,11272584187940,855
11272584423508,11272584424180,672
11272584655981,11272584656651,670
11272584889424,11272584890071,647
11272585126677,11272585127346,669
11272585359865,11272585360734,869
11272585599858,11272585600558,700
11272585839317,11272585840172,855
11272586072946,11272586073670,724
11272586306508,11272586307196,688
11272586544382,11272586545242,860
11272586776688,11272586777409,721
11272587009665,11272587010503,838
11272587244670,11272587245370,700
11272587477534,11272587478214,680
11272587710652,11272587711502,850
11272587946867,11272587947555,688
11272588180247,11272588180902,655
11272588413369,11272588414181,812
11272588653668,11272588654370,702
11272588893816,11272588894452,636
11272589127085,11272589127944,859
11272589378129,11272589378808,679
11272589612985,11272589613654,669
11272589848017,11272589848650,633
11272590084761,11272590085641,880
11272590333537,11272590334266,729
11272590566560,11272590567203,643
11272590804368,11272590805002,634
11272591037163,11272591037776,613
11272591271345,11272591271974,629
11272591508643,11272591509269,626
11272591741504,11272591742120,616
11272591977036,11272591977640,604
11272592217400,11272592218169,769
11272592450172,11272592450843,671
11272592691673,11272592692332,659
11272592945500,11272592946163,663
11272593187597,11272593188227,630
11272593427659,11272593428280,621
11272593661448,11272593662121,673
11272593896023,11272593897014,991
11272594132868,11272594133571,703
11272594368531,11272594369224,693
11272594613273,11272594613903,630
11272594869498,11272594870368,870
11272595089748,11272595090398,650
11272595597665,11272595598330,665
11272595815891,11272595816456,565
11272596035128,11272596035702,574
11272596244113,11272596244645,532
11272596455272,11272596455849,577
11272596663185,11272596663784,599
11272596869610,11272596870136,526
11272597080169,11272597080713,544
11272597313747,11272597314288,541
11272597522696,11272597523285,589
11272597728954,11272597729500,546
11272597936306,11272597936870,564
11272598143571,11272598144162,591
11272598348142,11272598348726,584
11272598554637,11272598555220,583
11272598763150,11272598763690,540
11272598974571,11272598975153,582
11272599183776,11272599184316,540
11272599397757,11272599398293,536
11272599603500,11272599604018,518
11272599810393,11272599810903,510
11272600017804,11272600018282,478
11272600221405,11272600221908,503
11272600428784,11272600429327,543
11272600636036,11272600636573,537
11272600840563,11272600843532,2969
11272601049663,11272601050209,546
11272601258405,11272601258991,586
11272601473287,11272601473854,567
11272601683350,11272601683875,525
11272601887481,11272601887994,513
11272602091197,11272602091705,508
11272602304916,11272602305462,546
11272602509733,11272602510235,502
11272602717145,11272602717670,525
11272602929688,11272602930236,548
11272603137289,11272603137797,508
11272603351580,11272603352090,510
11272603564987,11272603565522,535
11272603772355,11272603772851,496
11272603979068,11272603979597,529
11272604188827,11272604189333,506
11272604402913,11272604403422,509
11272604611316,11272604611813,497
11272604831761,11272604832276,515
11272605043198,11272605043755,557
11272605252848,11272605253340,492
11272605466727,11272605467242,515
11272605675975,11272605676505,530
11272605880890,11272605881366,476
11272606094450,11272606094968,518
11272606312199,11272606312663,464
11272606519548,11272606520106,558
11272606731801,11272606732321,520
11272606939439,11272606939951,512
11272607145174,11272607145675,501
11272607355493,11272607356012,519
11272607562615,11272607563115,500
11272607772457,11272607772952,495
11272607978666,11272607979148,482
11272608186879,11272608187352,473
11272608401056,11272608401583,527
11272608612002,11272608612517,515
11272608817703,11272608818169,466
11272609032224,11272609032764,540
11272609240508,11272609241023,515
11272609446018,11272609446511,493
11272609654290,11272609654854,564
11272609857663,11272609858144,481
11272610062791,11272610063332,541
11272610288532,11272610289073,541
11272610499188,11272610499691,503
11272610707979,11272610708484,505
11272610921357,11272610921835,478
11272611130916,11272611131378,462
11272611343170,11272611343654,484
11272611556777,11272611557297,520
11272611995943,11272611996419,476
11272612215551,11272612216081,530
11272612431096,11272612431606,510
11272612637639,11272612638154,515
11272612844353,11272612844911,558
11272613055409,11272613055961,552
11272613264258,11272613264783,525
11272613469666,11272613470187,521
11272613680296,11272613680818,522
11272613886511,11272613887008,497
11272614091516,11272614092037,521
11272614302213,11272614302786,573
11272614508703,11272614509255,552
11272614717809,11272614718319,510
11272614925405,11272614925932,527
11272615136302,11272615136815,513
11272615349797,11272615350333,536
11272615564119,11272615564660,541
11272615775179,11272615775667,488
11272615986644,11272615987151,507
11272616192350,11272616192816,466
11272616401663,11272616402160,497
11272616614419,11272616614911,492
11272616822119,11272616822607,488
11272617029387,11272617029882,495
11272617241394,11272617241914,520
11272617455002,11272617455506,504
11272617662209,11272617662705,496
11272617870178,11272617870735,557
11272618077634,11272618078155,521
11272618282630,11272618283181,551
11272618494226,11272618494748,522
11272618704380,11272618704882,502
11272618916620,11272618917181,561
11272619129634,11272619130142,508
11272619335851,11272619336354,503
11272619542625,11272619543136,511
11272619757129,11272619757646,517
11272619968500,11272619969034,534
11272620174582,11272620175084,502
11272620386096,11272620386633,537
11272620592283,11272620592778,495
11272620798438,11272620798950,512
11272621009075,11272621009586,511
11272621215888,11272621216392,504
11272621428633,11272621429172,539
11272621637298,11272621637802,504
11272621846921,11272621847421,500
11272622057344,11272622057866,522
11272622269942,11272622270481,539
11272622499760,11272622500269,509
11272622710698,11272622711195,497
11272622916621,11272622917143,522
11272623122932,11272623123468,536
11272623333711,11272623334251,540
11272623540131,11272623540632,501
11272623746862,11272623747357,495
11272623955357,11272623955922,565
11272624162474,11272624162997,523
11272624373678,11272624374208,530
11272624587730,11272624588315,585
11272624798414,11272624798956,542
11272625007280,11272625007801,521
11272625218661,11272625219215,554
11272625426744,11272625427231,487
11272625637935,11272625638518,583
11272625851234,11272625851811,577
11272626055251,11272626055815,564
11272626264774,11272626265273,499
11272626475661,11272626476180,519
11272626681975,11272626682483,508
11272626888186,11272626888713,527
11272627103804,11272627104327,523
11272627313846,11272627314376,530
11272627520240,11272627520773,533
11272627733131,11272627733687,556
11272627941066,11272627941605,539
11272628429781,11272628430338,557
11272628654089,11272628654654,565
11272628866941,11272628867467,526
11272629086123,11272629086721,598
11272629309824,11272629310380,556
11272629517968,11272629518488,520
11272629733958,11272629734512,554
11272629943183,11272629943679,496
11272630154228,11272630154791,563
11272630369002,11272630369514,512
11272630580637,11272630581157,520
11272630791925,11272630792438,513
11272631004542,11272631005032,490
11272631214572,11272631215082,510
11272631424827,11272631425354,527
11272631638371,11272631638877,506
11272631844795,11272631845334,539
11272632052285,11272632052816,531
11272632268185,11272632268747,562
11272632477605,11272632478126,521
11272632687843,11272632688366,523
11272632899140,11272632899653,513
11272633106466,11272633106998,532
11272633311065,11272633311579,514
11272633520722,11272633521209,487
11272633728618,11272633729150,532
11272633935765,11272633936254,489
11272634147690,11272634148207,517
11272634355306,11272634355822,516
11272634562873,11272634563362,489
11272634777812,11272634778312,500
11272634987598,11272634988095,497
11272635200668,11272635201198,530
11272635404753,11272635405236,483
11272635613604,11272635614160,556
11272635823843,11272635824387,544
11272636032128,11272636032659,531
11272636248127,11272636248650,523
11272636462412,11272636462997,585
11272636670663,11272636671199,536
11272636880066,11272636880635,569
11272637092802,11272637093347,545
11272637316582,11272637317146,564
11272637522093,11272637522621,528
11272637734757,11272637735340,583
11272637946136,11272637946705,569
11272638152933,11272638153445,512
11272638376045,11272638376594,549
11272638710840,11272638711539,699
11272638937234,11272638937890,656
11272639152975,11272639153596,621
11272639393253,11272639393827,574
11272639603322,11272639603841,519
11272639817586,11272639818086,500
11272640028232,11272640028761,529
11272640250693,11272640251218,525
11272640470399,11272640470941,542
11272640679315,11272640679816,501
11272640888018,11272640888599,581
11272641099608,11272641100189,581
11272641307117,11272641307672,555
11272641526830,11272641527365,535
11272641741993,11272641742573,580
11272641954137,11272641954656,519
11272642168252,11272642168823,571
11272642380427,11272642380960,533
11272642592021,11272642592569,548
11272642803486,11272642804029,543
11272643018206,11272643018735,529
11272643250134,11272643250678,544
11272643467240,11272643467752,512
11272643686530,11272643687033,503
11272643954308,11272643954992,684
11272644219843,11272644220541,698
11272644460334,11272644460933,599
11272644695960,11272644696565,605
11272644935464,11272644936089,625
11272645489386,11272645490532,1146
11272645758426,11272645759112,686
11272646026937,11272646027632,695
11272646282902,11272646283570,668
11272646519031,11272646519691,660
11272646757099,11272646757762,663
11272646991346,11272646991981,635
11272647224841,11272647225438,597
11272647463322,11272647463934,612
11272647697566,11272647698201,635
11272647930776,11272647931424,648
11272648167736,11272648168358,622
11272648402096,11272648402707,611
11272648635541,11272648636193,652
11272648878377,11272648879503,1126
11272649114831,11272649115480,649
11272649361172,11272649361784,612
11272649599884,11272649600480,596
11272649834356,11272649834953,597
11272650075953,11272650076585,632
11272650320980,11272650321623,643
11272650559567,11272650560209,642
11272650797924,11272650798565,641
11272651031716,11272651032316,600
11272651277701,11272651278318,617
11272651529427,11272651530317,890
11272651839025,11272651839741,716
11272652067835,11272652068692,857
11272652296473,11272652297270,797
11272652511468,11272652512248,780
11272652723233,11272652723887,654
11272652979605,11272652980451,846
11272653249036,11272653249782,746
11272653478257,11272653478951,694
11272653734897,11272653735757,860
11272653949940,11272653950606,666
11272654157670,11272654158276,606
11272654370020,11272654370748,728
11272654577674,11272654578232,558
11272654784430,11272654785010,580
11272654994481,11272654995079,598
11272655205821,11272655206359,538
11272655421684,11272655422392,708
11272655643100,11272655643763,663
11272655858149,11272655858711,562
11272656072825,11272656073581,756
11272656293908,11272656294657,749
11272656547945,11272656548463,518
11272656787630,11272656788632,1002
11272657059359,11272657060113,754
11272657398959,11272657399793,834
11272657653643,11272657654428,785
11272657929396,11272657930412,1016
11272658266022,11272658266815,793
11272658606917,11272658607621,704
11272658913615,11272658914860,1245
11272659206041,11272659206900,859
11272659514480,11272659515246,766
11272659792378,11272659793124,746
11272660049236,11272660049913,677
11272660311822,11272660312504,682
11272660585356,11272660585963,607
11272660840671,11272660841312,641
11272661100088,11272661100715,627
11272661347306,11272661347926,620
11272661589666,11272661590608,942
11272661839253,11272661839935,682
11272662087368,11272662088412,1044
11272662344089,11272662344813,724
11272662597862,11272662598561,699
11272662836596,11272662837320,724
11272663075345,11272663075976,631
11272663316179,11272663316839,660
11272663555406,11272663556086,680
11272663792188,11272663793066,878
11272664041249,11272664041958,709
11272664279026,11272664279886,860
11272664821389,11272664822150,761
11272665068752,11272665069415,663
11272665309520,11272665310162,642
11272665559511,11272665560127,616
11272665797614,11272665798254,640
11272666038445,11272666039114,669
11272666279189,11272666279875,686
11272666516034,11272666516679,645
11272666762719,11272666763571,852
11272667000054,11272667000767,713
11272667236035,11272667240064,4029
11272667541129,11272667541978,849
11272667813909,11272667814595,686
11272668131241,11272668132162,921
11272668374877,11272668375611,734
11272668611233,11272668612099,866
11272668850565,11272668851234,669
11272669098709,11272669099570,861
11272669336319,11272669337052,733
11272669588479,11272669589161,682
11272669828331,11272669829156,825
11272670083967,11272670084658,691
11272670316963,11272670317768,805
11272670552552,11272670553190,638
11272670786758,11272670787589,831
11272671018536,11272671019209,673
11272671255017,11272671255854,837
11272671495830,11272671496732,902
11272671755265,11272671755963,698
11272671998409,11272671999238,829
11272672269591,11272672270263,672
11272672560188,11272672561081,893
11272672857398,11272672858207,809
11272673156556,11272673157637,1081
11272673472116,11272673472839,723
11272673759119,11272673760087,968
11272674023608,11272674024378,770
11272674309122,11272674310221,1099
11272674593658,11272674594554,896
11272674864639,11272674865622,983
11272675129915,11272675130604,689
11272675403545,11272675404234,689
11272675766647,11272675767625,978
11272676038076,11272676038905,829
11272676291381,11272676292190,809
11272676536119,11272676536692,573
11272676776252,11272676777117,865
11272676997058,11272676997712,654
11272677215827,11272677216567,740
11272677440281,11272677440827,546
11272677665627,11272677666431,804
11272677906869,11272677907585,716
11272678132872,11272678133556,684
11272678354859,11272678355450,591
11272678564638,11272678565374,736
11272678776435,11272678777012,577
11272678996180,11272678996829,649
11272679208398,11272679209059,661
11272679431337,11272679432092,755
11272679637882,11272679638505,623
11272679852190,11272679852935,745
11272680061525,11272680062139,614
11272680269317,11272680270054,737
11272680475324,11272680475937,613
11272680685509,11272680686252,743
11272680891115,11272680891734,619
11272681098090,11272681098754,664
11272681309293,11272681309866,573
11272681533014,11272681533790,776
11272681741044,11272681741669,625
11272681952675,11272681953252,577
11272682160805,11272682161517,712
11272682372506,11272682373132,626
11272682584579,11272682585303,724
11272682790456,11272682791052,596
11272683010022,11272683010541,519
11272683301776,11272683302498,722
11272683885917,11272683886527,610
11272684115583,11272684116330,747
11272684323998,11272684324637,639
11272684531500,11272684532223,723
11272684741159,11272684741782,623
11272684950643,11272684951415,772
11272685156528,11272685157135,607
11272685370685,11272685371469,784
11272685602050,11272685602673,623
11272685840159,11272685840748,589
11272686050806,11272686051391,585
11272686256603,11272686257362,759
11272686458059,11272686458718,659
11272686666130,11272686666859,729
11272686869432,11272686869997,565
11272687073130,11272687073864,734
11272687279314,11272687279911,597
11272687485289,11272687486042,753
11272687717722,11272687718332,610
11272687943400,11272687944211,811
11272688150572,11272688151154,582
11272688361103,11272688361846,743
11272688570152,11272688570732,580
11272688777902,11272688778641,739
11272689021761,11272689022371,610
11272689258914,11272689259648,734
11272689463954,11272689464540,586
11272689669511,11272689670267,756
11272689877374,11272689877987,613
11272690082885,11272690083594,709
11272690289978,11272690290530,552
11272690512521,11272690513238,717
11272690718809,11272690719408,599
11272690928764,11272690929471,707
11272691132278,11272691132845,567
11272691341109,11272691341817,708
11272691549594,11272691550260,666
11272691755385,11272691756103,718
11272691959266,11272691959824,558
11272692168945,11272692169644,699
11272692409944,11272692410558,614
11272692632990,11272692633731,741
11272692869843,11272692870427,584
11272693078178,11272693078911,733
11272693282469,11272693283005,536
11272693490989,11272693491708,719
11272693694038,11272693694682,644
11272693900145,11272693900892,747
11272694107230,11272694107849,619
11272694313763,11272694314473,710
11272694516239,11272694516859,620
11272694724005,11272694724731,726
11272694926477,11272694927060,583
11272695130600,11272695131307,707
11272695338898,11272695339485,587
11272695564533,11272695565259,726
11272695773769,11272695774354,585
11272695983286,11272695984018,732
11272696189005,11272696189547,542
11272696395369,11272696396082,713
11272696683518,11272696684195,677
11272696935429,11272696936326,897
11272697160136,11272697160796,660
11272697380866,11272697381642,776
11272697586833,11272697587450,617
11272697799185,11272697799977,792
11272698005672,11272698006293,621
11272698266644,11272698267511,867
11272698495315,11272698495970,655
11272698724029,11272698724831,802
11272698958653,11272698959284,631
11272699176756,11272699177541,785
11272699402696,11272699403348,652
11272699625457,11272699626229,772
11272699850425,11272699851126,701
11272700064269,11272700065018,749
11272700270007,11272700270599,592
11272700498009,11272700498767,758
11272700711955,11272700712554,599
11272700930032,11272700930757,725
11272701149978,11272701150603,625
11272701369251,11272701370018,767
11272701585851,11272701586441,590
11272701904378,11272701905170,792
11272702129031,11272702129644,613
11272702356592,11272702357336,744
11272702576608,11272702577248,640
11272702794815,11272702795531,716
11272703013271,11272703013900,629
11272703232485,11272703233219,734
11272703453567,11272703454162,595
11272703672126,11272703672855,729
11272703890311,11272703890918,607
11272704110744,11272704112463,1719
11272704332188,11272704332782,594
11272704549843,11272704550568,725
11272704766376,11272704766947,571
11272704984879,11272704985656,777
11272705204464,11272705205075,611
11272705422937,11272705423693,756
11272705643965,11272705644664,699
11272705866852,11272705867658,806
11272706097330,11272706097978,648
11272706324835,11272706325598,763
11272706540638,11272706541241,603
11272706761378,11272706762144,766
11272706979241,11272706979841,600
11272707196986,11272707197763,777
11272707412814,11272707413426,612
11272707635918,11272707636719,801
11272707850498,11272707851193,695
11272708069161,11272708069908,747
11272708283630,11272708284247,617
11272708501946,11272708502727,781
11272708719589,11272708720194,605
11272708942443,11272708943209,766
11272709175503,11272709176066,563
11272709393428,11272709394191,763
11272709612838,11272709613438,600
11272709839374,11272709840124,750
11272710057215,11272710057788,573
11272710277416,11272710278169,753
11272710492681,11272710493331,650
11272710710127,11272710710876,749
11272710925574,11272710926170,596
11272711142378,11272711143097,719
11272711358232,11272711358784,552
11272711576596,11272711577376,780
11272711793182,11272711793752,570
11272712013689,11272712014452,763
11272712233436,11272712234052,616
11272712451526,11272712452274,748
11272712667916,11272712668529,613
11272712886181,11272712886959,778
11272713100368,11272713100952,584
11272713321366,11272713322125,759
11272713534820,11272713535414,594
11272713753768,11272713754513,745
11272713969106,11272713969738,632
11272714185352,11272714186097,745
11272714420477,11272714421106,629
11272714640861,11272714641598,737
11272714856727,11272714857356,629
11272715072116,11272715072882,766
11272715287963,11272715288550,587
11272715503993,11272715504757,764
11272715726311,11272715726917,606
11272715942661,11272715943399,738
11272716157827,11272716158358,531
11272716388161,11272716388877,716
11272716605506,11272716606075,569
11272716822721,11272716823464,743
11272717037361,11272717037968,607
11272717255211,11272717255970,759
11272717474129,11272717474720,591
11272717929008,11272717929766,758
11272718151228,11272718151772,544
11272718363424,11272718364166,742
11272718570506,11272718571074,568
11272718779564,11272718780292,728
11272718989656,11272718990262,606
11272719202696,11272719203409,713
11272719424420,11272719424993,573
11272719629473,11272719630240,767
11272719837084,11272719837707,623
11272720045052,11272720045793,741
11272720249836,11272720250415,579
11272720472669,11272720473381,712
11272720675929,11272720676531,602
11272720881012,11272720881717,705
11272721087428,11272721088037,609
11272721293954,11272721294678,724
11272721501277,11272721501852,575
11272721710299,11272721711003,704
11272721914153,11272721914712,559
11272722118646,11272722119376,730
11272722330750,11272722331367,617
11272722538201,11272722538947,746
11272722740829,11272722741456,627
11272722949190,11272722949910,720
11272723152805,11272723153408,603
11272723357314,11272723358022,708
11272723565380,11272723565967,587
11272723769859,11272723770580,721
11272723972686,11272723973292,606
11272724180896,11272724181616,720
11272724383703,11272724384259,556
11272724586653,11272724587355,702
11272724792432,11272724792985,553
11272725001922,11272725002632,710
11272725209344,11272725209952,608
11272725415173,11272725415909,736
11272725623431,11272725624028,597
11272725834224,11272725834973,749
11272726037800,11272726038385,585
11272726242276,11272726242999,723
11272726450310,11272726450900,590
11272726655775,11272726656482,707
11272726858782,11272726859357,575
11272727067642,11272727068390,748
11272727270202,11272727270778,576
11272727473765,11272727474518,753
11272727683018,11272727683618,600
11272727887678,11272727888423,745
11272728090277,11272728090833,556
11272728303109,11272728303857,748
11272728508663,11272728509268,605
11272728713524,11272728714243,719
11272728925348,11272728925951,603
11272729131777,11272729132486,709
11272729334599,11272729335170,571
11272729542659,11272729543388,729
11272729756363,11272729756969,606
11272729962821,11272729963538,717
11272730170447,11272730171023,576
11272730376413,11272730377145,732
11272730578926,11272730579520,594
11272730787217,11272730787948,731
11272730991142,11272730991689,547
11272731198696,11272731199404,708
11272731431553,11272731432128,575
11272731648012,11272731648789,777
11272731854521,11272731855112,591
11272732059884,11272732060622,738
11272732270489,11272732271090,601
11272732479345,11272732480089,744
11272732682297,11272732682855,558
11272732889050,11272732889785,735
11272733094933,11272733095501,568
11272733298381,11272733301443,3062
11272733505686,11272733506257,571
11272733710581,11272733711307,726
11272733915658,11272733916242,584
11272734124374,11272734125103,729
11272734593145,11272734593750,605
11272734806471,11272734807233,762
11272735012169,11272735012777,608
11272735217985,11272735218671,686
11272735430509,11272735431096,587
11272735642786,11272735643529,743
11272735846192,11272735846761,569
11272736049418,11272736050136,718
11272736254348,11272736254958,610
11272736474607,11272736475365,758
11272736677928,11272736678505,577
11272736885085,11272736885810,725
11272737087197,11272737087755,558
11272737295363,11272737296072,709
11272737501417,11272737502013,596
11272737705647,11272737706368,721
11272737906086,11272737906669,583
11272738116074,11272738116805,731
11272738325062,11272738325624,562
11272738531237,11272738531965,728
11272738738511,11272738739109,598
11272738953954,11272738954716,762
11272739155775,11272739156334,559
11272739370042,11272739370804,762
11272739572353,11272739572944,591
11272739775952,11272739776686,734
11272739982041,11272739982661,620
11272740192626,11272740193369,743
11272740398068,11272740398648,580
11272740606518,11272740607243,725
11272740809479,11272740810046,567
11272741016419,11272741017134,715
11272741219114,11272741219657,543
11272741427493,11272741428185,692
11272741634348,11272741634904,556
11272741838747,11272741839427,680
11272742041148,11272742041725,577
11272742252313,11272742253048,735
11272742456814,11272742457360,546
11272742660947,11272742661653,706
11272742866287,11272742866848,561
11272743070267,11272743070976,709
11272743276290,11272743276876,586
11272743483726,11272743484442,716
11272743686909,11272743687459,550
11272743889814,11272743890524,710
11272744096759,11272744097357,598
11272744301849,11272744302550,701
11272744503915,11272744504503,588
11272744711369,11272744712086,717
11272744914430,11272744915002,572
11272745117240,11272745117953,713
11272745323677,11272745324279,602
11272745546716,11272745547443,727
11272745751793,11272745752369,576
11272745962088,11272745962842,754
11272746166241,11272746166875,634
11272746369509,11272746370211,702
11272746575810,11272746576415,605
11272746780206,11272746780921,715
11272746986104,11272746986711,607
11272747191711,11272747192440,729
11272747409412,11272747410003,591
11272747617167,11272747617922,755
11272747819785,11272747820376,591
11272748024017,11272748024723,706
11272748230574,11272748231132,558
11272748436207,11272748436922,715
11272748637969,11272748638538,569
11272748845799,11272748846522,723
11272749054157,11272749054718,561
11272749258905,11272749259581,676
11272749467907,11272749468487,580
11272749671680,11272749672407,727
11272749873305,11272749873874,569
11272750080904,11272750081621,717
11272750282836,11272750283397,561
11272750487107,11272750487840,733
11272750924820,11272750925418,598
11272751134771,11272751135512,741
11272751341646,11272751342203,557
11272751555470,11272751556195,725
11272751758801,11272751759342,541
11272751962644,11272751963359,715
11272752170206,11272752170741,535
11272752386052,11272752386788,736
11272752592066,11272752592679,613
11272752801828,11272752802576,748
11272753004943,11272753005455,512
11272753248065,11272753248860,795
11272753471299,11272753471928,629
11272753687760,11272753688522,762
11272753904398,11272753905013,615
11272754120896,11272754121632,736
11272754341908,11272754342581,673
11272754606544,11272754607413,869
11272754838332,11272754838992,660
11272755074892,11272755075712,820
11272755312758,11272755313370,612
11272755613461,11272755614379,918
11272755889014,11272755889712,698
11272756149807,11272756150670,863
11272756394396,11272756395047,651
11272756655638,11272756656470,832
11272756898884,11272756899565,681
11272757133709,11272757134552,843
11272757368098,11272757368751,653
11272757605785,11272757606587,802
11272757838795,11272757839458,663
11272758072870,11272758073688,818
11272758309276,11272758309905,629
11272758543106,11272758543891,785
11272758775865,11272758776525,660
11272759023143,11272759023940,797
11272759258223,11272759258874,651
11272759494878,11272759495711,833
11272759731070,11272759731724,654
11272759963676,11272759964455,779
11272760195850,11272760196462,612
11272760446947,11272760447789,842
11272760679167,11272760679825,658
11272760912773,11272760913583,810
11272761147790,11272761148437,647
11272761388572,11272761389403,831
11272761622474,11272761623168,694
11272761855482,11272761856283,801
11272762087309,11272762087943,634
11272762340839,11272762341635,796
11272762573883,11272762574536,653
11272762807396,11272762808218,822
11272763042015,11272763042687,672
11272763275051,11272763275818,767
11272763534457,11272763535122,665
11272763770306,11272763771148,842
11272764002479,11272764003124,645
11272764234291,11272764235089,798
11272764469358,11272764470007,649
11272764702029,11272764702797,768
11272764931755,11272764932397,642
11272765167745,11272765168528,783
11272765399629,11272765400272,643
11272765651702,11272765652502,800
11272765892947,11272765893581,634
11272766128703,11272766129525,822
11272766362050,11272766375277,13227
11272766614030,11272766614844,814
11272766848921,11272766849596,675
11272767082632,11272767083398,766
11272767318932,11272767319599,667
11272767554067,11272767554903,836
11272767786542,11272767787193,651
11272768024920,11272768025718,798
11272768258223,11272768258868,645
11272768501862,11272768502637,775
11272768738490,11272768739139,649
11272768980917,11272768981748,831
11272769475377,11272769475986,609
11272769711719,11272769712505,786
11272769942575,11272769943226,651
11272770178931,11272770179743,812
11272770409288,11272770409960,672
11272770641679,11272770642472,793
11272770876472,11272770877133,661
11272771109297,11272771110113,816
11272771339158,11272771339805,647
11272771573688,11272771574490,802
11272771804193,11272771804841,648
11272772037129,11272772037924,795
11272772280335,11272772281028,693
11272772530154,11272772530983,829
11272772761218,11272772761877,659
11272772997507,11272772998305,798
11272773229592,11272773230303,711
11272773476590,11272773477374,784
11272773711136,11272773711816,680
11272773942417,11272773943204,787
11272774173622,11272774174279,657
11272774413439,11272774414276,837
11272774644994,11272774645618,624
11272774876253,11272774877050,797
11272775111253,11272775111904,651
11272775345018,11272775345830,812
11272775584617,11272775585286,669
11272775822437,11272775823273,836
11272776054873,11272776055517,644
11272776294782,11272776295580,798
11272776532492,11272776533117,625
11272776766213,11272776767000,787
11272777003807,11272777004475,668
11272777254141,11272777254950,809
11272777485973,11272777486655,682
11272777721870,11272777722689,819
11272777953058,11272777953721,663
11272778185302,11272778186064,762
11272778429252,11272778429903,651
11272778661986,11272778662778,792
11272778901194,11272778901845,651
11272779139945,11272779140764,819
11272779372002,11272779372649,647
11272779609172,11272779609916,744
11272779854892,11272779855535,643
11272780088896,11272780089672,776
11272780331374,11272780332040,666
11272780567955,11272780568742,787
11272780800166,11272780800881,715
11272781032897,11272781033682,785
11272781268429,11272781269076,647
11272781502255,11272781503072,817
11272781734455,11272781735115,660
11272781971687,11272781972492,805
11272782204481,11272782205130,649
11272782445705,11272782446515,810
11272782681263,11272782681936,673
11272782916000,11272782916788,788
11272783148121,11272783148820,699
11272783396470,11272783397301,831
11272783629527,11272783630210,683
11272783862618,11272783863408,790
11272784100440,11272784101124,684
11272784336049,11272784336832,783
11272784600606,11272784601331,725
11272784835363,11272784836158,795
11272785068416,11272785069088,672
11272785307847,11272785308663,816
11272785555144,11272785555794,650
11272785794483,11272785795310,827
11272786032321,11272786032985,664
11272786270570,11272786271388,818
11272786505392,11272786506098,706
11272786746004,11272786746802,798
11272786979769,11272786980432,663
11272787216865,11272787217630,765
11272787456486,11272787457113,627
11272787692803,11272787693590,787
11272788165664,11272788166342,678
11272788406590,11272788407423,833
11272788638660,11272788639345,685
11272788871896,11272788872702,806
11272789117894,11272789118556,662
11272789352052,11272789352826,774
11272789584901,11272789585563,662
11272789822753,11272789823569,816
11272790060813,11272790061449,636
11272790313538,11272790314334,796
11272790552498,11272790553170,672
11272790787097,11272790787924,827
11272791020536,11272791021183,647
11272791276281,11272791277097,816
11272791510412,11272791511050,638
11272791744253,11272791745055,802
11272791982867,11272791983515,648
11272792228971,11272792229792,821
11272792467177,11272792467841,664
11272792704891,11272792705697,806
11272792938031,11272792938671,640
11272793175939,11272793176760,821
11272793410978,11272793411624,646
11272793647264,11272793648122,858
11272793885391,11272793886066,675
11272794119786,11272794120617,831
11272794358048,11272794358712,664
11272794596976,11272794597753,777
11272794830777,11272794831483,706
11272795064389,11272795065215,826
11272795299908,11272795300570,662
11272795533823,11272795534652,829
11272795777962,11272795778619,657
11272796015292,11272796016114,822
11272796248056,11272796248704,648
11272796499242,11272796499994,752
11272796735353,11272796735974,621
11272796968985,11272796969818,833
11272797201016,11272797201696,680
11272797441134,11272797441938,804
11272797673277,11272797673922,645
11272797933462,11272797934227,765
11272798168549,11272798169168,619
11272798405421,11272798406182,761
11272798639031,11272798639673,642
11272798869015,11272798869823,808
11272799114237,11272799114892,655
11272799350509,11272799351298,789
11272799582312,11272799582999,687
11272799819244,11272799820051,807
11272800052427,11272800053087,660
11272800294330,11272800295142,812
11272800529239,11272800529934,695
11272800762552,11272800763368,816
11272800994060,11272800997836,3776
11272801230759,11272801231543,784
11272801464554,11272801465201,647
11272801700641,11272801701467,826
11272801932086,11272801932714,628
11272802162510,11272802163281,771
11272802426923,11272802427506,583
11272802642018,11272802642737,719
11272802853228,11272802853829,601
11272803065120,11272803065839,719
11272803279279,11272803279891,612
11272803492614,11272803493345,731
11272803702740,11272803703458,718
11272803916940,11272803917687,747
11272804129091,11272804165482,36391
11272804396222,11272804397039,817
11272804630862,11272804631523,661
11272804862892,11272804863720,828
11272805093604,11272805094313,709
11272805329866,11272805330684,818
11272805567225,11272805567840,615
11272805799924,11272805800724,800
11272806035363,11272806036010,647
11272806278906,11272806279712,806
11272806743257,11272806743903,646
11272806978981,11272806979769,788
11272807210184,11272807210852,668
11272807442124,11272807442900,776
11272807676161,11272807676809,648
11272807909421,11272807910220,799
11272808140749,11272808141391,642
11272808381361,11272808382199,838
11272808612561,11272808613212,651
11272808848135,11272808848916,781
11272809115382,11272809115982,600
11272809409115,11272809409840,725
11272809698851,11272809699464,613
11272809976421,11272809977237,816
11272810207394,11272810208059,665
11272810443372,11272810444187,815
11272810673316,11272810673963,647
11272810905042,11272810905829,787
11272811138282,11272811138946,664
11272811370468,11272811371264,796
11272811600870,11272811601517,647
11272811836514,11272811837291,777
11272812072165,11272812072858,693
11272812335751,11272812336552,801
11272812571094,11272812571747,653
11272812804065,11272812804848,783
11272813034563,11272813035238,675
11272813270164,11272813270970,806
11272813504351,11272813505005,654
11272813735742,11272813736523,781
11272813969598,11272813970255,657
11272814200631,11272814201419,788
11272814430914,11272814431613,699
11272814666871,11272814667607,736
11272814897008,11272814897670,662
11272815128520,11272815129307,787
11272815366382,11272815367022,640
11272815603839,11272815604629,790
11272815835406,11272815836084,678
11272816071758,11272816072549,791
11272816302857,11272816303500,643
11272816540976,11272816541770,794
11272816772658,11272816773321,663
11272817006066,11272817006864,798
11272817240359,11272817241014,655
11272817473655,11272817474427,772
11272817705277,11272817705946,669
11272817940519,11272817941312,793
11272818172238,11272818172866,628
11272818403591,11272818404371,780
11272818638676,11272818639368,692
11272818871054,11272818871835,781
11272819109821,11272819110467,646
11272819346470,11272819347262,792
11272819583472,11272819584130,658
11272819816692,11272819817518,826
11272820051563,11272820052243,680
11272820284551,11272820285347,796
11272820516054,11272820516681,627
11272820751074,11272820751862,788
11272820982106,11272820982764,658
11272821213043,11272821213841,798
11272821446158,11272821446824,666
11272821679534,11272821680386,852
11272821910413,11272821911059,646
11272822147270,11272822148042,772
11272822383349,11272822383987,638
11272822617528,11272822618301,773
11272822852659,11272822853297,638
11272823084388,11272823085127,739
11272823315008,11272823315623,615
11272823550503,11272823551303,800
11272823781918,11272823782587,669
11272824023233,11272824024071,838
11272824259772,11272824260434,662
11272824491518,11272824492359,841
11272824726634,11272824727341,707
11272824958792,11272824959613,821
11272825421168,11272825421835,667
11272825667995,11272825668781,786
11272825902158,11272825902803,645
11272826134219,11272826134998,779
11272826368045,11272826368720,675
11272826601100,11272826601921,821
11272826831433,11272826832088,655
11272827069833,11272827070651,818
11272827305214,11272827305874,660
11272827537412,11272827538245,833
11272827772338,11272827773020,682
11272828004605,11272828005436,831
11272828235689,11272828236409,720
11272828470971,11272828471807,836
11272828703183,11272828703870,687
11272828943939,11272828944741,802
11272829179117,11272829179739,622
11272829416918,11272829417719,801
11272829648936,11272829649623,687
11272829886185,11272829887024,839
11272830118408,11272830119057,649
11272830351146,11272830352005,859
11272830587254,11272830587933,679
11272830819163,11272830819976,813
11272831049376,11272831050070,694
11272831288400,11272831289212,812
11272831519706,11272831520436,730
11272831755674,11272831756471,797
11272831989266,11272831989925,659
11272832230195,11272832231009,814
11272832466868,11272832467539,671
11272832709853,11272832710681,828
11272832943587,11272832944255,668
11272833180727,11272833181534,807
11272833425712,11272833426374,662
11272833658599,11272833659423,824
11272833945086,11272833945766,680
11272834204319,11272834205136,817
11272834464107,11272834464753,646
11272834703703,11272834704510,807
11272834937629,11272834938301,672
11272835172211,11272835173017,806
11272835407740,11272835408412,672
11272835649990,11272835650773,783
11272835932915,11272835933618,703
11272836182223,11272836183068,845
11272836431336,11272836432094,758
11272836671393,11272836672181,788
11272836908894,11272836909586,692
11272837142741,11272837143559,818
11272837375921,11272837376637,716
11272837611793,11272837612636,843
11272837844432,11272837845126,694
11272838076795,11272838077615,820
11272838311821,11272838312520,699
11272838544446,11272838545268,822
11272838775728,11272838776373,645
11272839024015,11272839024795,780
11272839259593,11272839260257,664
11272839496758,11272839497588,830
11272839729514,11272839730189,675
11272839961655,11272839962486,831
11272840196537,11272840197214,677
11272840430480,11272840431316,836
11272840663174,11272840663835,661
11272840898758,11272840899563,805
11272841132129,11272841132796,667
11272841365650,11272841366451,801
11272841601324,11272841602011,687
11272841835013,11272841835827,814
11272842066823,11272842067508,685
11272842309325,11272842310130,805
11272842542599,11272842543284,685
11272842775551,11272842776362,811
11272843010746,11272843011428,682
11272843243944,11272843244745,801
11272843475798,11272843476472,674
11272843712035,11272843712872,837
11272844174728,11272844175399,671
11272844410829,11272844411638,809
11272844646990,11272844647651,661
11272844880624,11272844881452,828
11272845111804,11272845112499,695
11272845349010,11272845349861,851
11272845591671,11272845592321,650
11272845825038,11272845825844,806
11272846061125,11272846061779,654
11272846309070,11272846309910,840
11272846546073,11272846546776,703
11272846783849,11272846784685,836
11272847021123,11272847021776,653
11272847271522,11272847272329,807
11272847501853,11272847502510,657
11272847734343,11272847735138,795
11272847973714,11272847974351,637
11272848237190,11272848238030,840
11272848471410,11272848472040,630
11272848709330,11272848710156,826
11272848950128,11272848950778,650
11272849187833,11272849188656,823
11272849425791,11272849426408,617
11272849662303,11272849663137,834
11272849933873,11272849934525,652
11272850180685,11272850181490,805
11272850434659,11272850435284,625
11272850674251,11272850675050,799
11272850922452,11272850923100,648
11272851179787,11272851180767,980
11272851425416,11272851426093,677
11272851673741,11272851674588,847
11272851916691,11272851917336,645
11272852157833,11272852158665,832
11272852419718,11272852420341,623
11272852680864,11272852681698,834
11272852924281,11272852925024,743
11272853175272,11272853176183,911
11272853579393,11272853580975,1582
11272853974412,11272853975608,1196
11272854316380,11272854317084,704
11272854602651,11272854603539,888
11272854892857,11272854893988,1131
11272855493050,11272855494673,1623
11272855932957,11272855934064,1107
11272856300135,11272856301709,1574
11272856608916,11272856609649,733
11272856868470,11272856869295,825
11272857145143,11272857145890,747
11272857409384,11272857410256,872
11272857657343,11272857658063,720
11272857911099,11272857911954,855
11272858148188,11272858148868,680
11272858391777,11272858392684,907
11272858645421,11272858646127,706
11272858904454,11272858905280,826
11272859144160,11272859144830,670
11272859391451,11272859392256,805
11272859629858,11272859630564,706
11272859868236,11272859869078,842
11272860111235,11272860111942,707
11272860350200,11272860351036,836
11272860586655,11272860587345,690
11272860827466,11272860828315,849
11272861077119,11272861077835,716
11272861315603,11272861316434,831
11272861555727,11272861556394,667
11272861793034,11272861793966,932
11272862028889,11272862029551,662
11272862279975,11272862280831,856
11272862517656,11272862518327,671
11272862756149,11272862757000,851
11272862996846,11272862997516,670
11272863240094,11272863240926,832
11272863477951,11272863478657,706
11272863719293,11272863720151,858
11272863953463,11272863962204,8741
11272864608020,11272864608816,796
11272864872174,11272864872847,673
11272865113480,11272865114343,863
11272865371247,11272865371927,680
11272865617159,11272865617959,800
11272865854258,11272865854924,666
11272866096512,11272866097365,853
11272866331262,11272866331950,688
11272866589575,11272866590400,825
11272866858097,11272866858766,669
11272867091219,11272867092039,820
11272867323934,11272867324604,670
11272867560186,11272867561014,828
11272867819288,11272867819943,655
11272868163714,11272868164621,907
11272868485378,11272868486753,1375
11272868946203,11272868947474,1271
11272869277711,11272869278452,741
11272869618651,11272869619620,969
11272869902803,11272869903786,983
11272870199620,11272870200624,1004
11272870498576,11272870499418,842
11272870783067,11272870783979,912
11272871065190,11272871066047,857
11272871359219,11272871360148,929
11272871630654,11272871631343,689
11272871885159,11272871886032,873
11272872153237,11272872153942,705
11272872426521,11272872427466,945
11272872672112,11272872672804,692
11272872922524,11272872923374,850
11272873162113,11272873162787,674
11272873414344,11272873415178,834
11272873663670,11272873664480,810
11272873908687,11272873909568,881
11272874158111,11272874158806,695
11272874418008,11272874418867,859
11272874652625,11272874653353,728
11272874895232,11272874896106,874
11272875133318,11272875134085,767
11272875375066,11272875375937,871
11272875630089,11272875630775,686
11272875868542,11272875869420,878
11272876105635,11272876106332,697
11272876397970,11272876398808,838
11272876642896,11272876643598,702
11272876883854,11272876884698,844
11272877118453,11272877119161,708
11272877358738,11272877359588,850
11272877597493,11272877598188,695
11272877834825,11272877835698,873
11272878078070,11272878078757,687
11272878316710,11272878317554,844
11272878552446,11272878553126,680
11272878791630,11272878792440,810
11272879091498,11272879092155,657
11272879364773,11272879365571,798
11272879686830,11272879687647,817
11272879930261,11272879931087,826
11272880165238,11272880165891,653
11272880423794,11272880424606,812
11272880660615,11272880661330,715
11272880896036,11272880896875,839
11272881133914,11272881134584,670
11272881372309,11272881373126,817
11272881638367,11272881639050,683
11272881871800,11272881872579,779
11272882156728,11272882157419,691
11272882427076,11272882427913,837
11272882660492,11272882661123,631
11272882896551,11272882897378,827
11272883126215,11272883126863,648
11272883362728,11272883363582,854
11272883594210,11272883594864,654
11272883825926,11272883826741,815
11272884061209,11272884061852,643
11272884294702,11272884295543,841
11272884525977,11272884526673,696
11272884997085,11272884997908,823
11272885233243,11272885233887,644
11272885467697,11272885468551,854
11272885744071,11272885744733,662
11272886033172,11272886033985,813
11272886264189,11272886264869,680
11272886501675,11272886502528,853
11272886734163,11272886734818,655
11272886966483,11272886967251,768
11272887200317,11272887200991,674
11272887433004,11272887433822,818
11272887695289,11272887695958,669
11272887936870,11272887937717,847
11272888168347,11272888169017,670
11272888400737,11272888401593,856
11272888636093,11272888636769,676
11272888867650,11272888868480,830
11272889114209,11272889114875,666
11272889351426,11272889352246,820
11272889583753,11272889584649,896
11272889828512,11272889829358,846
11272890064723,11272890065419,696
11272890297900,11272890298712,812
11272890530383,11272890531081,698
11272890766945,11272890767785,840
11272890999687,11272891000362,675
11272891239289,11272891240065,776
11272891472445,11272891473121,676
11272891705331,11272891706127,796
11272891942625,11272891943301,676
11272892175874,11272892176686,812
11272892415228,11272892415845,617
11272892652286,11272892653136,850
11272892883040,11272892883716,676
11272893115029,11272893115860,831
11272893365436,11272893366049,613
11272893597514,11272893598273,759
11272893827923,11272893828617,694
11272894071432,11272894072254,822
11272894303308,11272894303968,660
11272894539084,11272894539893,809
11272894773297,11272894773962,665
11272895006697,11272895007494,797
11272895237728,11272895238409,681
11272895474222,11272895475030,808
11272895713497,11272895714182,685
11272895948339,11272895949119,780
11272896183389,11272896184050,661
11272896415560,11272896416349,789
11272896646841,11272896647474,633
11272896883179,11272896883957,778
11272897116148,11272897116820,672
11272897348842,11272897349638,796
11272897597361,11272897598004,643
11272897830074,11272897830873,799
11272898062235,11272898062911,676
11272898305551,11272898306375,824
11272898537589,11272898538228,639
11272898773603,11272898774397,794
11272899013075,11272899013723,648
11272899267186,11272899267995,809
11272899504041,11272899504686,645
11272899740461,11272899741240,779
11272899971964,11272899972625,661
11272900208150,11272900208984,834
11272900449349,11272900450018,669
11272900682157,11272900682949,792
11272900917822,11272900918484,662
11272901159007,11272901159820,813
11272901408124,11272901408760,636
11272901645815,11272901646621,806
11272901877091,11272901877745,654
11272902110758,11272902111608,850
11272902386421,11272902387068,647
11272902621153,11272902621944,791
11272902855446,11272902856095,649
11272903092953,11272903093797,844
11272903329524,11272903330146,622
11272903791072,11272903791848,776
11272904031143,11272904031798,655
11272904265039,11272904265837,798
11272904495639,11272904496283,644
11272904732463,11272904733288,825
11272904963965,11272904964595,630
11272905196518,11272905197340,822
11272905430762,11272905431467,705
11272905673280,11272905674088,808
11272905904813,11272905905445,632
11272906141067,11272906141878,811
11272906386036,11272906386694,658
11272906621848,11272906622630,782
11272906853057,11272906853697,640
11272907085193,11272907085989,796
11272907319839,11272907320504,665
11272907551857,11272907552694,837
11272907781606,11272907782275,669
11272908017236,11272908018042,806
11272908249439,11272908250100,661
11272908495287,11272908496134,847
11272908730238,11272908730907,669
11272908972006,11272908972817,811
11272909205722,11272909206383,661
11272909440814,11272909441668,854
11272909674029,11272909674706,677
11272909906806,11272909907594,788
11272910141526,11272910142214,688
11272910373964,11272910374797,833
11272910604991,11272910605727,736
11272910842670,11272910843478,808
11272911072227,11272911072892,665
11272911304094,11272911304911,817
11272911538635,11272911539319,684
11272911772089,11272911772912,823
11272912002921,11272912003591,670
11272912249669,11272912250474,805
11272912484317,11272912485001,684
11272912716997,11272912717829,832
11272912952726,11272912953418,692
11272913186769,11272913187569,800
11272913418334,11272913419007,673
11272913654216,11272913655041,825
11272913886407,11272913887084,677
11272914122846,11272914123686,840
11272914354546,11272914355212,666
11272914586541,11272914587360,819
11272914819896,11272914820544,648
11272915053080,11272915053908,828
11272915284253,11272915284929,676
11272915519139,11272915519962,823
11272915757093,11272915757742,649
11272916003197,11272916004025,828
11272916238824,11272916239482,658
11272916473417,11272916474269,852
11272916705458,11272916706107,649
11272916948107,11272916948957,850
11272917182912,11272917183616,704
11272917418415,11272917419273,858
11272917653258,11272917653974,716
11272917887170,11272917888048,878
11272918118483,11272918119184,701
11272918354076,11272918354941,865
11272918585766,11272918586505,739
11272918819018,11272918819802,784
11272919060517,11272919061189,672
11272919295807,11272919296629,822
11272919527238,11272919527906,668
11272919762537,11272919763330,793
11272919993477,11272919994130,653
11272920226047,11272920226854,807
11272920459979,11272920460640,661
11272920696363,11272920697162,799
11272920927126,11272920927812,686
11272921163262,11272921164083,821
11272921395613,11272921396288,675
11272921631271,11272921632070,799
11272921862086,11272921862741,655
11272922337356,11272922338197,841
11272922574052,11272922574739,687
11272922806908,11272922807768,860
11272923039294,11272923039984,690
11272923276623,11272923277450,827
11272923509183,11272923509848,665
11272923746154,11272923746980,826
11272923981127,11272923981768,641
11272924213568,11272924214349,781
11272924446127,11272924446775,648
11272924683426,11272924684229,803
11272924915314,11272924915965,651
11272925148287,11272925149069,782
11272925382349,11272925383009,660
11272925623694,11272925624525,831
11272925855870,11272925856521,651
11272926093027,11272926093891,864
11272926324258,11272926324903,645
11272926560458,11272926561280,822
11272926794513,11272926795169,656
11272927026784,11272927027595,811
11272927258046,11272927258698,652
11272927494204,11272927495049,845
11272927725219,11272927725894,675
11272927956614,11272927957443,829
11272928191976,11272928192629,653
11272928425054,11272928425894,840
11272928657780,11272928658439,659
11272928901866,11272928902700,834
11272929135522,11272929136231,709
11272929373743,11272929374588,845
11272929606869,11272929607562,693
11272929840551,11272929841365,814
11272930076339,11272930077009,670
11272930323678,11272930324523,845
11272930556893,11272930557604,711
11272930793242,11272930794094,852
11272931024490,11272931025162,672
11272931260526,11272931261363,837
11272931495170,11272931495858,688
11272931728366,11272931729189,823
11272931959843,11272931960538,695
11272932199205,11272932200037,832
11272932437678,11272932438365,687
11272932672353,11272932673165,812
11272932907864,11272932908540,676
11272933142634,11272933143483,849
11272933373865,11272933374552,687
11272933610753,11272933611591,838
11272933843308,11272933843999,691
11272934076066,11272934076908,842
11272934311095,11272934311770,675
11272934543597,11272934544407,810
11272934774583,11272934775270,687
11272935010506,11272935011340,834
11272935243049,11272935243722,673
11272935474829,11272935475668,839
11272935715374,11272935716051,677
11272935949108,11272935949939,831
11272936180644,11272936181344,700
11272936416272,11272936417096,824
11272936649908,11272936650618,710
11272936886506,11272936887339,833
11272937119188,11272937119870,682
11272937351628,11272937352472,844
11272937586514,11272937587165,651
11272937819230,11272937820036,806
11272938056557,11272938057195,638
11272938292463,11272938293330,867
11272938525720,11272938526419,699
11272938759936,11272938760753,817
11272939002913,11272939003590,677
11272939236510,11272939237353,843
11272939469286,11272939469954,668
11272939710008,11272939710866,858
11272939942548,11272939943238,690
11272940176153,11272940176977,824
11272940640707,11272940641413,706
11272940877816,11272940878648,832
11272941110029,11272941110685,656
11272941347024,11272941347860,836
11272941578594,11272941579270,676
11272941810110,11272941810930,820
11272942045001,11272942045669,668
11272942286039,11272942286883,844
11272942529610,11272942530273,663
11272942766833,11272942767666,833
11272942999173,11272942999814,641
11272943232211,11272943233035,824
11272943467742,11272943468446,704
11272943701121,11272943701938,817
11272943932494,11272943933145,651
11272944170190,11272944171037,847
11272944407747,11272944408401,654
11272944644890,11272944645700,810
11272944877563,11272944878231,668
11272945110419,11272945111266,847
11272945349319,11272945349986,667
11272945591668,11272945592475,807
11272945824584,11272945825235,651
11272946061113,11272946061920,807
11272946292859,11272946293533,674
11272946526616,11272946527484,868
11272946761622,11272946762300,678
11272946995155,11272946995987,832
11272947224958,11272947225643,685
11272947464689,11272947465529,840
11272947696689,11272947697348,659
11272947928282,11272947929118,836
11272948163948,11272948164631,683
11272948397910,11272948398730,820
11272948629850,11272948630569,719
11272948865626,11272948866452,826
11272949105973,11272949106640,667
11272949339226,11272949340061,835
11272949575435,11272949576089,654
11272949808211,11272949809039,828
11272950042398,11272950043072,674
11272950305358,11272950306187,829
11272950544073,11272950544783,710
11272950781926,11272950782783,857
11272951012817,11272951013472,655
11272951247771,11272951248603,832
11272951479958,11272951480608,650
11272951710916,11272951711738,822
11272951943647,11272951944290,643
11272952179171,11272952179971,800
11272952420154,11272952420821,667
11272952657467,11272952658287,820
11272952891211,11272952891884,673
11272953124622,11272953128496,3874
11272953360931,11272953361622,691
11272953591003,11272953591807,804
11272953824344,11272953825044,700
11272954057771,11272954058612,841
11272954304233,11272954304897,664
11272954538627,11272954539428,801
11272954770681,11272954771334,653
11272955002432,11272955003261,829
11272955233110,11272955233796,686
11272955469115,11272955469990,875
11272955705164,11272955705838,674
11272955936505,11272955937353,848
11272956171262,11272956171953,691
11272956402238,11272956403108,870
11272956634166,11272956634833,667
11272956869750,11272956870587,837
11272957100958,11272957101636,678
11272957344084,11272957344921,837
11272957577977,11272957578639,662
11272957808741,11272957809571,830
11272958038220,11272958038870,650
11272958273580,11272958274360,780
11272958504059,11272958504726,667
11272958735176,11272958735991,815
11272959212179,11272959212799,620
11272959461991,11272959462822,831
11272959693859,11272959694517,658
11272959928412,11272959929224,812
11272960158685,11272960159345,660
11272960398794,11272960399656,862
11272960631360,11272960632022,662
11272960865112,11272960865928,816
11272961099089,11272961099754,665
11272961338693,11272961339503,810
11272961568392,11272961569057,665
11272961803004,11272961803843,839
11272962032886,11272962033558,672
11272962294713,11272962295543,830
11272962527883,11272962528546,663
11272962759810,11272962760629,819
11272962991776,11272962992427,651
11272963227283,11272963228102,819
11272963458270,11272963458940,670
11272963690620,11272963691446,826
11272963924327,11272963924974,647
11272964156245,11272964157030,785
11272964391304,11272964391967,663
11272964624916,11272964625753,837
11272964855377,11272964856012,635
11272965087004,11272965087816,812
11272965320652,11272965321277,625
11272965559497,11272965560285,788
11272965791594,11272965792245,651
11272966027814,11272966028638,824
11272966259603,11272966260239,636
11272966493348,11272966494193,845
11272966729151,11272966729852,701
11272966965393,11272966966247,854
11272967195031,11272967195705,674
11272967430414,11272967431255,841
11272967661341,11272967662038,697
11272967893119,11272967893968,849
11272968127208,11272968127877,669
11272968358839,11272968359681,842
11272968591510,11272968592191,681
11272968830372,11272968831220,848
11272969067984,11272969068676,692
11272969305171,11272969305952,781
11272969535513,11272969536171,658
11272969767740,11272969768549,809
11272970001951,11272970002615,664
11272970234768,11272970235607,839
11272970466225,11272970466892,667
11272970701243,11272970702072,829
11272970932674,11272970933354,680
11272971168130,11272971168981,851
11272971402612,11272971403310,698
11272971637704,11272971638551,847
11272971869468,11272971870143,675
11272972106156,11272972106993,837
11272972345422,11272972346085,663
11272972578827,11272972579651,824
11272972816844,11272972817487,643
11272973050122,11272973050949,827
11272973281913,11272973282564,651
11272973522807,11272973523649,842
11272973755382,11272973756011,629
11272973986989,11272973987832,843
11272974222580,11272974223234,654
11272974456374,11272974457232,858
11272974686846,11272974687512,666
11272974921911,11272974922723,812
11272975153383,11272975154028,645
11272975385258,11272975386109,851
11272975629050,11272975629723,673
11272975863723,11272975864597,874
11272976098991,11272976099652,661
11272976330479,11272976331327,848
11272976562055,11272976562724,669
11272976800069,11272976800911,842
11272977032476,11272977033216,740
11272977263982,11272977264808,826
11272977727905,11272977728541,636
11272977965804,11272977966646,842
11272978197146,11272978197836,690
11272978433277,11272978434113,836
11272978664349,11272978665018,669
11272978906923,11272978907781,858
11272979144028,11272979144682,654
11272979378254,11272979379064,810
11272979609660,11272979610317,657
11272979845440,11272979846219,779
11272980076505,11272980077163,658
11272980308043,11272980308876,833
11272980542387,11272980543051,664
11272980775457,11272980776279,822
11272981006122,11272981006795,673
11272981241359,11272981242188,829
11272981473747,11272981474368,621
11272981705324,11272981706133,809
11272981939964,11272981940631,667
11272982172268,11272982173081,813
11272982407880,11272982408496,616
11272982645732,11272982646526,794
11272982877172,11272982877794,622
11272983108296,11272983109097,801
11272983342899,11272983343541,642
11272983575157,11272983575960,803
11272983810157,11272983810814,657
11272984043283,11272984044080,797
11272984273933,11272984274625,692
11272984510059,11272984510876,817
11272984742513,11272984743169,656
11272984973532,11272984974355,823
11272985212709,11272985213378,669
11272985445565,11272985446360,795
11272985686745,11272985687364,619
11272985925633,11272985926488,855
11272986157094,11272986157765,671
11272986389841,11272986390641,800
11272986626332,11272986626987,655
11272986858386,11272986859190,804
11272987089695,11272987090362,667
11272987326539,11272987327360,821
11272987557831,11272987558504,673
11272987790117,11272987790916,799
11272988024983,11272988025667,684
11272988256915,11272988257705,790
11272988488390,11272988489088,698
11272988722330,11272988723155,825
11272988959116,11272988959790,674
11272989191421,11272989192240,819
11272989427141,11272989427795,654
11272989665165,11272989665993,828
11272989895793,11272989896447,654
11272990131758,11272990132598,840
11272990379085,11272990379721,636
11272990611968,11272990612793,825
11272990847502,11272990848165,663
11272991081071,11272991081903,832
11272991315471,11272991316110,639
11272991553945,11272991554746,801
11272991786319,11272991786995,676
11272992020780,11272992021619,839
11272992259236,11272992259906,670
11272992494641,11272992495472,831
11272992731370,11272992731974,604
11272992964984,11272992965770,786
11272993196534,11272993197176,642
11272993448679,11272993449484,805
11272993680773,11272993681398,625
11272993913769,11272993914573,804
11272994148730,11272994149399,669
11272994395877,11272994396690,813
11272994628907,11272994629596,689
11272994876665,11272994877540,875
11272995107916,11272995108620,704
11272995340485,11272995341289,804
11272995581998,11272995582668,670
11272995816394,11272995817228,834
11272996298654,11272996299316,662
11272996543006,11272996543837,831
11272996776834,11272996777492,658
11272997010491,11272997011271,780
11272997248228,11272997248853,625
11272997494007,11272997494807,800
11272997725668,11272997726327,659
11272997961728,11272997962558,830
11272998193964,11272998194610,646
11272998426997,11272998427784,787
11272998662644,11272998663292,648
11272998904287,11272998905120,833
11272999140933,11272999141625,692
11272999375633,11272999376509,876
11272999608563,11272999609226,663
11272999844458,11272999845310,852
11273000077139,11273000077808,669
11273000309381,11273000310304,923
11273000544669,11273000545388,719
11273000777400,11273000778232,832
11273001009143,11273001009814,671
11273001245531,11273001246364,833
11273001480767,11273001481396,629
11273001714267,11273001715077,810
11273001957296,11273001957973,677
11273002190357,11273002191164,807
11273002436769,11273002437440,671
11273002674788,11273002675624,836
11273002906475,11273002907154,679
11273003140822,11273003141647,825
11273003377020,11273003377680,660
11273003611143,11273003611963,820
11273003843202,11273003843883,681
11273004079597,11273004080421,824
11273004314524,11273004315185,661
11273004546651,11273004547451,800
11273004783236,11273004783922,686
11273005015149,11273005015978,829
11273005256722,11273005257408,686
11273005494059,11273005494881,822
11273005736592,11273005737269,677
11273005968652,11273005969495,843
11273006203265,11273006203920,655
11273006435882,11273006436709,827
11273006670709,11273006671375,666
11273006903348,11273006904151,803
11273007134677,11273007135352,675
11273007390374,11273007391193,819
11273007622903,11273007623561,658
11273007859511,11273007860332,821
11273008093630,11273008094294,664
11273008348807,11273008349633,826
11273008580802,11273008581479,677
11273008816586,11273008817460,874
11273009055364,11273009056027,663
11273009288804,11273009289615,811
11273009524212,11273009524880,668
11273009756925,11273009757741,816
11273009987631,11273009988310,679
11273010224146,11273010225045,899
11273010456417,11273010457105,688
11273010688357,11273010689189,832
11273010921507,11273010922177,670
11273011153905,11273011154705,800
11273011385451,11273011386072,621
11273011620958,11273011621743,785
11273011852739,11273011853401,662
11273012086092,11273012086891,799
11273012344156,11273012344784,628
11273012578154,11273012578972,818
11273012809996,11273012810642,646
11273013046436,11273013047246,810
11273013281447,11273013282100,653
11273013512561,11273013513358,797
11273013747356,11273013748037,681
11273013979428,11273013980226,798
11273014214292,11273014214939,647
11273014476175,11273014476983,808
11273014719147,11273014719840,693
11273014963054,11273014963889,835
11273015205361,11273015206051,690
11273015448105,11273015448951,846
11273015698430,11273015699089,659
11273015945360,11273015946217,857
11273016189094,11273016189751,657
11273016451868,11273016452695,827
11273016694547,11273016695236,689
11273016938867,11273016939694,827
11273017185320,11273017185995,675
11273017434270,11273017435101,831
11273017675574,11273017676221,647
11273017919054,11273017919893,839
11273018165091,11273018165771,680
11273018415851,11273018416658,807
11273018657115,11273018657800,685
11273018913911,11273018914710,799
11273019157727,11273019158356,629
11273019409015,11273019409867,852
11273019653016,11273019653692,676
11273019897647,11273019898479,832
11273020143385,11273020144018,633
11273020393960,11273020394766,806
11273020635748,11273020636394,646
11273020881050,11273020881823,773
11273021151713,11273021152366,653
11273021395482,11273021396301,819
11273021647236,11273021647910,674
11273021890834,11273021891680,846
11273022131811,11273022132457,646
11273022386094,11273022386895,801
11273022641171,11273022641800,629
11273022885161,11273022885974,813
11273023125361,11273023125999,638
11273023384001,11273023384828,827
11273023626162,11273023626812,650
11273023869596,11273023871357,1761
11273024112691,11273024113355,664
11273024359363,11273024360189,826
11273024603152,11273024603829,677
11273024844732,11273024845540,808
11273025088338,11273025089000,662
11273025331566,11273025332370,804
11273025600497,11273025601118,621
11273025844601,11273025845412,811
11273026088651,11273026089308,657
11273026333798,11273026334628,830
11273026576691,11273026577369,678
11273026817436,11273026818259,823
11273027061609,11273027062287,678
11273027306607,11273027307429,822
11273027547364,11273027548021,657
11273027792434,11273027793263,829
11273028034912,11273028035569,657
11273028277296,11273028278106,810
11273028522468,11273028523149,681
11273028765875,11273028766686,811
11273029017060,11273029017710,650
11273029272701,11273029273530,829
11273029512543,11273029513214,671
11273029759794,11273029760622,828
11273030006928,11273030007575,647
11273030249158,11273030249994,836
11273030496439,11273030497151,712
11273030743289,11273030744124,835
11273030986441,11273030987091,650
11273031230626,11273031231442,816
11273031473179,11273031473821,642
11273031713303,11273031714160,857
11273031958585,11273031959236,651
11273032202556,11273032203391,835
11273032457230,11273032457868,638
11273032700031,11273032700857,826
11273032940781,11273032941454,673
11273033184707,11273033185536,829
11273033457457,11273033458111,654
11273033705066,11273033705876,810
11273033947445,11273033948089,644
11273034194474,11273034195316,842
11273034436836,11273034437524,688
11273034679549,11273034680368,819
11273034922338,11273034922991,653
11273035164825,11273035165622,797
11273035429957,11273035430596,639
11273035677427,11273035678220,793
11273035920450,11273035921084,634
11273036163716,11273036164488,772
11273036411663,11273036412325,662
11273036654581,11273036655369,788
11273036897601,11273036898237,636
11273037143489,11273037144278,789
11273037384423,11273037385053,630
11273037629236,11273037630014,778
11273037875922,11273037876561,639
11273038118071,11273038118843,772
11273038363231,11273038363892,661
11273038608528,11273038609328,800
11273038852681,11273038853324,643
11273039102268,11273039103063,795
11273039361605,11273039362255,650
11273039604767,11273039605588,821
11273039853452,11273039854096,644
11273040094837,11273040095646,809
11273040337423,11273040338093,670
11273040607667,11273040608460,793
11273040853009,11273040853703,694
11273041094923,11273041095703,780
11273041337539,11273041338172,633
11273041580466,11273041581280,814
11273041821779,11273041822430,651
11273042067251,11273042068079,828
11273042329025,11273042329657,632
11273042575109,11273042575903,794
11273042818447,11273042819096,649
11273043066231,11273043067085,854
11273043340415,11273043341115,700
11273043596391,11273043597228,837
11273043839847,11273043840557,710
11273044085700,11273044086529,829
11273044353262,11273044353920,658
11273044595472,11273044596318,846
11273044837117,11273044837825,708
11273045079915,11273045080726,811
11273045323240,11273045323911,671
11273045572739,11273045573534,795
11273045818858,11273045819482,624
11273046062379,11273046063209,830
11273046304127,11273046304798,671
11273046549290,11273046550123,833
11273046792730,11273046793376,646
11273047035269,11273047036097,828
11273047279139,11273047279824,685
11273047528534,11273047529372,838
11273047770876,11273047771533,657
11273048014307,11273048015134,827
11273048255159,11273048255817,658
11273048503543,11273048504364,821
11273048745593,11273048746242,649
11273049002935,11273049003759,824
11273049249911,11273049250595,684
11273049495607,11273049496447,840
11273049739389,11273049740076,687
11273049984231,11273049985045,814
11273050226188,11273050226885,697
11273050470683,11273050471512,829
11273050716444,11273050717129,685
11273050960631,11273050961458,827
11273051201366,11273051201989,623
11273051447504,11273051448337,833
11273051688916,11273051689557,641
11273051933472,11273051934292,820
11273052176821,11273052177464,643
11273052432273,11273052433094,821
11273052675816,11273052676439,623
11273052924927,11273052925728,801
11273053168612,11273053169286,674
11273053413461,11273053414311,850
11273053656297,11273053656979,682
11273053900143,11273053900953,810
11273054146026,11273054146665,639
11273054399764,11273054400634,870
11273054643994,11273054644677,683
11273054887768,11273054888640,872
11273055134915,11273055135612,697
11273055389467,11273055390336,869
11273055638394,11273055639046,652
11273055883003,11273055883841,838
11273056123598,11273056124281,683
11273056370048,11273056370930,882
11273056610482,11273056611173,691
11273056852565,11273056853411,846
11273057093581,11273057094234,653
11273057346233,11273057347088,855
11273057587432,11273057588083,651
11273057832929,11273057833761,832
11273058072491,11273058073158,667
11273058315184,11273058316015,831
11273058563144,11273058563768,624
11273058806480,11273058807331,851
11273059062914,11273059063539,625
11273059310916,11273059311762,846
11273059555963,11273059556644,681
11273059799621,11273059800458,837
11273060042593,11273060043242,649
11273060301930,11273060302721,791
11273060546683,11273060547359,676
11273060789220,11273060790035,815
11273061031566,11273061032217,651
11273061277616,11273061278438,822
11273061521282,11273061521980,698
11273061766241,11273061767074,833
11273062008310,11273062008976,666
11273062261809,11273062262616,807
11273062502598,11273062503280,682
11273062749697,11273062750543,846
11273062993401,11273062994076,675
11273063244880,11273063245687,807
11273063488222,11273063488896,674
11273063731213,11273063732021,808
11273063975143,11273063975801,658
11273064221616,11273064222446,830
11273064464519,11273064465202,683
11273064706505,11273064707318,813
11273064951980,11273064952679,699
11273065194036,11273065194874,838
11273065435336,11273065435996,660
11273065683800,11273065684670,870
11273065927649,11273065928310,661
11273066172979,11273066173827,848
11273066415511,11273066416154,643
11273066659681,11273066660516,835
11273066900810,11273066901453,643
11273067146530,11273067147342,812
11273067389026,11273067389681,655
11273067633616,11273067634451,835
11273067877079,11273067877787,708
11273068124295,11273068125183,888
11273068387766,11273068388437,671
11273068633471,11273068634290,819
11273068878725,11273068879664,939
11273069126557,11273069127414,857
11273069372890,11273069373623,733
11273069617221,11273069618040,819
11273069859166,11273069859856,690
11273070106523,11273070107385,862
11273070356890,11273070357584,694
11273070601365,11273070602190,825
11273070844182,11273070844868,686
11273071089793,11273071090607,814
11273071339988,11273071340643,655
11273071584462,11273071585291,829
11273071828214,11273071828870,656
11273072073889,11273072074706,817
11273072329936,11273072330619,683
11273072573250,11273072574070,820
11273072818154,11273072818788,634
11273073063526,11273073064349,823
11273073304534,11273073305213,679
11273073548521,11273073549364,843
11273073794941,11273073795617,676
11273074037913,11273074038770,857
11273074281974,11273074282634,660
11273074524529,11273074525365,836
11273074767401,11273074768058,657
11273075012601,11273075013424,823
11273075256951,11273075257640,689
11273075502680,11273075503540,860
11273075765865,11273075766484,619
11273076014601,11273076015395,794
11273076310866,11273076311550,684
11273076563879,11273076564755,876
11273076804459,11273076805104,645
11273077050434,11273077051264,830
11273077296697,11273077297366,669
11273077539508,11273077540344,836
11273077780944,11273077781601,657
11273078031913,11273078032751,838
11273078276302,11273078276944,642
11273078519734,11273078520549,815
11273078762013,11273078762651,638
11273079014648,11273079015444,796
11273079266803,11273079267455,652
11273079510292,11273079511099,807
11273079754317,11273079755009,692
11273079998434,11273079999251,817
11273080242341,11273080243015,674
11273080497505,11273080498356,851
11273080743401,11273080744067,666
11273080987169,11273080987981,812
11273081230975,11273081231633,658
11273081478591,11273081479426,835
11273081720086,11273081720799,713
11273081964814,11273081965620,806
11273082212517,11273082213190,673
11273082458748,11273082459597,849
11273082704181,11273082704845,664
11273082950337,11273082951148,811
11273083192401,11273083193110,709
11273083440134,11273083440944,810
11273083685071,11273083685717,646
11273083929016,11273083929780,764
11273084170627,11273084171253,626
11273084419967,11273084420792,825
11273084663248,11273084663893,645
11273084908874,11273084909715,841
11273085159582,11273085160236,654
11273085403313,11273085404110,797
11273085657370,11273085658014,644
11273085903272,11273085904082,810
11273086144836,11273086145498,662
11273086392059,11273086392865,806
11273086636989,11273086637628,639
11273086878285,11273086879111,826
11273087124855,11273087125498,643
11273087379572,11273087380378,806
11273087620739,11273087621381,642
11273087863682,11273087864481,799
11273088107306,11273088107983,677
11273088354700,11273088355524,824
11273088598514,11273088599222,708
11273088840617,11273088841447,830
11273089087853,11273089088490,637
11273089337397,11273089338230,833
11273089580647,11273089581325,678
11273089825779,11273089826589,810
11273090069298,11273090070004,706
11273090315538,11273090316391,853
11273090558905,11273090559553,648
11273090804342,11273090805161,819
11273091048592,11273091049263,671
11273091291482,11273091292324,842
11273091537299,11273091537999,700
11273091782880,11273091783718,838
11273092023661,11273092024312,651
11273092276205,11273092277047,842
11273092526496,11273092527194,698
11273092773277,11273092774129,852
11273093016005,11273093016702,697
11273093263224,11273093264078,854
11273093509436,11273093510117,681
11273093754353,11273093755200,847
11273093996107,11273093996784,677
11273094238150,11273094239014,864
11273094488140,11273094488792,652
11273094731788,11273094732636,848
11273094975937,11273094976593,656
11273095221285,11273095222091,806
11273095468375,11273095469071,696
11273095750302,11273095751500,1198
11273096015231,11273096016036,805
11273096262379,11273096263288,909
11273096509638,11273096510339,701
11273096753061,11273096753914,853
11273096998929,11273096999627,698
11273097260456,11273097261329,873
11273097557930,11273097558754,824
11273097880861,11273097882106,1245
11273098168091,11273098168812,721
11273098433450,11273098434287,837
11273098654307,11273098654978,671
11273098884946,11273098885924,978
11273099109233,11273099109932,699
11273099330598,11273099331383,785
11273099548750,11273099549374,624
11273099766252,11273099767023,771
11273099982913,11273099983572,659
11273100201170,11273100201983,813
11273100421671,11273100422312,641
11273100669382,11273100670212,830
11273100890205,11273100890845,640
11273101108639,11273101109400,761
11273101327540,11273101328138,598
11273101544515,11273101545214,699
11273101761605,11273101762209,604
11273101980599,11273101981344,745
11273102196449,11273102197041,592
11273102425959,11273102426731,772
11273102640660,11273102641298,638
11273102858876,11273102859626,750
11273103091327,11273103091960,633
11273103310207,11273103310982,775
11273103524527,11273103526171,1644
11273103746435,11273103747199,764
11273103988532,11273103989228,696
11273104235188,11273104236072,884
11273104478012,11273104478677,665
11273104725001,11273104725854,853
11273104972091,11273104972744,653
11273105214198,11273105215072,874
11273105455771,11273105456447,676
11273105711084,11273105711901,817
11273105967341,11273105968025,684
11273106208855,11273106209667,812
11273106453055,11273106453729,674
11273106698704,11273106699549,845
11273106944142,11273106944806,664
11273107187264,11273107188140,876
11273107439860,11273107440544,684
11273107681052,11273107681927,875
11273107924201,11273107924922,721
11273108168503,11273108169365,862
11273108434366,11273108435043,677
11273108676676,11273108677541,865
11273108925324,11273108925970,646
11273109172869,11273109173730,861
11273109414498,11273109415168,670
11273109657851,11273109658715,864
11273109902710,11273109903434,724
11273110149470,11273110150304,834
11273110393558,11273110394223,665
11273110635514,11273110636328,814
11273110876303,11273110876976,673
11273111122137,11273111123047,910
11273111364499,11273111365187,688
11273111608473,11273111609336,863
11273111851582,11273111852243,661
11273112096659,11273112097487,828
11273112369243,11273112369904,661
11273112612985,11273112613851,866
11273112856831,11273112857503,672
11273113100709,11273113101554,845
11273113349259,11273113349902,643
11273113590504,11273113591359,855
11273113834897,11273113835606,709
11273114075631,11273114076485,854
11273114317130,11273114317806,676
11273114561379,11273114562203,824
11273114806987,11273114807661,674
11273115048026,11273115048874,848
11273115290551,11273115291238,687
11273115536839,11273115537709,870
11273115788946,11273115789628,682
11273116032093,11273116032958,865
11273116273682,11273116274348,666
11273116522862,11273116523716,854
11273116767726,11273116768408,682
11273117015983,11273117016831,848
11273117257898,11273117258609,711
11273117505235,11273117506063,828
11273117745710,11273117746369,659
11273117989761,11273117990575,814
11273118234561,11273118235250,689
11273118477882,11273118478718,836
11273118719110,11273118719826,716
11273118974247,11273118975078,831
11273119235003,11273119235693,690
11273119478278,11273119479165,887
11273119722081,11273119722787,706
11273119967172,11273119968031,859
11273120212417,11273120213110,693
11273120455676,11273120456546,870
11273120697729,11273120698415,686
11273120942320,11273120943133,813
11273121186552,11273121187236,684
11273121436638,11273121437496,858
11273121681928,11273121682627,699
11273121925295,11273121926148,853
11273122170036,11273122170721,685
11273122422029,11273122422864,835
11273122664345,11273122665021,676
11273122909168,11273122910042,874
11273123151381,11273123152103,722
11273123402996,11273123403805,809
11273123645870,11273123646536,666
11273123892372,11273123893216,844
11273124132303,11273124132974,671
11273124378060,11273124378885,825
11273124619944,11273124620603,659
11273124863047,11273124863898,851
11273125103693,11273125104372,679
11273125347745,11273125348570,825
11273125600187,11273125600839,652
11273125845573,11273125846419,846
11273126088277,11273126088946,669
11273126331670,11273126332511,841
11273126576005,11273126576670,665
11273126820507,11273126821330,823
11273127063735,11273127064372,637
11273127311611,11273127312421,810
11273127558434,11273127559100,666
11273127800851,11273127801666,815
11273128042822,11273128043537,715
11273128302529,11273128303368,839
11273128544649,11273128545322,673
11273128790553,11273128791368,815
11273129040109,11273129040748,639
11273129285802,11273129286595,793
11273129527467,11273129528083,616
11273129771391,11273129772208,817
11273130014799,11273130015470,671
11273130267050,11273130267898,848
11273130509036,11273130509664,628
11273130754087,11273130754853,766
11273130998790,11273130999440,650
11273131249904,11273131250655,751
11273131491577,11273131492202,625
11273131734992,11273131735764,772
11273131977418,11273131978067,649
11273132229947,11273132230744,797
11273132481755,11273132482444,689
11273132726193,11273132727013,820
11273132967280,11273132967930,650
11273133215576,11273133216398,822
11273133458211,11273133458859,648
11273133701497,11273133702290,793
11273133945169,11273133945814,645
11273134190902,11273134191686,784
11273134433132,11273134433789,657
11273134675087,11273134675918,831
11273134918625,11273134919273,648
11273135165642,11273135166482,840
11273135408716,11273135409363,647
11273135656848,11273135657693,845
11273135904250,11273135904877,627
11273136150292,11273136151113,821
11273136392180,11273136392837,657
11273136635888,11273136636754,866
11273136877907,11273136878598,691
11273137121872,11273137122675,803
11273137364042,11273137364738,696
11273137609061,11273137609941,880
11273137856902,11273137857575,673
11273138103327,11273138104155,828
11273138344979,11273138345661,682
11273138591661,11273138592486,825
11273138834942,11273138835619,677
11273139085551,11273139086324,773
11273139334048,11273139334723,675
11273139580964,11273139581807,843
11273139822366,11273139823041,675
11273140065006,11273140065834,828
11273140308074,11273140308744,670
11273140567855,11273140568665,810
11273140812445,11273140813092,647
11273141057788,11273141058549,761
11273141298883,11273141299583,700
11273141544851,11273141545672,821
11273141788776,11273141789422,646
11273142034726,11273142035544,818
11273142287814,11273142288452,638
11273142537159,11273142537991,832
11273142779399,11273142780043,644
11273143029427,11273143030269,842
11273143271352,11273143272036,684
11273143528277,11273143529095,818
11273143771600,11273143772248,648
11273144019999,11273144020836,837
11273144265575,11273144266221,646
11273144509351,11273144510159,808
11273144749565,11273144750259,694
11273144995306,11273144996153,847
11273145240620,11273145241297,677
11273145482586,11273145483404,818
11273145731673,11273145732340,667
11273145978335,11273145979179,844
11273146225304,11273146225980,676
11273146518221,11273146519046,825
11273146767519,11273146768197,678
11273147011507,11273147012324,817
11273147251662,11273147252351,689
11273147496776,11273147497569,793
11273147741041,11273147741705,664
11273147983794,11273147984565,771
11273148228341,11273148229023,682
11273148479991,11273148480796,805
11273148724574,11273148725264,690
11273148980164,11273148980964,800
11273149224379,11273149224992,613
11273149478814,11273149479640,826
11273149726027,11273149726676,649
11273149970535,11273149971331,796
11273150213710,11273150214391,681
11273150458027,11273150458851,824
11273150701813,11273150702484,671
11273150945108,11273150945942,834
11273151187911,11273151188577,666
11273151444970,11273151445762,792
11273151688204,11273151688873,669
11273151935227,11273151936045,818
11273152180292,11273152180987,695
11273152434120,11273152434949,829
11273152677350,11273152678004,654
11273152922393,11273152923188,795
11273153167009,11273153167672,663
11273153411217,11273153412026,809
11273153654578,11273153655199,621
11273153903307,11273153904110,803
11273154146239,11273154146922,683
11273154389340,11273154390140,800
11273154635119,11273154635772,653
11273154879330,11273154880158,828
11273155126176,11273155126862,686
11273155370541,11273155371359,818
11273155622218,11273155622884,666
11273155868754,11273155869592,838
11273156114034,11273156114717,683
11273156357199,11273156358052,853
11273156602498,11273156603171,673
11273156847028,11273156847842,814
11273157087881,11273157088561,680
11273157334371,11273157335210,839
11273157584883,11273157585564,681
11273157829604,11273157830408,804
11273158069823,11273158070499,676
11273158315618,11273158316467,849
11273158559184,11273158559884,700
11273158805285,11273158806126,841
11273159050145,11273159050825,680
11273159296484,11273159297361,877
11273159547398,11273159548058,660
11273159790139,11273159790970,831
11273160033609,11273160034257,648
11273160277330,11273160278192,862
11273160524324,11273160524989,665
11273160765822,11273160766634,812
11273161007739,11273161008401,662
11273161251797,11273161252624,827
11273161495568,11273161496261,693
11273161740970,11273161741784,814
11273161984077,11273161984733,656
11273162235526,11273162236342,816
11273162478959,11273162479603,644
11273162726358,11273162727204,846
11273162969864,11273162970496,632
11273163215367,11273163216184,817
11273163458019,11273163458679,660
11273163702067,11273163702893,826
11273163950844,11273163951487,643
11273164194241,11273164195084,843
11273164436344,11273164436997,653
11273164680357,11273164681192,835
11273164923709,11273164924330,621
11273165166590,11273165167423,833
11273165411689,11273165412350,661
11273165665429,11273165666229,800
11273165909857,11273165910548,691
11273166160728,11273166161584,856
11273166403380,11273166404023,643
11273166648239,11273166649067,828
11273166889469,11273166890150,681
11273167133101,11273167133942,841
11273167380371,11273167381037,666
11273167638587,11273167639354,767
11273167858871,11273167859497,626
11273168081320,11273168082082,762
11273168305709,11273168306316,607
11273168528308,11273168529048,740
11273168750662,11273168751274,612
11273169063054,11273169063799,745
11273169290442,11273169291055,613
11273169514788,11273169515548,760
11273169735140,11273169735729,589
11273169958116,11273169958861,745
11273170181403,11273170182001,598
11273170404219,11273170404987,768
11273170624615,11273170625219,604
11273170847851,11273170848607,756
11273171068781,11273171069387,606
11273171292248,11273171293013,765
11273171514590,11273171515215,625
11273171736645,11273171737414,769
11273171958156,11273171958772,616
11273172184348,11273172185089,741
11273172495504,11273172496133,629
11273172719935,11273172720694,759
11273172942789,11273172943417,628
11273173164822,11273173165583,761
11273173390006,11273173390626,620
11273173612908,11273173613652,744
11273173838352,11273173838978,626
11273174061734,11273174062463,729
11273174284429,11273174285015,586
11273174506033,11273174506754,721
11273174776663,11273174777352,689
11273175033938,11273175034668,730
11273175255468,11273175256058,590
11273175480361,11273175481112,751
11273175788183,11273175788804,621
11273176013282,11273176013992,710
11273176235552,11273176236138,586
11273176460917,11273176461650,733
11273176682450,11273176683063,613
11273176929859,11273176930601,742
11273177154326,11273177154918,592
11273177376872,11273177377592,720
11273177597783,11273177598375,592
11273177820441,11273177821205,764
11273178126056,11273178126672,616
11273178347604,11273178348382,778
11273178568905,11273178569536,631
11273178791220,11273178791971,751
11273179067403,11273179068040,637
11273179340362,11273179341106,744
11273179563909,11273179564515,606
11273179783055,11273179783813,758
11273180005639,11273180006241,602
11273180228811,11273180229583,772
11273180450623,11273180451244,621
11273180673108,11273180673842,734
11273180893904,11273180894512,608
11273181119005,11273181119742,737
11273181340388,11273181340999,611
11273181562371,11273181563115,744
11273181783174,11273181783756,582
11273182003498,11273182004243,745
11273182274940,11273182275606,666
11273182538279,11273182539054,775
11273182758209,11273182758793,584
11273182981372,11273182982086,714
11273183203915,11273183204518,603
11273183429404,11273183430140,736
11273183656644,11273183657245,601
11273183878413,11273183879135,722
11273184101313,11273184101881,568
11273184322148,11273184322897,749
11273184542350,11273184542939,589
11273184761939,11273184762662,723
11273184982533,11273184983143,610
11273185207992,11273185208710,718
11273185428632,11273185429231,599
11273185736217,11273185736978,761
11273185959225,11273185959834,609
11273186182292,11273186183053,761
11273186401230,11273186401849,619
11273186621630,11273186622377,747
11273186844094,11273186844704,610
11273187068530,11273187069268,738
11273187289064,11273187289643,579
11273187512294,11273187513030,736
11273187733134,11273187733722,588
11273187953429,11273187954187,758
11273188178180,11273188178773,593
11273188402657,11273188403401,744
11273188624810,11273188625394,584
11273188847186,11273188847932,746
11273189145761,11273189146359,598
11273189374911,11273189375703,792
11273189596753,11273189597389,636
11273189819754,11273189820493,739
11273190040674,11273190041264,590
11273190267435,11273190268209,774
11273190487321,11273190487942,621
11273190710066,11273190710817,751
11273190930102,11273190930711,609
11273191156006,11273191156745,739
11273191375927,11273191376520,593
11273191598174,11273191598924,750
11273191820603,11273191821226,623
11273192043908,11273192044709,801
11273192313121,11273192313809,688
11273192589924,11273192590683,759
11273192812469,11273192813058,589
11273193032730,11273193033476,746
11273193255842,11273193256445,603
11273193481651,11273193482443,792
11273193701993,11273193702610,617
11273193922334,11273193923117,783
11273194224520,11273194225136,616
11273194451699,11273194452476,777
11273194671622,11273194672223,601
11273194893968,11273194894748,780
11273195114992,11273195115616,624
11273195338703,11273195339486,783
11273195563034,11273195563623,589
11273195788196,11273195788960,764
11273196009399,11273196010045,646
11273196234494,11273196235262,768
11273196457931,11273196458509,578
11273196682277,11273196683029,752
11273196903193,11273196903795,602
11273197198301,11273197199049,748
11273197428476,11273197429117,641
11273197653407,11273197654181,774
11273197873195,11273197873815,620
11273198096201,11273198096955,754
11273198316885,11273198317537,652
11273198542904,11273198543626,722
11273198764827,11273198765453,626
11273198992091,11273198992834,743
11273199288965,11273199289569,604
11273199522280,11273199523013,733
11273199742248,11273199742857,609
11273199963441,11273199964249,808
11273200184461,11273200185102,641
11273200406072,11273200406830,758
11273200627122,11273200627733,611
11273200848780,11273200849570,790
11273201069896,11273201070497,601
11273201294312,11273201295102,790
11273201517259,11273201517872,613
11273201737835,11273201738575,740
11273201997839,11273201998526,687
11273202264980,11273202265749,769
11273202485219,11273202485817,598
11273202711798,11273202712564,766
11273202934257,11273202934855,598
11273203238840,11273203239612,772
11273203462545,11273203463152,607
11273203688327,11273203689088,761
11273203908800,11273203909411,611
11273204168541,11273204169385,844
11273204427749,11273204428357,608
11273204652345,11273204653133,788
11273204874282,11273204874915,633
11273205098465,11273205099231,766
11273205319305,11273205319904,599
11273205549743,11273205550472,729
11273205773803,11273205774407,604
11273205996534,11273205997302,768
11273206219391,11273206220000,609
11273206440809,11273206441597,788
11273206660509,11273206661089,580
11273206929726,11273206930583,857
11273207174156,11273207174846,690
11273207415871,11273207416715,844
11273207661808,11273207662461,653
11273207910416,11273207911245,829
11273208150942,11273208151601,659
11273208397663,11273208398509,846
11273208639584,11273208640220,636
11273208893848,11273208894689,841
11273209138052,11273209138725,673
11273209397369,11273209398206,837
11273209642326,11273209643117,791
11273209896779,11273209897641,862
11273210138890,11273210139581,691
11273210384084,11273210384875,791
11273210629261,11273210629940,679
11273210875447,11273210876325,878
11273211122188,11273211122859,671
11273211367084,11273211367927,843
11273211609179,11273211609830,651
11273211851743,11273211852586,843
11273212094950,11273212095682,732
11273212349501,11273212350322,821
11273212597508,11273212598167,659
11273212848939,11273212849779,840
11273213093750,11273213094432,682
11273213341945,11273213342797,852
11273213587560,11273213588240,680
11273213831441,11273213832242,801
11273214078900,11273214079577,677
11273214321905,11273214322720,815
11273214568399,11273214569050,651
11273214865206,11273214866032,826
11273215108066,11273215108701,635
11273215355249,11273215356101,852
11273215612318,11273215612997,679
11273215860308,11273215861143,835
11273216108726,11273216109378,652
11273216364921,11273216365776,855
11273216623137,11273216623832,695
11273216875235,11273216876094,859
11273217123221,11273217124047,826
11273217373130,11273217373986,856
11273217619847,11273217620531,684
11273217869187,11273217869998,811
11273218112832,11273218113500,668
11273218359554,11273218360402,848
11273218604667,11273218605322,655
11273218847077,11273218847892,815
11273219142028,11273219142659,631
11273219458814,11273219459560,746
11273219764816,11273219765393,577
11273220046486,11273220047293,807
11273220293172,11273220293838,666
11273220559401,11273220560222,821
11273220806041,11273220806712,671
11273221049922,11273221050753,831
11273221307220,11273221307885,665
11273221552457,11273221553263,806
11273221796807,11273221797454,647
11273222039671,11273222040444,773
11273222322940,11273222323642,702
11273222573296,11273222574178,882
11273222819706,11273222820379,673
11273223062988,11273223063830,842
11273223307037,11273223307714,677
11273223558888,11273223559690,802
11273223802917,11273223803564,647
11273224047786,11273224048613,827
11273224293201,11273224293863,662
11273224542334,11273224543144,810
11273224790231,11273224790902,671
11273225035709,11273225036544,835
11273225280139,11273225280807,668
11273225528388,11273225529241,853
11273225785256,11273225785939,683
11273226030622,11273226031498,876
11273226293613,11273226294304,691
11273226539443,11273226540297,854
11273226785078,11273226785806,728
11273227030387,11273227031229,842
11273227273681,11273227274362,681
11273227516911,11273227517765,854
11273227762625,11273227763283,658
11273228009569,11273228010369,800
11273228257675,11273228258325,650
11273228501005,11273228501833,828
11273228743353,11273228744015,662
11273228997947,11273228998766,819
11273229244570,11273229245214,644
11273229492202,11273229493050,848
11273229737287,11273229737945,658
11273229980964,11273229981804,840
11273230225067,11273230225761,694
11273230471370,11273230472192,822
11273230714577,11273230715258,681
11273230958725,11273230959560,835
11273231198731,11273231199392,661
11273231461027,11273231461846,819
11273231705936,11273231706576,640
11273231952408,11273231953206,798
11273232194489,11273232195180,691
11273232454595,11273232455411,816
11273232700798,11273232701477,679
11273232944227,11273232945049,822
11273233189927,11273233190608,681
11273233440284,11273233441092,808
11273233686493,11273233687137,644
11273233930553,11273233931389,836
11273234173186,11273234173845,659
11273234416064,11273234416890,826
11273234675274,11273234675929,655
11273234920968,11273234921755,787
11273235164205,11273235164876,671
11273235410829,11273235411622,793
11273235681116,11273235681778,662
11273235930386,11273235931237,851
11273236173949,11273236174614,665
11273236418067,11273236418872,805
11273236663109,11273236663792,683
11273236913869,11273236914697,828
11273237165189,11273237165828,639
11273237411051,11273237411844,793
11273237653949,11273237654604,655
11273237904475,11273237905297,822
11273238149114,11273238149787,673
11273238393368,11273238394198,830
11273238636246,11273238636899,653
11273238890109,11273238890903,794
11273239140055,11273239140712,657
11273239383029,11273239383843,814
11273239629073,11273239629732,659
11273239874729,11273239875557,828
11273240121141,11273240121792,651
11273240381011,11273240381845,834
11273240624646,11273240625311,665
11273240868885,11273240869718,833
11273241113137,11273241113796,659
11273241359659,11273241360504,845
11273241604348,11273241605002,654
11273241853836,11273241854698,862
11273242097196,11273242097826,630
11273242352543,11273242353350,807
11273242597867,11273242598527,660
11273242840815,11273242841621,806
11273243081511,11273243082178,667
11273243331304,11273243332138,834
11273243580882,11273243581546,664
11273243831482,11273243832278,796
11273244085611,11273244086311,700
11273244340213,11273244341001,788
11273244586748,11273244587426,678
11273244833665,11273244834506,841
11273245076837,11273245077519,682
11273245323170,11273245323998,828
11273245580600,11273245581266,666
11273245827913,11273245828740,827
11273246074861,11273246075563,702
11273246319769,11273246320593,824
11273246562955,11273246563623,668
11273246808883,11273246809710,827
11273247052729,11273247053408,679
11273247296727,11273247297575,848
11273247541642,11273247542300,658
11273247786043,11273247786844,801
11273248028959,11273248029590,631
11273248271307,11273248272142,835
11273248513829,11273248514489,660
11273248756971,11273248757824,853
11273249012878,11273249013540,662
11273249258491,11273249259344,853
11273249501492,11273249502137,645
11273249746369,11273249747210,841
11273250010484,11273250011193,709
11273250256608,11273250257438,830
11273250499010,11273250499661,651
11273250746341,11273250747147,806
11273250988724,11273250989352,628
11273251231578,11273251232374,796
11273251475465,11273251476114,649
11273251727535,11273251728397,862
11273251968976,11273251969614,638
11273252220685,11273252221486,801
11273252465694,11273252466345,651
11273252709095,11273252709910,815
11273252954471,11273252955126,655
11273253198832,11273253199675,843
11273253444900,11273253445578,678
11273253689147,11273253689959,812
11273253932987,11273253933669,682
11273254176366,11273254178281,1915
11273254419907,11273254420562,655
11273254681276,11273254682134,858
11273254998251,11273254999194,943
11273255306801,11273255307630,829
11273255564268,11273255564957,689
11273255813288,11273255814126,838
11273256096932,11273256097855,923
11273256414194,11273256415105,911
11273256668421,11273256669068,647
11273256915831,11273256916674,843
11273257158726,11273257159389,663
11273257408259,11273257409095,836
11273257650583,11273257651251,668
11273257911620,11273257912778,1158
11273258160657,11273258161337,680
11273258418014,11273258418952,938
11273258672582,11273258673212,630
11273258931879,11273258932658,779
11273259176850,11273259177534,684
11273259421776,11273259422582,806
11273259666323,11273259667004,681
11273259910712,11273259911515,803
11273260151918,11273260152556,638
11273260395900,11273260396737,837
11273260637571,11273260638269,698
11273260882365,11273260883168,803
11273261121866,11273261122533,667
11273261368127,11273261368920,793
11273261611958,11273261612634,676
11273261857000,11273261857774,774
11273262100546,11273262101228,682
11273262353201,11273262354019,818
11273262596867,11273262597521,654
11273262845611,11273262846390,779
11273263088584,11273263089247,663
11273263333465,11273263334307,842
11273263576698,11273263577382,684
11273263825280,11273263826085,805
11273264073029,11273264073665,636
11273264335430,11273264336253,823
11273264591518,11273264592233,715
11273264835548,11273264836379,831
11273265080931,11273265081606,675
11273265328483,11273265329285,802
11273265581265,11273265581954,689
11273265829123,11273265829957,834
11273266068651,11273266069317,666
11273266317268,11273266318084,816
11273266561247,11273266561920,673
11273266829886,11273266830610,724
11273267052084,11273267052709,625
11273267277602,11273267278356,754
11273267496821,11273267497424,603
11273267719187,11273267719943,756
11273267941745,11273267942371,626
11273268162627,11273268163345,718
11273268388285,11273268388897,612
11273268610469,11273268611209,740
11273268832255,11273268832902,647
11273269138149,11273269138904,755
11273269369218,11273269369829,611
11273269592155,11273269592880,725
11273269812463,11273269813059,596
11273270035757,11273270036498,741
11273270263106,11273270263720,614
11273270485619,11273270486341,722
11273270703489,11273270704136,647
11273270927098,11273270927866,768
11273271147937,11273271148538,601
11273271372214,11273271372969,755
11273271593590,11273271594191,601
11273271816681,11273271817409,728
11273272037324,11273272037954,630
11273272311604,11273272312423,819
11273272573477,11273272574070,593
11273272796192,11273272796933,741
11273273017248,11273273017847,599
11273273237297,11273273238012,715
11273273460434,11273273461006,572
11273273685743,11273273686489,746
11273273906567,11273273907187,620
11273274127486,11273274128201,715
11273274349862,11273274350489,627
11273274574761,11273274575509,748
11273274796363,11273274796970,607
11273275026361,11273275027096,735
11273275246592,11273275247193,601
11273275472954,11273275473682,728
11273275774989,11273275775603,614
11273275999117,11273275999883,766
11273276221679,11273276222268,589
11273276449698,11273276450461,763
11273276670211,11273276670795,584
11273276892022,11273276892731,709
11273277113836,11273277114451,615
11273277336517,11273277337276,759
11273277558727,11273277559360,633
11273277780726,11273277781476,750
11273278001763,11273278002382,619
11273278224965,11273278225758,793
11273278446189,11273278446800,611
11273278668417,11273278669157,740
11273278897499,11273278898061,562
11273279198179,11273279198939,760
11273279421893,11273279422527,634
11273279652040,11273279652795,755
11273279873275,11273279873885,610
11273280096238,11273280096982,744
11273280321216,11273280321813,597
11273280544966,11273280545727,761
11273280766914,11273280767569,655
11273280990601,11273280991349,748
11273281210678,11273281211279,601
11273281433248,11273281434015,767
11273281656221,11273281656810,589
11273281879758,11273281880502,744
11273282102039,11273282102610,571
11273282409023,11273282409781,758
11273282633112,11273282633688,576
11273282857249,11273282857996,747
11273283079125,11273283079723,598
11273283300540,11273283301265,725
11273283520882,11273283521466,584
11273283745969,11273283746740,771
11273283965614,11273283966208,594
11273284187537,11273284188330,793
11273284410863,11273284411452,589
11273284636552,11273284637287,735
11273284857495,11273284858095,600
11273285127577,11273285128322,745
11273285349586,11273285350189,603
11273285618474,11273285619294,820
11273285879156,11273285879753,597
11273286106316,11273286107070,754
11273286330707,11273286331298,591
11273286554237,11273286555004,767
11273286777553,11273286778156,603
11273287000609,11273287001367,758
11273287225095,11273287225725,630
11273287445892,11273287446656,764
11273287671825,11273287672430,605
11273287896070,11273287896811,741
11273288117744,11273288118331,587
11273288338802,11273288339534,732
11273288560538,11273288561141,603
11273288784629,11273288785401,772
11273289094764,11273289095388,624
11273289319986,11273289320735,749
11273289542724,11273289543338,614
11273289770354,11273289771134,780
11273289990252,11273289990859,607
11273290219420,11273290220168,748
11273290441659,11273290442240,581
11273290664483,11273290665265,782
11273290887796,11273290888387,591
11273291113138,11273291113896,758
11273291332360,11273291332949,589
11273291556107,11273291556854,747
11273291781596,11273291782187,591
11273292002704,11273292003476,772
11273292278896,11273292279565,669
11273292538984,11273292539749,765
11273292760005,11273292760641,636
11273292985967,11273292986724,757
11273293206756,11273293207364,608
11273293436391,11273293437146,755
11273293662339,11273293662940,601
11273293885767,11273293886524,757
11273294106499,11273294107112,613
11273294334862,11273294335642,780
11273294556849,11273294557445,596
11273294780051,11273294780845,794
11273295004614,11273295005239,625
11273295227022,11273295227764,742
11273295449844,11273295450464,620
11273295693747,11273295694486,739
11273295920271,11273295920871,600
11273296145008,11273296145774,766
11273296368074,11273296368699,625
11273296590030,11273296590799,769
11273296811248,11273296811870,622
11273297041809,11273297042583,774
11273297265659,11273297266273,614
11273297489072,11273297489798,726
11273297710976,11273297711563,587
11273297936686,11273297937440,754
11273298159127,11273298159741,614
11273298381639,11273298382400,761
11273298689655,11273298690289,634
11273298929823,11273298930625,802
11273299153926,11273299154528,602
11273299377388,11273299379129,1741
11273299602042,11273299602653,611
11273299825406,11273299826211,805
11273300048998,11273300049601,603
11273300279545,11273300280309,764
11273300501097,11273300501726,629
11273300724263,11273300725042,779
11273300951644,11273300952265,621
11273301175216,11273301176025,809
11273301405286,11273301405834,548
11273301628693,11273301629450,757
11273301851266,11273301851867,601
11273302077129,11273302077891,762
11273302385777,11273302386364,587
11273302608611,11273302609380,769
11273302832971,11273302833597,626
11273303055385,11273303056195,810
11273303316048,11273303316703,655
11273303579390,11273303580166,776
11273303802856,11273303803470,614
11273304027716,11273304028502,786
11273304335452,11273304336073,621
11273304560260,11273304561065,805
11273304785287,11273304785924,637
11273305009629,11273305010422,793
11273305232254,11273305232872,618
11273305457896,11273305458670,774
11273305735233,11273305735908,675
11273305983676,11273305984537,861
11273306227081,11273306227772,691
11273306469521,11273306470432,911
11273306714660,11273306715348,688
11273306958096,11273306958990,894
11273307203235,11273307203888,653
11273307446380,11273307447210,830
11273307690131,11273307690820,689
11273307935110,11273307935977,867
11273308180911,11273308181593,682
11273308425353,11273308426209,856
11273308669662,11273308670358,696
11273308921325,11273308922204,879
11273309175438,11273309176077,639
11273309405376,11273309406201,825
11273309630044,11273309630669,625
11273309854362,11273309855182,820
11273310079578,11273310080238,660
11273310304646,11273310305429,783
11273310527795,11273310528435,640
11273310753114,11273310753916,802
11273310975844,11273310976480,636
11273311196987,11273311197731,744
11273311421556,11273311422184,628
11273311643816,11273311644617,801
11273311866174,11273311866820,646
11273312090167,11273312090934,767
11273312320228,11273312320815,587
11273312542605,11273312543360,755
11273312764929,11273312765572,643
11273312986536,11273312987327,791
11273313210955,11273313211603,648
11273313436715,11273313437493,778
11273313657972,11273313658603,631
11273313879641,11273313880411,770
11273314103171,11273314103755,584
11273314328751,11273314329543,792
11273314550362,11273314550974,612
11273314771867,11273314772618,751
11273314994670,11273314995287,617
11273315219446,11273315220215,769
11273315443552,11273315444190,638
11273315674934,11273315675687,753
11273315905506,11273315906140,634
11273316128207,11273316128995,788
11273316352061,11273316352677,616
11273316579074,11273316579852,778
11273316798470,11273316799097,627
11273317023320,11273317024091,771
11273317250170,11273317250801,631
11273317474109,11273317474875,766
11273317694956,11273317695582,626
11273317916362,11273317917139,777
11273318137460,11273318138086,626
11273318362538,11273318363295,757
11273318584338,11273318584950,612
11273318808120,11273318808910,790
11273319036128,11273319036751,623
11273319270618,11273319271402,784
11273319493066,11273319493701,635
11273319715357,11273319716185,828
11273319938014,11273319938649,635
11273320160945,11273320161715,770
11273320390681,11273320391317,636
11273320614785,11273320615590,805
11273320835591,11273320836197,606
11273321058907,11273321059692,785
11273321282498,11273321283141,643
11273321511383,11273321512177,794
11273321732445,11273321733062,617
11273321956311,11273321957076,765
11273322176836,11273322177432,596
11273322485451,11273322486247,796
11273322726436,11273322727978,1542
11273322952678,11273322953454,776
11273323176713,11273323177312,599
11273323401155,11273323401958,803
11273323625397,11273323626001,604
11273323849630,11273323850390,760
11273324074693,11273324075300,607
11273324383464,11273324384216,752
11273324603557,11273324604153,596
11273324826744,11273324827538,794
11273325051768,11273325052383,615
11273325278565,11273325279318,753
11273325500946,11273325501545,599
11273325806614,11273325807373,759
11273326026578,11273326027177,599
11273326250499,11273326251256,757
11273326479527,11273326480164,637
11273326701911,11273326702664,753
11273327002386,11273327003014,628
11273327310539,11273327311291,752
11273327611652,11273327612287,635
11273327925834,11273327926600,766
11273328233960,11273328234588,628
11273328513727,11273328514545,818
11273328754964,11273328755679,715
11273329007118,11273329007959,841
11273329259303,11273329259991,688
11273329525576,11273329526337,761
11273329838760,11273329839385,625
11273330147254,11273330148019,765
11273330418799,11273330419451,652
11273330666508,11273330667319,811
11273330910158,11273330910893,735
11273331153712,11273331154528,816
11273331394617,11273331395286,669
11273331638637,11273331639443,806
11273331880824,11273331881482,658
11273332123022,11273332123909,887
11273332374417,11273332375067,650
11273332619768,11273332620573,805
11273332861899,11273332862576,677
11273333111220,11273333112035,815
11273333368343,11273333369009,666
11273333610819,11273333611652,833
11273333852277,11273333852903,626
11273334097692,11273334098495,803
11273334341481,11273334342156,675
11273334583744,11273334584512,768
11273334824448,11273334825078,630
11273335068295,11273335069144,849
11273335314395,11273335315068,673
11273335566265,11273335567016,751
11273335807585,11273335808234,649
11273336051862,11273336052681,819
11273336298718,11273336299402,684
11273336556975,11273336557824,849
11273336914914,11273336915575,661
11273337189670,11273337190518,848
11273337437321,11273337438005,684
11273337696417,11273337697249,832
11273337943307,11273337943988,681
11273338196028,11273338196856,828
11273338437272,11273338437935,663
11273338696917,11273338697737,820
11273338958884,11273338959576,692
11273339218854,11273339219933,1079
11273339476451,11273339477102,651
11273339721438,11273339722260,822
11273339969017,11273339969720,703
11273340212841,11273340213609,768
11273340455232,11273340455920,688
11273340700404,11273340701222,818
11273340944028,11273340944725,697
11273341187651,11273341188480,829
11273341429980,11273341430629,649
11273341675102,11273341675943,841
11273341916491,11273341917149,658
11273342164781,11273342165611,830
11273342414598,11273342415269,671
11273342659066,11273342659886,820
11273342900368,11273342901052,684
11273343156384,11273343157224,840
11273343401802,11273343402498,696
11273343647315,11273343648164,849
11273343889075,11273343889728,653
11273344135753,11273344136535,782
11273344383892,11273344384556,664
11273344625599,11273344626405,806
11273344868988,11273344869689,701
11273345115124,11273345115926,802
11273345362954,11273345363695,741
11273345616913,11273345617741,828
11273345862103,11273345862787,684
11273346106498,11273346107300,802
11273346354790,11273346355482,692
11273346602710,11273346603521,811
11273346846614,11273346847320,706
11273347095218,11273347096056,838
11273347349651,11273347350313,662
11273347593059,11273347593883,824
11273347837569,11273347838244,675
11273348082747,11273348083554,807
11273348323269,11273348323954,685
11273348570211,11273348571001,790
11273348812348,11273348813024,676
11273349062187,11273349063056,869
11273349303691,11273349304351,660
11273349546271,11273349547141,870
11273349790049,11273349790759,710
11273350039689,11273350040520,831
11273350281988,11273350282698,710
11273350526756,11273350527608,852
11273350772698,11273350773324,626
11273351016324,11273351017173,849
11273351262742,11273351263409,667
11273351505534,11273351506351,817
11273351746569,11273351747215,646
11273351992196,11273351993048,852
11273352320040,11273352320691,651
11273352566042,11273352566933,891
11273352806996,11273352807676,680
11273353053041,11273353053889,848
11273353296661,11273353297388,727
11273353541819,11273353542664,845
11273353783517,11273353784227,710
11273354026668,11273354027543,875
11273354270854,11273354271560,706
11273354513313,11273354514155,842
11273354757816,11273354758500,684
11273355005046,11273355005907,861
11273355249254,11273355250030,776
11273355492669,11273355493507,838
11273355742529,11273355743219,690
11273355989013,11273355989876,863
11273356258627,11273356259263,636
11273356556856,11273356557635,779
11273356860897,11273356861538,641
11273357159984,11273357160737,753
11273357462098,11273357462706,608
11273357763674,11273357764452,778
11273358073493,11273358074091,598
11273358358651,11273358359469,818
11273358600823,11273358601471,648
11273358842722,11273358843553,831
11273359121765,11273359122359,594
11273359423720,11273359424486,766
11273359733820,11273359734431,611
11273360035059,11273360035812,753
11273360343525,11273360344132,607
11273360619417,11273360620221,804
11273360862868,11273360863560,692
11273361107164,11273361107961,797
11273361350781,11273361351412,631
11273361594869,11273361595665,796
11273361837095,11273361837723,628
11273362081549,11273362082355,806
11273362332897,11273362333611,714
11273362579594,11273362580415,821
11273362821344,11273362822026,682
11273363068126,11273363068986,860
11273363314857,11273363315518,661
11273363561755,11273363562582,827
11273363804681,11273363805340,659
11273364048503,11273364049310,807
11273364294893,11273364295576,683
11273364539722,11273364540528,806
11273364781570,11273364782261,691
11273365024832,11273365025636,804
11273365267769,11273365268429,660
11273365511706,11273365512554,848
11273365764340,11273365765002,662
11273366008103,11273366008942,839
11273366252757,11273366253441,684
11273366506778,11273366507614,836
11273366752188,11273366752860,672
11273366995239,11273366996090,851
11273367256028,11273367256707,679
11273367500167,11273367501022,855
11273367741471,11273367742121,650
11273367986576,11273367987374,798
11273368232073,11273368232805,732
11273368479273,11273368480119,846
11273368722817,11273368723491,674
11273368976784,11273368977634,850
11273369220927,11273369221591,664
11273369466544,11273369467371,827
11273369706932,11273369707610,678
11273369950772,11273369951619,847
11273370195444,11273370196140,696
11273370446160,11273370447002,842
11273370689386,11273370690033,647
11273370940739,11273370941607,868
11273371187863,11273371188559,696
11273371433611,11273371434390,779
11273371674880,11273371675521,641
11273371919326,11273371920157,831
11273372163064,11273372163750,686
11273372413806,11273372414664,858
11273372658433,11273372659096,663
11273372901782,11273372902656,874
11273373145233,11273373145914,681
11273373396094,11273373396899,805
11273373640678,11273373641320,642
11273373885029,11273373885853,824
11273374128781,11273374129411,630
11273374376590,11273374377425,835
11273374623141,11273374623770,629
11273374866428,11273374867207,779
11273375109117,11273375109746,629
11273375351853,11273375352653,800
11273375609385,11273375610034,649
11273375854211,11273375855044,833
11273376097701,11273376098376,675
11273376343094,11273376343897,803
11273376587508,11273376588169,661
11273376835072,11273376835859,787
11273377076811,11273377077470,659
11273377355104,11273377355930,826
11273377596033,11273377596663,630
11273377840881,11273377841696,815
11273378085031,11273378085681,650
11273378330843,11273378331663,820
11273378569952,11273378570624,672
11273378815031,11273378815834,803
11273379066142,11273379066811,669
11273379311830,11273379312650,820
11273379555576,11273379556248,672
11273379797006,11273379797832,826
11273380044568,11273380045245,677
11273380287654,11273380288426,772
11273380529651,11273380530375,724
11273380777079,11273380777918,839
11273381023459,11273381024122,663
11273381265222,11273381266030,808
11273381513553,11273381514223,670
11273381758069,11273381758911,842
11273382001675,11273382002368,693
11273382255248,11273382256054,806
11273382515073,11273382515739,666
11273382760222,11273382761044,822
11273383004005,11273383004673,668
11273383254634,11273383255465,831
11273383501224,11273383501875,651
11273383747071,11273383747889,818
11273383987375,11273383988072,697
11273384232826,11273384233635,809
11273384479178,11273384479882,704
11273384725063,11273384725901,838
11273384969529,11273384970160,631
11273385216940,11273385217739,799
11273385459911,11273385460581,670
11273385714894,11273385715711,817
11273385961870,11273385962550,680
11273386205389,11273386206227,838
11273386449910,11273386450545,635
11273386697189,11273386697997,808
11273386938587,11273386939255,668
11273387181533,11273387182331,798
11273387429829,11273387430499,670
11273387673330,11273387674172,842
11273387919858,11273387920524,666
11273388163905,11273388164712,807
11273388407632,11273388408295,663
11273388652959,11273388653733,774
11273388908971,11273388909613,642
11273389178733,11273389179483,750
11273389403204,11273389403845,641
11273389631083,11273389631843,760
11273389856702,11273389857332,630
11273390079786,11273390080537,751
11273390300593,11273390301201,608
11273390523663,11273390524401,738
11273390745828,11273390746439,611
11273390969165,11273390969900,735
11273391190693,11273391191304,611
11273391416270,11273391417042,772
11273391692775,11273391693471,696
11273391939580,11273391940442,862
11273392184296,11273392184988,692
11273392437206,11273392438048,842
11273392681539,11273392682207,668
11273392929580,11273392930414,834
11273393174838,11273393175537,699
11273393422502,11273393423321,819
11273393668081,11273393668728,647
11273393914290,11273393915107,817
11273394163922,11273394164650,728
11273394410785,11273394411593,808
11273394654481,11273394655161,680
11273394900242,11273394901043,801
11273395143757,11273395144442,685
11273395388739,11273395389572,833
11273395647067,11273395647743,676
11273395893011,11273395893857,846
11273396138495,11273396139169,674
11273396388650,11273396389473,823
11273396630404,11273396631107,703
11273396876623,11273396877531,908
11273397120888,11273397121534,646
11273397398556,11273397399378,822
11273397642336,11273397643017,681
11273397893915,11273397894768,853
11273398173546,11273398174228,682
11273398430657,11273398431587,930
11273398676644,11273398677375,731
11273398935428,11273398936312,884
11273399182545,11273399183229,684
11273399437101,11273399437945,844
11273399690899,11273399691581,682
11273399941975,11273399942811,836
11273400186060,11273400186753,693
11273400468614,11273400469454,840
11273400712010,11273400712724,714
11273400953811,11273400954642,831
11273401199740,11273401200429,689
11273401454620,11273401455465,845
11273401698092,11273401698769,677
11273401940241,11273401941085,844
11273402182396,11273402183057,661
11273402453012,11273402453842,830
11273402702258,11273402702912,654
11273402949192,11273402950029,837
11273403190704,11273403191379,675
11273403443038,11273403443862,824
11273403706716,11273403707350,634
11273404049910,11273404050750,840
11273404293011,11273404293706,695
11273404537976,11273404538839,863
11273404781436,11273404782111,675
11273405026105,11273405026924,819
11273405273370,11273405274059,689
11273405517161,11273405517975,814
11273405785322,11273405785992,670
11273406036775,11273406037619,844
11273406283534,11273406284185,651
11273406533401,11273406534272,871
11273406778732,11273406779425,693
11273407027400,11273407028204,804
11273407275618,11273407276289,671
11273407521822,11273407522655,833
11273407766864,11273407767544,680
11273408019395,11273408020236,841
11273408265670,11273408266335,665
11273408513781,11273408514619,838
11273408759141,11273408759813,672
11273409015404,11273409016266,862
11273409261073,11273409261725,652
11273409512784,11273409513628,844
11273409757867,11273409758577,710
11273410002516,11273410003390,874
11273410243813,11273410244510,697
11273410491980,11273410492888,908
11273410741762,11273410742459,697
11273410984585,11273410985405,820
11273411225704,11273411226373,669
11273411474610,11273411475451,841
11273411720383,11273411721064,681
11273411970693,11273411971529,836
11273412218615,11273412219240,625
11273412466126,11273412466990,864
11273412709275,11273412709947,672
11273412954970,11273412955783,813
11273413197148,11273413197825,677
11273413444794,11273413445612,818
11273413689899,11273413690565,666
11273413934135,11273413934956,821
11273414177924,11273414178596,672
11273414423945,11273414424769,824
11273414664798,11273414665466,668
11273414909175,11273414909985,810
11273415154278,11273415154961,683
11273415397090,11273415397904,814
11273415646722,11273415647370,648
11273415894871,11273415895724,853
11273416138166,11273416138852,686
11273416381200,11273416382014,814
11273416624657,11273416625328,671
11273416872848,11273416873670,822
11273417112214,11273417112865,651
11273417357096,11273417357940,844
11273417603694,11273417604367,673
11273417847816,11273417848668,852
11273418092644,11273418093340,696
11273418341597,11273418342467,870
11273418585090,11273418585762,672
11273418830083,11273418830919,836
11273419077499,11273419078156,657
11273419325073,11273419325931,858
11273419567682,11273419568369,687
11273419812297,11273419813163,866
11273420054947,11273420055591,644
11273420301791,11273420302607,816
11273420546155,11273420546865,710
11273420789219,11273420790076,857
11273421032012,11273421032689,677
11273421276893,11273421277734,841
11273421521127,11273421521827,700
11273421762625,11273421763480,855
11273422005278,11273422005992,714
11273422283540,11273422284396,856
11273422528283,11273422528950,667
11273422773718,11273422774573,855
11273423017921,11273423018598,677
11273423272752,11273423273608,856
11273423517169,11273423517872,703
11273423763672,11273423764539,867
11273424053790,11273424054445,655
11273424310073,11273424310935,862
11273424552172,11273424552846,674
11273424797141,11273424797990,849
11273425038551,11273425039247,696
11273425284502,11273425285360,858
11273425530930,11273425531619,689
11273425794281,11273425795140,859
11273426038882,11273426039542,660
11273426292856,11273426293695,839
11273426534683,11273426535340,657
11273426782010,11273426782842,832
11273427026654,11273427027326,672
11273427268314,11273427269123,809
11273427511596,11273427512286,690
11273427754403,11273427755251,848
11273428000048,11273428000722,674
11273428244454,11273428245318,864
11273428486206,11273428486885,679
11273428728360,11273428729191,831
11273428980143,11273428980797,654
11273429224627,11273429225463,836
11273429469121,11273429469769,648
11273429724100,11273429724954,854
11273429967213,11273429967890,677
11273430214243,11273430215095,852
11273430457660,11273430458337,677
11273430701946,11273430702787,841
11273430944613,11273430945294,681
11273431192962,11273431193846,884
11273431435828,11273431436517,689
11273431681322,11273431682170,848
11273431925216,11273431925875,659
11273432167787,11273432168607,820
11273432418348,11273432419033,685
11273432666453,11273432667382,929
11273432909383,11273432910054,671
11273433160357,11273433161220,863
11273433402444,11273433403132,688
11273433648508,11273433649380,872
11273433894410,11273433895074,664
11273434137696,11273434138553,857
11273434380575,11273434381274,699
11273434624954,11273434625780,826
11273434869256,11273434869888,632
11273435112018,11273435112878,860
11273435355738,11273435356419,681
11273435609361,11273435610175,814
11273435865235,11273435865890,655
11273436110117,11273436110927,810
11273436352594,11273436353253,659
11273436596310,11273436597169,859
11273436842927,11273436843610,683
11273437087297,11273437088144,847
11273437330928,11273437331598,670
11273437576505,11273437577338,833
11273437819627,11273437820304,677
11273438063975,11273438064832,857
11273438306578,11273438307237,659
11273438550215,11273438551057,842
11273438794015,11273438794688,673
11273439046727,11273439047559,832
11273439291809,11273439292496,687
11273439539669,11273439540515,846
11273439780177,11273439780897,720
11273440026235,11273440027075,840
11273440268867,11273440269560,693
11273440511857,11273440512700,843
11273440757149,11273440757804,655
11273441004462,11273441005305,843
11273441244870,11273441245566,696
11273441486524,11273441487380,856
11273441730905,11273441731591,686
11273441974678,11273441975516,838
11273442227628,11273442228286,658
11273442492718,11273442493553,835
11273442737044,11273442737723,679
11273442982885,11273442983707,822
11273443226664,11273443227344,680
11273443473460,11273443474278,818
11273443719357,11273443720043,686
11273443964850,11273443965658,808
11273444207116,11273444207787,671
11273444458792,11273444459599,807
11273444700624,11273444701269,645
11273444943377,11273444944225,848
11273445188671,11273445189340,669
11273445431448,11273445432326,878
11273445685826,11273445686488,662
11273445932666,11273445933501,835
11273446174551,11273446175224,673
11273446423848,11273446424670,822
11273446668982,11273446669650,668
11273446912600,11273446913399,799
11273447154155,11273447154836,681
11273447417816,11273447418656,840
11273447663231,11273447663909,678
11273447907469,11273447908267,798
11273448149793,11273448150481,688
11273448394116,11273448394956,840
11273448635908,11273448636599,691
11273448886575,11273448887377,802
11273449131018,11273449131657,639
11273449379536,11273449380362,826
11273449624167,11273449624855,688
11273449870930,11273449871753,823
11273450116647,11273450117293,646
11273450359377,11273450360197,820
11273450606059,11273450606707,648
11273450850851,11273450851701,850
11273451096410,11273451097080,670
11273451340412,11273451341277,865
11273451582346,11273451583007,661
11273451827752,11273451828592,840
11273452072601,11273452073294,693
11273452327351,11273452328161,810
11273452572776,11273452573417,641
11273452823200,11273452824018,818
11273453069078,11273453069726,648
11273453314156,11273453314975,819
11273453556514,11273453557162,648
11273453801674,11273453802510,836
11273454043011,11273454043663,652
11273454288172,11273454288993,821
11273454542808,11273454543449,641
11273454788418,11273454789236,818
11273455030467,11273455031111,644
11273455277472,11273455278296,824
11273455524391,11273455525065,674
11273455774524,11273455775325,801
11273456021729,11273456022402,673
11273456267354,11273456268174,820
11273456515262,11273456515932,670
11273456764803,11273456765647,844
11273457008723,11273457009376,653
11273457259977,11273457260815,838
11273457506282,11273457506967,685
11273457751814,11273457752619,805
11273457993413,11273457994135,722
11273458240226,11273458241054,828
11273458482785,11273458483448,663
11273458730598,11273458731446,848
11273458985482,11273458986182,700
11273459233269,11273459234123,854
11273459475439,11273459476123,684
11273459722281,11273459723119,838
11273459965659,11273459966328,669
11273460212315,11273460213154,839
11273460454026,11273460454705,679
11273460696481,11273460697317,836
11273460944072,11273460944759,687
11273461187699,11273461188539,840
11273461439012,11273461439689,677
11273461683978,11273461684836,858
11273461929583,11273461930263,680
11273462173424,11273462174264,840
11273462426794,11273462427436,642
11273462670989,11273462671811,822
11273462915407,11273462916088,681
11273463163587,11273463164450,863
11273463408520,11273463409206,686
11273463652352,11273463653181,829
11273463894848,11273463895520,672
11273464141352,11273464142204,852
11273464384862,11273464385507,645
11273464631570,11273464632360,790
11273464873548,11273464874219,671
11273465121949,11273465122756,807
11273465371973,11273465372630,657
11273465621074,11273465621910,836
11273465864310,11273465864953,643
11273466111480,11273466112304,824
11273466358886,11273466359552,666
11273466603352,11273466604176,824
11273466848387,11273466849041,654
11273467095371,11273467096205,834
11273467335737,11273467336428,691
11273467582197,11273467583020,823
11273467824540,11273467825187,647
11273468070714,11273468071547,833
11273468314648,11273468315315,667
11273468576176,11273468576949,773
11273468818564,11273468819203,639
11273469069925,11273469070735,810
11273469313943,11273469314608,665
11273469558501,11273469559365,864
11273469802776,11273469803497,721
11273470046856,11273470047703,847
11273470290371,11273470291055,684
11273470537836,11273470538665,829
11273470782561,11273470783220,659
11273471027434,11273471028301,867
11273471273886,11273471274527,641
11273471517286,11273471518096,810
11273471761728,11273471762396,668
11273472004829,11273472005676,847
11273472254916,11273472255582,666
11273472501921,11273472502767,846
11273472769837,11273472770539,702
11273473021895,11273473022765,870
11273473264137,11273473264808,671
11273473512638,11273473513502,864
11273473753710,11273473754367,657
11273473998245,11273473999063,818
11273474243851,11273474244493,642
11273474488589,11273474489402,813
11273474730950,11273474731646,696
11273474974156,11273474974970,814
11273475217165,11273475217840,675
11273475461744,11273475462600,856
11273475712403,11273475713062,659
11273475956987,11273475957827,840
11273476196526,11273476197204,678
11273476437651,11273476438488,837
11273476679032,11273476679692,660
11273476923805,11273476925697,1892
11273477169153,11273477169807,654
11273477410628,11273477411455,827
11273477651952,11273477653656,1704
11273477901073,11273477901899,826
11273478139151,11273478139835,684
11273478387233,11273478388082,849
11273478629163,11273478629842,679
11273478877610,11273478878776,1166
11273479120313,11273479120951,638
11273479365130,11273479365979,849
11273479605538,11273479606191,653
11273479849793,11273479850637,844
11273480100715,11273480101339,624
11273480343877,11273480344718,841
11273480590225,11273480590914,689
11273480834516,11273480835353,837
11273481075559,11273481076237,678
11273481321192,11273481322037,845
11273481564183,11273481564863,680
11273481808364,11273481809167,803
11273482052279,11273482052941,662
11273482300438,11273482301251,813
11273482543852,11273482544505,653
11273482786822,11273482787638,816
11273483028787,11273483029442,655
11273483272432,11273483273236,804
11273483513082,11273483513786,704
11273483756600,11273483757410,810
11273483998467,11273483999142,675
11273484241559,11273484242403,844
11273484482652,11273484483344,692
11273484725838,11273484726680,842
11273484967045,11273484967742,697
11273485213171,11273485213999,828
11273485469491,11273485470187,696
11273485722096,11273485722900,804
11273485963891,11273485964544,653
11273486207244,11273486208079,835
11273486460223,11273486460863,640
11273486703585,11273486704391,806
11273486946986,11273486947623,637
11273487190173,11273487190969,796
11273487431784,11273487432445,661
11273487679362,11273487680107,745
11273487919777,11273487920457,680
11273488161507,11273488162305,798
11273488405573,11273488406262,689
11273488651994,11273488652811,817
11273488902782,11273488903445,663
11273489148763,11273489149558,795
11273489391394,11273489392046,652
11273489640068,11273489640884,816
11273489881497,11273489882133,636
11273490123801,11273490124587,786
11273490365989,11273490366637,648
11273490606792,11273490607573,781
11273490852947,11273490853625,678
11273491095954,11273491096788,834
11273491338326,11273491338971,645
11273491582595,11273491583419,824
11273491824066,11273491824729,663
11273492071431,11273492072264,833
11273492338585,11273492339249,664
11273492606772,11273492607501,729
11273492889000,11273492889685,685
11273493135753,11273493136575,822
11273493379698,11273493380371,673
11273493623918,11273493624723,805
11273493865288,11273493865979,691
11273494111062,11273494111864,802
11273494353100,11273494353759,659
11273494644840,11273494645626,786
11273494894360,11273494895054,694
11273495136496,11273495137270,774
11273495379564,11273495380247,683
11273495629469,11273495630275,806
11273495873871,11273495874489,618
11273496116032,11273496116820,788
11273496365928,11273496366599,671
11273496642220,11273496643318,1098
11273496920541,11273496921209,668
11273497148668,11273497149458,790
11273497368431,11273497369037,606
11273497588127,11273497588883,756
11273497801585,11273497802201,616
11273498019891,11273498020594,703
11273498237337,11273498237931,594
11273498458039,11273498458823,784
11273498674905,11273498675524,619
11273498902229,11273498903000,771
11273499119721,11273499120388,667
11273499340925,11273499341679,754
11273499558148,11273499558768,620
11273499776716,11273499777417,701
11273499996363,11273499996987,624
11273500214621,11273500215391,770
11273500433381,11273500433963,582
11273500652176,11273500652926,750
11273500868308,11273500868924,616
11273501090769,11273501091496,727
11273501315587,11273501316215,628
11273501535219,11273501535976,757
11273501755371,11273501755970,599
11273501973034,11273501973781,747
11273502188281,11273502188870,589
11273502433276,11273502434089,813
11273502651456,11273502652126,670
11273502868951,11273502869722,771
11273503089882,11273503090525,643
11273503309113,11273503309863,750
11273503528773,11273503529414,641
11273503750148,11273503750931,783
11273503967338,11273503967917,579
11273504183567,11273504184350,783
11273504402923,11273504403544,621
11273504622526,11273504623262,736
11273504838686,11273504839290,604
11273505057079,11273505057832,753
11273505273723,11273505274295,572
11273505502997,11273505503769,772
11273505724333,11273505724943,610
11273505945173,11273505945887,714
11273506165508,11273506166043,535
11273506396524,11273506397279,755
11273506614746,11273506615452,706
11273506834749,11273506835479,730
11273507056714,11273507057349,635
11273507279319,11273507280105,786
11273507501547,11273507502170,623
11273507722425,11273507723165,740
11273507941620,11273507942198,578
11273508161313,11273508162031,718
11273508380248,11273508380841,593
11273508598460,11273508599174,714
11273508822291,11273508822910,619
11273509044287,11273509045045,758
11273509263968,11273509264544,576
11273509484999,11273509485750,751
11273509702443,11273509703064,621
11273509916677,11273509917441,764
11273510131084,11273510131719,635
11273510352257,11273510353025,768
11273510568100,11273510568716,616
11273510788297,11273510789059,762
11273511005328,11273511005957,629
11273511227517,11273511228267,750
11273511442772,11273511443371,599
11273511661547,11273511662265,718
11273511876663,11273511877258,595
11273512099702,11273512100461,759
11273512341562,11273512342184,622
11273512568399,11273512569166,767
11273512784907,11273512785560,653
11273513004675,11273513005437,762
11273513222263,11273513222870,607
11273513446820,11273513447606,786
11273513666596,11273513667227,631
11273513883398,11273513884159,761
11273514107137,11273514107741,604
11273514328309,11273514329098,789
11273514546208,11273514546861,653
11273514763936,11273514764674,738
11273514982442,11273514983081,639
11273515204457,11273515205201,744
11273515421351,11273515421958,607
11273515644178,11273515644898,720
11273515865083,11273515865727,644
11273516084685,11273516085430,745
11273516303468,11273516304088,620
11273516522578,11273516523320,742
11273516741905,11273516742491,586
11273516963289,11273516964001,712
11273517179837,11273517180425,588
11273517398411,11273517399145,734
11273517615634,11273517616291,657
11273517842540,11273517843330,790
11273518060440,11273518061081,641
11273518281433,11273518282205,772
11273518500954,11273518501595,641
11273518720969,11273518721717,748
11273518942031,11273518942688,657
11273519165106,11273519165867,761
11273519384759,11273519385376,617
11273519603397,11273519604142,745
11273519822596,11273519823235,639
11273520043155,11273520043899,744
11273520263357,11273520264011,654
11273520487953,11273520488685,732
11273520707859,11273520708471,612
11273520926940,11273520927682,742
11273521148175,11273521148780,605
11273521367063,11273521367813,750
11273521586069,11273521586748,679
11273521804491,11273521805246,755
11273522023152,11273522023780,628
11273522252704,11273522253464,760
11273522475745,11273522476379,634
11273522696171,11273522696934,763
11273522918129,11273522918765,636
11273523138192,11273523138977,785
11273523353744,11273523354374,630
11273523574020,11273523574776,756
11273523793058,11273523793680,622
11273524013499,11273524014253,754
11273524235993,11273524236652,659
11273524456199,11273524456947,748
11273524672825,11273524673459,634
11273524892474,11273524893236,762
11273525109561,11273525110195,634
11273525330231,11273525330984,753
11273525556556,11273525557181,625
11273525776593,11273525777352,759
11273525994583,11273525995215,632
11273526216015,11273526216779,764
11273526434469,11273526435151,682
11273526655191,11273526655944,753
11273526872374,11273526873059,685
11273527092467,11273527093221,754
11273527310910,11273527311530,620
11273527536748,11273527537526,778
11273527754351,11273527754985,634
11273527975434,11273527976219,785
11273528196751,11273528197363,612
11273528413734,11273528414518,784
11273528631271,11273528631903,632
11273528856873,11273528857577,704
11273529080160,11273529080780,620
11273529299727,11273529300498,771
11273529518180,11273529518808,628
11273529738190,11273529738949,759
11273529959374,11273529960032,658
11273530179157,11273530179911,754
11273530395534,11273530396166,632
11273530615522,11273530616281,759
11273530832414,11273530833030,616
11273531061057,11273531061785,728
11273531279253,11273531279844,591
11273531499251,11273531500015,764
11273531717586,11273531718167,581
11273531937686,11273531938423,737
11273532158195,11273532158767,572
11273532381207,11273532381953,746
11273532599225,11273532599829,604
11273532818163,11273532818922,759
11273533037004,11273533037664,660
11273533255100,11273533255863,763
11273533472899,11273533473507,608
11273533689688,11273533690448,760
11273533906611,11273533907236,625
11273534125362,11273534126097,735
11273534346584,11273534347191,607
11273534567088,11273534567839,751
11273534786771,11273534787406,635
11273535011859,11273535012600,741
11273535232073,11273535232682,609
11273535451887,11273535452654,767
11273535671669,11273535672308,639
11273535896875,11273535897596,721
11273536112657,11273536113263,606
11273536332495,11273536333233,738
11273536552161,11273536552784,623
11273536775926,11273536776684,758
11273536994846,11273536995407,561
11273537212852,11273537213570,718
11273537427376,11273537427991,615
11273537651972,11273537652717,745
11273537873954,11273537874547,593
11273538095409,11273538096111,702
11273538312256,11273538312812,556
11273538535144,11273538535890,746
11273538752469,11273538753054,585
11273538997678,11273538998480,802
11273539232783,11273539233433,650
11273539456452,11273539457244,792
11273539675055,11273539675650,595
11273539897719,11273539898467,748
11273540118974,11273540119611,637
11273540340651,11273540341427,776
11273540558247,11273540558841,594
11273540781680,11273540782423,743
11273541000194,11273541000819,625
11273541220347,11273541221126,779
11273541438232,11273541438830,598
11273541661930,11273541662708,778
11273541878432,11273541879026,594
11273542100496,11273542101245,749
11273542328387,11273542329016,629
11273542552533,11273542553281,748
11273542772924,11273542773539,615
11273543018034,11273543018818,784
11273543236668,11273543237281,613
11273543462089,11273543462846,757
11273543676111,11273543676688,577
11273543897640,11273543898381,741
11273544117641,11273544118207,566
11273544338738,11273544340372,1634
11273544554808,11273544555424,616
11273544772413,11273544773137,724
11273544986966,11273544987569,603
11273545202916,11273545203660,744
11273545417170,11273545417813,643
11273545639387,11273545640175,788
11273545855925,11273545856522,597
11273546075573,11273546076361,788
11273546299588,11273546300197,609
11273546518915,11273546519679,764
11273546736896,11273546737519,623
11273546954242,11273546955005,763
11273547171076,11273547171659,583
11273547390431,11273547391224,793
11273547604633,11273547605243,610
11273547821253,11273547822006,753
11273548039322,11273548039944,622
11273548256772,11273548257515,743
11273548475234,11273548475846,612
11273548693130,11273548693840,710
11273548913541,11273548914149,608
11273549142991,11273549143772,781
11273549359950,11273549360549,599
11273549582756,11273549583504,748
11273549799454,11273549800071,617
11273550017723,11273550018478,755
11273550236862,11273550237471,609
11273550455241,11273550455948,707
11273550672447,11273550673027,580
11273550890970,11273550891694,724
11273551112467,11273551113095,628
11273551328390,11273551329160,770
11273551547791,11273551548413,622
11273551764036,11273551764741,705
11273551981582,11273551982178,596
11273552200218,11273552200955,737
11273552422445,11273552423070,625
11273552641531,11273552642231,700
11273552859445,11273552860048,603
11273553082261,11273553083021,760
11273553297384,11273553297998,614
11273553518606,11273553519320,714
11273553736559,11273553737154,595
11273553955856,11273553956583,727
11273554172438,11273554173035,597
11273554390173,11273554390918,745
11273554609556,11273554610182,626
11273554829948,11273554830705,757
11273555051681,11273555052357,676
11273555270974,11273555271707,733
11273555488128,11273555488726,598
11273555713464,11273555714141,677
11273555937944,11273555938562,618
11273556158655,11273556159377,722
11273556375045,11273556375640,595
11273556613651,11273556614495,844
11273556881829,11273556882486,657
11273557193890,11273557194889,999
11273557529653,11273557530448,795
11273557769788,11273557770679,891
11273557991411,11273557992070,659
11273558216574,11273558217355,781
11273558435066,11273558435722,656
11273558705407,11273558706159,752
11273558935802,11273558936431,629
11273559159620,11273559160373,753
11273559376471,11273559377094,623
11273559596979,11273559597732,753
11273559816088,11273559816736,648
11273560031595,11273560032326,731
11273560251030,11273560251635,605
11273560471121,11273560471794,673
11273560686999,11273560687597,598
11273560905313,11273560906045,732
11273561123188,11273561123747,559
11273561343658,11273561344371,713
11273561560185,11273561560763,578
11273561777812,11273561778557,745
11273561997439,11273561998074,635
11273562231365,11273562232098,733
11273562451097,11273562451745,648
11273562668658,11273562669363,705
11273562885689,11273562886292,603
11273563104990,11273563105761,771
11273563319634,11273563320266,632
11273563536417,11273563537155,738
11273563751535,11273563752158,623
11273563966067,11273563966816,749
11273564186156,11273564186801,645
11273564401697,11273564402439,742
11273564616933,11273564617581,648
11273564831927,11273564832654,727
11273565048884,11273565049524,640
11273565264910,11273565265595,685
11273565480864,11273565481456,592
11273565705995,11273565706720,725
11273565926327,11273565926968,641
11273566143311,11273566144046,735
11273566353219,11273566353810,591
11273566569179,11273566569932,753
11273566781780,11273566782375,595
11273566998180,11273566998920,740
11273567210631,11273567211254,623
11273567426114,11273567426848,734
11273567639362,11273567639948,586
11273567857683,11273567858420,737
11273568069591,11273568070211,620
11273568285681,11273568286405,724
11273568500265,11273568500885,620
11273568716132,11273568716890,758
11273568941430,11273568942053,623
11273569162346,11273569163097,751
11273569377751,11273569378378,627
11273569590634,11273569591389,755
11273569809723,11273569810297,574
11273570025579,11273570026305,726
11273570239737,11273570240306,569
11273570462995,11273570463743,748
11273570677340,11273570677939,599
11273570894561,11273570895296,735
11273571109869,11273571110447,578
11273571325587,11273571326319,732
11273571538303,11273571538918,615
11273571762523,11273571763270,747
11273571975709,11273571976310,601
11273572192724,11273572193433,709
11273572417809,11273572418484,675
11273572634390,11273572635154,764
11273572852675,11273572853273,598
11273573069668,11273573070448,780
11273573284983,11273573285614,631
11273573501078,11273573501823,745
11273573716080,11273573716692,612
11273573931253,11273573931964,711
11273574146379,11273574146985,606
11273574364950,11273574365664,714
11273574582089,11273574582707,618
11273574806338,11273574807171,833
11273575019664,11273575020311,647
11273575236754,11273575237534,780
11273575456176,11273575456787,611
11273575677925,11273575678687,762
11273575898055,11273575898682,627
11273576117905,11273576118582,677
11273576339040,11273576339637,597
11273576555712,11273576556433,721
11273576776115,11273576776677,562
11273576997168,11273576997939,771
11273577215384,11273577215975,591
11273577434911,11273577435674,763
11273577652709,11273577653326,617
11273577870974,11273577871733,759
11273578088479,11273578089103,624
11273578306801,11273578307508,707
11273578523266,11273578523854,588
11273578746190,11273578746909,719
11273578970367,11273578971038,671
11273579191942,11273579192633,691
11273579412730,11273579413340,610
11273579644260,11273579644986,726
11273579859925,11273579860520,595
11273580077588,11273580078290,702
11273580290822,11273580291414,592
11273580511550,11273580512268,718
11273580727029,11273580727612,583
11273580943963,11273580944691,728
11273581163275,11273581163854,579
11273581378815,11273581379518,703
11273581602278,11273581602876,598
11273581821473,11273581822200,727
11273582039218,11273582039853,635
11273582260118,11273582260838,720
11273582481817,11273582482458,641
11273582698751,11273582699493,742
11273582912818,11273582913453,635
11273583128096,11273583128818,722
11273583346089,11273583346691,602
11273583570162,11273583570908,746
11273583821954,11273583822572,618
11273584071184,11273584071995,811
11273584317425,11273584318074,649
11273584566720,11273584567524,804
11273584807763,11273584808460,697
11273585052659,11273585053465,806
11273585298484,11273585299151,667
11273585550539,11273585551328,789
11273585800078,11273585800729,651
11273586047763,11273586048590,827
11273586292020,11273586292685,665
11273586535780,11273586536582,802
11273586783347,11273586783996,649
11273587027982,11273587028838,856
11273587274287,11273587274983,696
11273587518420,11273587519226,806
11273587760047,11273587760723,676
11273588006440,11273588007274,834
11273588249219,11273588249893,674
11273588493757,11273588494590,833
11273588738330,11273588739012,682
11273588995207,11273588996027,820
11273589242765,11273589243440,675
11273589488944,11273589489742,798
11273589734604,11273589735236,632
11273589978081,11273589978892,811
11273590224190,11273590224815,625
11273590469050,11273590469843,793
11273590712420,11273590713066,646
11273590958973,11273590959799,826
11273591203961,11273591204593,632
11273591448720,11273591449566,846
11273591693545,11273591694203,658
11273591935479,11273591936302,823
11273592178339,11273592178987,648
11273592437298,11273592438112,814
11273592681157,11273592681826,669
11273592927700,11273592928495,795
11273593171371,11273593171995,624
11273593421266,11273593422090,824
11273593666949,11273593667619,670
11273593913288,11273593914128,840
11273594160462,11273594161099,637
11273594406315,11273594407122,807
11273594648900,11273594649556,656
11273594896335,11273594897161,826
11273595139954,11273595140589,635
11273595382576,11273595383367,791
11273595636410,11273595637060,650
11273595886718,11273595887565,847
11273596130248,11273596130923,675
11273596374502,11273596375339,837
11273596618926,11273596619572,646
11273596865890,11273596866735,845
11273597110910,11273597111581,671
11273597358012,11273597358856,844
11273597599945,11273597600617,672
11273597847558,11273597848374,816
11273598089468,11273598090115,647
11273598333928,11273598334786,858
11273598578830,11273598579533,703
11273598844781,11273598845633,852
11273599099895,11273599100566,671
11273599347533,11273599348342,809
11273599591599,11273599592252,653
11273599837245,11273599838067,822
11273600079580,11273600080253,673
11273600322628,11273600323449,821
11273600665652,11273600666385,733
11273600978200,11273600979035,835
11273601213946,11273601214611,665
11273601440219,11273601440964,745
11273601661601,11273601662255,654
11273601884148,11273601884901,753
11273602103909,11273602104517,608
11273602336129,11273602336874,745
11273602556379,11273602556983,604
11273602773618,11273602774365,747
11273602989572,11273602990169,597
11273603213450,11273603214220,770
11273603429751,11273603430343,592
11273603651584,11273603652337,753
11273603869317,11273603869906,589
11273604089597,11273604090283,686
11273604310436,11273604311006,570
11273604535082,11273604535837,755
11273604754920,11273604755515,595
11273604976488,11273604977247,759
11273605195605,11273605196198,593
11273605417751,11273605418464,713
11273605644682,11273605645416,734
11273605863190,11273605863936,746
11273606090529,11273606091170,641
11273606327078,11273606327843,765
11273606541087,11273606541679,592
11273606758056,11273606758774,718
11273606974070,11273606974664,594
11273607193664,11273607194393,729
11273607418568,11273607419186,618
11273607635077,11273607635815,738
11273607849263,11273607849862,599
11273608066274,11273608067017,743
11273608282726,11273608283325,599
11273608498494,11273608499214,720
11273608713939,11273608714578,639
11273608943338,11273608944083,745
11273609164776,11273609165390,614
11273609386417,11273609387132,715
11273609602668,11273609603301,633
11273609819919,11273609820665,746
11273610035973,11273610036555,582
11273610252715,11273610253465,750
11273610479270,11273610479909,639
11273610696592,11273610697334,742
11273610911554,11273610912180,626
11273611162280,11273611163153,873
11273611379184,11273611379842,658
11273611595903,11273611597693,1790
11273611813681,11273611814292,611
11273612030015,11273612030781,766
11273612271988,11273612272630,642
11273612494855,11273612495629,774
11273612709858,11273612710506,648
11273612926975,11273612927738,763
11273613141192,11273613141828,636
11273613361608,11273613362400,792
11273613577681,11273613578298,617
11273613793354,11273613794126,772
11273614006456,11273614007072,616
11273614222888,11273614223627,739
11273614438116,11273614438762,646
11273614650767,11273614651514,747
11273614864859,11273614865416,557
11273615082429,11273615083202,773
11273615314749,11273615315329,580
11273615531573,11273615532302,729
11273615762655,11273615763274,619
11273615980331,11273615981091,760
11273616194859,11273616195491,632
11273616423596,11273616424371,775
11273616637084,11273616637706,622
11273616853320,11273616854060,740
11273617068147,11273617068763,616
11273617296662,11273617297419,757
11273617508185,11273617508791,606
11273617733090,11273617733801,711
11273617946031,11273617946637,606
11273618162110,11273618162842,732
11273618396211,11273618396826,615
11273618612824,11273618613538,714
11273618826714,11273618827347,633
11273619064070,11273619064851,781
11273619285960,11273619286599,639
11273619506156,11273619506908,752
11273619721701,11273619722304,603
11273619938593,11273619939313,720
11273620158317,11273620158890,573
11273620390503,11273620391224,721
11273620604634,11273620605216,582
11273620823549,11273620824267,718
11273621038785,11273621039389,604
11273621256346,11273621257091,745
11273621472156,11273621472777,621
11273621687267,11273621688021,754
11273621903480,11273621904079,599
11273622122902,11273622123622,720
11273622342194,11273622342807,613
11273622561030,11273622561757,727
11273622775679,11273622776278,599
11273622993140,11273622993865,725
11273623210656,11273623211271,615
11273623428382,11273623429157,775
11273623694551,11273623695137,586
11273623912561,11273623913297,736
11273624127558,11273624128171,613
11273624344936,11273624345666,730
11273624559766,11273624560398,632
11273624780835,11273624781560,725
11273624995376,11273624995983,607
11273625212883,11273625213630,747
11273625428419,11273625428978,559
11273625648669,11273625649463,794
11273625863544,11273625864169,625
11273626078721,11273626079442,721
11273626296004,11273626296580,576
11273626512909,11273626513648,739
11273626726143,11273626726746,603
11273626941843,11273626942595,752
11273627162126,11273627162707,581
11273627398463,11273627399176,713
11273627612587,11273627613203,616
11273627830441,11273627831186,745
11273628049803,11273628050413,610
11273628284381,11273628285112,731
11273628500173,11273628500820,647
11273628716856,11273628717603,747
11273628935434,11273628936060,626
11273629154704,11273629155469,765
11273629373637,11273629374238,601
11273629593013,11273629593779,766
11273629813387,11273629813987,600
11273630030402,11273630031153,751
11273630253858,11273630254505,647
11273630473829,11273630474593,764
11273630687852,11273630688497,645
11273630903708,11273630904433,725
11273631121848,11273631122456,608
11273631337186,11273631337914,728
11273631550168,11273631550797,629
11273631769176,11273631769914,738
11273631986936,11273631987498,562
11273632200939,11273632201649,710
11273632428607,11273632429226,619
11273632647613,11273632648316,703
11273632866113,11273632866702,589
11273633084702,11273633085401,699
11273633299677,11273633300257,580
11273633515243,11273633515980,737
11273633731996,11273633732648,652
11273633948900,11273633949633,733
11273634168599,11273634169192,593
11273634384966,11273634385682,716
11273634596838,11273634597440,602
11273634814008,11273634814732,724
11273635033718,11273635034284,566
11273635253766,11273635254485,719
11273635465169,11273635465734,565
11273635685091,11273635685857,766
11273635903177,11273635903765,588
11273636122601,11273636123330,729
11273636349507,11273636350102,595
11273636565050,11273636565804,754
11273636785092,11273636785680,588
11273637005113,11273637005846,733
11273637221679,11273637222274,595
11273637452584,11273637453297,713
11273637670518,11273637671126,608
11273637889242,11273637889977,735
11273638107364,11273638107944,580
11273638325099,11273638325854,755
11273638546815,11273638547454,639
11273638769840,11273638770591,751
11273638990896,11273638991547,651
11273639212320,11273639213056,736
11273639431255,11273639431866,611
11273639655054,11273639655814,760
11273639878156,11273639878768,612
11273640097825,11273640098589,764
11273640320874,11273640321450,576
11273640540860,11273640541644,784
11273640759300,11273640759913,613
11273640978287,11273640979034,747
11273641194791,11273641195401,610
11273641412676,11273641413435,759
11273641626605,11273641627250,645
11273641846557,11273641847306,749
11273642064231,11273642064837,606
11273642287405,11273642288177,772
11273642504750,11273642505353,603
11273642724436,11273642725168,732
11273642940228,11273642940846,618
11273643161105,11273643161868,763
11273643378996,11273643379623,627
11273643596092,11273643596842,750
11273643816895,11273643817525,630
11273644037182,11273644037899,717
11273644251719,11273644252311,592
11273644474545,11273644475235,690
11273644694145,11273644694778,633
11273644912448,11273644913179,731
11273645129633,11273645130236,603
11273645353463,11273645354235,772
11273645582064,11273645582671,607
11273645806501,11273645807242,741
11273646030002,11273646030613,611
11273646249744,11273646250507,763
11273646468799,11273646469400,601
11273646692849,11273646693593,744
11273646910295,11273646910920,625
11273647128792,11273647129526,734
11273647365676,11273647366264,588
11273647584597,11273647585319,722
11273647803492,11273647804102,610
11273648022406,11273648023129,723
11273648236044,11273648236644,600
11273648452701,11273648453441,740
11273648670436,11273648671025,589
11273648894509,11273648895274,765
11273649109747,11273649110331,584
11273649366006,11273649366809,803
11273649580900,11273649581560,660
11273649801973,11273649802723,750
11273650017510,11273650018109,599
11273650236477,11273650237287,810
11273650451691,11273650452296,605
11273650668950,11273650669715,765
11273650884950,11273650885536,586
11273651099951,11273651100711,760
11273651318281,11273651318874,593
11273651534722,11273651535465,743
11273651755427,11273651756011,584
11273651974313,11273651975069,756
11273652191821,11273652192420,599
11273652437530,11273652438300,770
11273652653731,11273652654346,615
11273652875533,11273652876260,727
11273653089080,11273653089700,620
11273653307132,11273653307872,740
11273653530184,11273653530784,600
11273653749734,11273653750448,714
11273653962031,11273653962619,588
11273654180323,11273654181062,739
11273654394061,11273654394666,605
11273654620091,11273654620849,758
11273654834959,11273654835617,658
11273655053137,11273655053891,754
11273655271182,11273655271787,605
11273655488781,11273655489537,756
11273655711438,11273655712070,632
11273655933932,11273655934698,766
11273656149536,11273656150204,668
11273656366246,11273656367065,819
11273656586940,11273656587549,609
11273656808714,11273656809460,746
11273657025146,11273657025733,587
11273657246563,11273657247279,716
11273657470626,11273657471222,596
11273657692514,11273657693261,747
11273657909715,11273657910322,607
11273658130787,11273658131535,748
11273658352913,11273658353525,612
11273658577150,11273658577898,748
11273658794895,11273658795475,580
11273659016900,11273659017617,717
11273659235759,11273659236382,623
11273659486707,11273659487446,739
11273659698959,11273659699596,637
11273659916319,11273659917074,755
11273660128788,11273660129406,618
11273660370347,11273660371093,746
11273660587675,11273660588296,621
11273660804207,11273660804909,702
11273661018961,11273661019517,556
11273661235187,11273661235902,715
11273661469066,11273661469669,603
11273661689172,11273661689976,804
11273661902914,11273661903501,587
11273662118161,11273662118946,785
11273662340138,11273662340765,627
11273662557300,11273662558064,764
11273662774174,11273662774775,601
11273662991745,11273662992505,760
11273663206271,11273663206937,666
11273663426462,11273663427214,752
11273663641417,11273663642008,591
11273663857066,11273663857817,751
11273664072515,11273664073131,616
11273664291585,11273664292297,712
11273664505853,11273664506462,609
11273664723591,11273664724354,763
11273664937793,11273664938417,624
11273665153738,11273665154500,762
11273665370594,11273665371183,589
11273665593608,11273665594379,771
11273665805932,11273665806533,601
11273666023297,11273666024020,723
11273666240130,11273666240747,617
11273666457764,11273666458481,717
11273666668934,11273666669494,560
11273666888869,11273666889594,725
11273667101940,11273667102542,602
11273667326311,11273667327035,724
11273667539803,11273667540426,623
11273667755281,11273667756024,743
11273667970100,11273667970714,614
11273668187080,11273668187816,736
11273668402523,11273668403175,652
11273668618912,11273668619644,732
11273668833867,11273668834466,599
11273669054483,11273669055182,699
11273669271745,11273669272331,586
11273669488466,11273669489207,741
11273669704501,11273669705063,562
11273669920046,11273669920773,727
11273670135499,11273670136081,582
11273670355157,11273670355893,736
11273670568730,11273670569291,561
11273670786016,11273670786691,675
11273670998734,11273670999305,571
11273671218087,11273671218806,719
11273671456652,11273671457240,588
11273671673671,11273671674386,715
11273671887880,11273671888493,613
11273672106824,11273672107535,711
11273672347990,11273672348614,624
11273672568796,11273672569509,713
11273672784121,11273672784747,626
11273673000286,11273673001041,755
11273673215052,11273673215695,643
11273673432449,11273673433173,724
11273673645738,11273673646353,615
11273673860915,11273673861641,726
11273674075891,11273674076504,613
11273674292624,11273674293314,690
11273674506808,11273674507400,592
11273674721949,11273674722671,722
11273674935792,11273674936362,570
11273675153995,11273675154710,715
11273675367169,11273675367809,640
11273675586832,11273675587570,738
11273675802968,11273675803617,649
11273676020770,11273676021498,728
11273676259544,11273676260134,590
11273676478971,11273676479700,729
11273676698193,11273676698826,633
11273676913177,11273676913931,754
11273677125522,11273677126139,617
11273677343372,11273677344114,742
11273677557347,11273677557960,613
11273677775254,11273677776000,746
11273677987803,11273677988401,598
11273678205034,11273678205750,716
11273678420349,11273678420972,623
11273678637965,11273678638686,721
11273678857146,11273678857729,583
11273679094290,11273679095042,752
11273679308068,11273679308714,646
11273679529882,11273679530605,723
11273679747869,11273679748476,607
11273679963533,11273679964253,720
11273680175450,11273680176041,591
11273680404400,11273680405121,721
11273680617450,11273680618008,558
11273680831969,11273680832692,723
11273681043875,11273681044502,627
11273681267702,11273681268465,763
11273681481941,11273681482548,607
11273681694833,11273681695598,765
11273681909488,11273681910072,584
11273682124811,11273682125505,694
11273682360788,11273682361429,641
11273682577636,11273682578384,748
11273682790175,11273682790775,600
11273683008376,11273683009112,736
11273683224229,11273683224836,607
11273683444300,11273683445067,767
11273683661025,11273683661612,587
11273683877620,11273683878332,712
11273684088225,11273684088834,609
11273684331905,11273684332681,776
11273684545554,11273684546124,570
11273684763229,11273684763963,734
11273684975829,11273684976462,633
11273685193485,11273685194237,752
11273685417755,11273685418376,621
11273685637756,11273685638527,771
11273685853042,11273685853680,638
11273686067088,11273686067835,747
11273686293331,11273686293980,649
11273686507426,11273686508168,742
11273686772620,11273686773229,609
11273686988770,11273686989550,780
11273687205705,11273687206290,585
11273687444326,11273687445038,712
11273687659406,11273687659941,535
11273687873856,11273687874612,756
11273688085871,11273688086434,563
11273688304555,11273688305288,733
11273688545592,11273688546211,619
11273688761647,11273688762389,742
11273688979860,11273688980517,657
11273689198490,11273689199246,756
11273689417457,11273689418032,575
11273689633243,11273689633968,725
11273689845641,11273689846228,587
11273690063307,11273690063998,691
11273690276215,11273690276814,599
11273690500964,11273690501701,737
11273690716441,11273690717010,569
11273690930917,11273690931655,738
11273691144258,11273691144841,583
11273691376297,11273691376973,676
11273691589530,11273691590089,559
11273691803664,11273691804352,688
11273692019575,11273692020189,614
11273692241730,11273692242478,748
11273692458844,11273692459460,616
11273692673590,11273692674313,723
11273692888053,11273692888652,599
11273693106628,11273693107316,688
11273693323533,11273693324102,569
11273693538618,11273693539349,731
11273693751583,11273693752208,625
11273693969052,11273693969769,717
11273694186205,11273694186793,588
11273694403110,11273694403828,718
11273694618463,11273694619025,562
11273694836721,11273694837454,733
11273695052692,11273695053301,609
11273695269306,11273695270036,730
11273695482654,11273695483228,574
11273695705484,11273695706238,754
11273695924580,11273695925179,599
11273696140568,11273696141301,733
11273696355184,11273696355787,603
11273696573628,11273696574361,733
11273696786577,11273696787184,607
11273697008158,11273697008851,693
11273697219986,11273697220587,601
11273697462577,11273697463299,722
11273697683983,11273697684541,558
11273697900849,11273697901562,713
11273698117114,11273698117683,569
11273698357606,11273698358352,746
11273698589645,11273698590286,641
11273698827214,11273698827981,767
11273699064245,11273699064922,677
11273699290966,11273699291733,767
11273699518376,11273699519006,630
11273699745965,11273699746728,763
11273699975738,11273699976370,632
11273700201884,11273700202675,791
11273700436593,11273700437214,621
11273700664238,11273700665036,798
11273700890310,11273700890951,641
11273701118361,11273701119125,764
11273701344595,11273701345237,642
11273701600803,11273701601576,773
11273701823620,11273701824201,581
11273702053318,11273702054127,809
11273702293813,11273702294464,651
11273702522509,11273702523338,829
11273702744397,11273702745049,652
11273702971924,11273702972712,788
11273703207816,11273703208426,610
11273703435088,11273703435850,762
11273703658013,11273703658636,623
11273703885067,11273703885856,789
11273704112129,11273704112749,620
11273704344683,11273704345453,770
11273704567558,11273704568161,603
11273704793574,11273704794339,765
11273705022202,11273705022863,661
11273705252645,11273705253400,755
11273705476225,11273705476834,609
11273705714931,11273705715733,802
11273705942894,11273705943534,640
11273706170046,11273706170813,767
11273706396827,11273706397412,585
11273706622050,11273706622677,627
11273706850434,11273706851170,736
11273707078730,11273707079368,638
11273707305628,11273707306385,757
11273707533658,11273707534284,626
11273707759968,11273707760728,760
11273707984511,11273707985143,632
11273708210181,11273708210964,783
11273708434002,11273708434624,622
11273708673506,11273708674019,513
11273708885853,11273708886550,697
11273709179821,11273709180390,569
11273709388523,11273709389238,715
11273709593352,11273709593940,588
11273709803388,11273709804112,724
11273710009188,11273710009780,592
11273710218652,11273710219201,549
11273710428221,11273710428894,673
11273710633924,11273710634477,553
11273710840758,11273710841477,719
11273711047520,11273711048111,591
11273711255468,11273711256061,593
11273711461542,11273711462252,710
11273711665505,11273711666112,607
11273711873450,11273711874016,566
11273712084232,11273712084970,738
11273712373530,11273712374132,602
11273712582232,11273712582954,722
11273712788341,11273712789018,677
11273712997079,11273712997788,709
11273713201250,11273713201828,578
11273713409430,11273713410148,718
11273713615339,11273713615930,591
11273713823320,11273713824069,749
11273714032175,11273714032773,598
11273714239472,11273714240211,739
11273714447885,11273714448439,554
11273714655745,11273714656318,573
11273714864807,11273714865530,723
11273715070723,11273715071281,558
11273715281973,11273715282691,718
11273715485913,11273715486486,573
11273715781737,11273715782484,747
11273715992702,11273715993362,660
11273716202055,11273716202775,720
11273716408886,11273716409489,603
11273716619275,11273716620030,755
11273716829720,11273716830333,613
11273717039370,11273717040106,736
11273717246792,11273717247367,575
11273717529920,11273717530492,572
11273717739476,11273717740215,739
11273717945552,11273717946114,562
11273718152734,11273718153453,719
11273718357596,11273718358145,549
11273718566924,11273718567621,697
11273718771111,11273718771675,564
11273719070114,11273719070886,772
11273719280658,11273719281250,592
11273719489378,11273719490111,733
11273719700190,11273719700783,593
11273719908913,11273719909667,754
11273720114849,11273720115498,649
11273720321093,11273720321878,785
11273720530505,11273720531140,635
11273720737022,11273720737745,723
11273720942932,11273720943545,613
11273721148823,11273721149585,762
11273721356955,11273721357538,583
11273721565873,11273721566598,725
11273721770818,11273721771407,589
11273721977522,11273721978226,704
11273722184077,11273722184644,567
11273722488888,11273722489617,729
11273722695486,11273722696077,591
11273722905328,11273722906063,735
11273723112653,11273723113245,592
11273723321667,11273723322422,755
11273723528994,11273723529589,595
11273723736924,11273723737472,548
11273723944783,11273723945510,727
11273724150937,11273724151533,596
11273724359733,11273724360468,735
11273724566733,11273724567375,642
11273724774911,11273724775632,721
11273724978898,11273724979528,630
11273725187252,11273725187991,739
11273725394693,11273725395272,579
11273725694962,11273725695573,611
11273725989927,11273725990645,718
11273726278405,11273726278997,592
11273726570692,11273726571259,567
11273726877661,11273726878219,558
11273727166663,11273727167395,732
11273727458335,11273727458938,603
11273727724878,11273727725539,661
11273727962805,11273727963439,634
11273728191585,11273728192150,565
11273728421563,11273728422182,619
11273728649813,11273728650416,603
11273728886095,11273728886918,823
11273729215240,11273729215819,579
11273729508124,11273729508693,569
11273729802248,11273729802830,582
11273730110921,11273730111465,544
11273730413339,11273730413904,565
11273730701428,11273730701964,536
11273730991237,11273730991751,514
11273731285995,11273731286537,542
11273731552132,11273731552960,828
11273731778030,11273731778692,662
11273732007974,11273732008551,577
11273732276603,11273732277178,575
11273732587196,11273732587766,570
11273732890384,11273732890945,561
11273733184073,11273733184639,566
11273733479988,11273733480586,598
11273733769775,11273733770354,579
11273734036823,11273734037446,623
11273734263134,11273734263755,621
11273734491475,11273734492068,593
11273734718356,11273734718948,592
11273734977557,11273734978273,716
11273735237883,11273735238534,651
11273735467517,11273735468097,580
11273735699128,11273735699749,621
11273735930880,11273735931492,612
11273736161596,11273736162234,638
11273736390031,11273736390672,641
11273736617789,11273736618594,805
11273736843343,11273736844000,657
11273737073463,11273737074125,662
11273737299287,11273737299898,611
11273737526500,11273737527128,628
11273737752114,11273737752953,839
11273737980530,11273737981213,683
11273738209234,11273738210044,810
11273738432188,11273738432862,674
11273738657240,11273738657868,628
11273738903984,11273738904668,684
11273739140377,11273739140978,601
11273739366172,11273739366811,639
11273739596852,11273739597664,812
11273739821890,11273739822584,694
11273740053297,11273740053948,651
11273740279688,11273740280310,622
11273740506065,11273740506678,613
11273740736708,11273740737376,668
11273740965090,11273740965734,644
11273741193184,11273741193812,628
11273741421639,11273741422241,602
11273741649650,11273741650267,617
11273741875642,11273741876268,626
11273742107580,11273742108202,622
11273742345921,11273742346565,644
11273742578272,11273742578893,621
11273742806342,11273742806956,614
11273743039542,11273743040176,634
11273743274509,11273743275122,613
11273743505873,11273743506515,642
11273743732770,11273743733361,591
11273743960990,11273743961548,558
11273744187413,11273744187997,584
11273744420503,11273744421102,599
11273744646201,11273744646781,580
11273744874949,11273744875550,601
11273745102356,11273745102915,559
11273745330042,11273745330659,617
11273745564782,11273745565420,638
11273745794718,11273745795336,618
11273746024938,11273746025543,605
11273746253763,11273746254388,625
11273746508189,11273746508816,627
11273746741767,11273746742359,592
11273746968144,11273746968751,607
11273747195620,11273747196234,614
11273747422354,11273747423014,660
11273747648677,11273747649291,614
11273747875210,11273747875835,625
11273748101690,11273748102292,602
11273748326401,11273748326949,548
11273748551103,11273748551701,598
11273748778700,11273748779267,567
11273749013841,11273749014490,649
11273749242905,11273749243528,623
11273749469480,11273749470071,591
11273749694536,11273749695149,613
11273749921578,11273749922170,592
11273750151150,11273750151741,591
11273750376809,11273750378377,1568
11273750603633,11273750604241,608
11273750829234,11273750829874,640
11273751055133,11273751055752,619
11273751281283,11273751281916,633
11273751509002,11273751509631,629
11273751736083,11273751736697,614
11273752009941,11273752010572,631
11273752246103,11273752246759,656
11273752476528,11273752477177,649
11273752710422,11273752711067,645
11273752938048,11273752938707,659
11273753163894,11273753164481,587
11273753394156,11273753394825,669
11273753623648,11273753624272,624
11273753851256,11273753851858,602
11273754076807,11273754077410,603
11273754302482,11273754303068,586
11273754537415,11273754537984,569
11273754781281,11273754781909,628
11273755053429,11273755054261,832
11273755375336,11273755376179,843
11273755692228,11273755692886,658
11273755934573,11273755935244,671
11273756232713,11273756233467,754
11273756497592,11273756498253,661
11273756746724,11273756747394,670
11273756992101,11273756992748,647
11273757236697,11273757237330,633
11273757480009,11273757480673,664
11273757724332,11273757725024,692
11273758003951,11273758004745,794
11273758361458,11273758362377,919
11273758639729,11273758640401,672
11273758864759,11273758865363,604
11273759102082,11273759102700,618
11273759324424,11273759324991,567
11273759542261,11273759542812,551
11273759760001,11273759760574,573
11273759978537,11273759979116,579
11273760197681,11273760198250,569
11273760416056,11273760416618,562
11273760634274,11273760634839,565
11273760853527,11273760854100,573
11273761070237,11273761070839,602
11273761288980,11273761289538,558
11273761508829,11273761509379,550
11273761726828,11273761727379,551
11273761945138,11273761945667,529
11273762162234,11273762162777,543
11273762389944,11273762390533,589
11273762611667,11273762612231,564
11273762829520,11273762830058,538
11273763046401,11273763046946,545
11273763264860,11273763265433,573
11273763482449,11273763482978,529
11273763699126,11273763699682,556
11273763915220,11273763915774,554
11273764295745,11273764296646,901
11273764523920,11273764524611,691
11273764747273,11273764748111,838
11273764967652,11273764968311,659
11273765189058,11273765189864,806
11273765427585,11273765428224,639
11273765654046,11273765654672,626
11273765875071,11273765875809,738
11273766091835,11273766092435,600
11273766308958,11273766309526,568
11273766524484,11273766525068,584
11273766744565,11273766745123,558
11273766959494,11273766960245,751
11273767176555,11273767177180,625
11273767396674,11273767397439,765
11273767611242,11273767611870,628
11273767828983,11273767829553,570
11273768049047,11273768049613,566
11273768265612,11273768266179,567
11273768482043,11273768482619,576
11273768699444,11273768700218,774
11273768923923,11273768924560,637
11273769150252,11273769150830,578
11273769429894,11273769430658,764
11273769671705,11273769672352,647
11273769914207,11273769914980,773
11273770157376,11273770158031,655
11273770399702,11273770400537,835
11273770647877,11273770648528,651
11273770934786,11273770935655,869
11273771300226,11273771301383,1157
11273771573952,11273771574623,671
11273771842728,11273771843415,687
11273772079835,11273772080744,909
11273772337242,11273772337918,676
11273772579882,11273772580649,767
11273772903678,11273772904595,917
11273773288597,11273773289890,1293
11273773651649,11273773652641,992
11273774145561,11273774146958,1397
11273774447353,11273774448355,1002
11273774750655,11273774751505,850
11273775138190,11273775139208,1018
11273775476948,11273775477792,844
11273775853325,11273775854291,966
11273776177029,11273776177688,659
11273776472498,11273776473308,810
11273776749167,11273776749892,725
11273777051266,11273777052425,1159
11273777412476,11273777413565,1089
11273777733530,11273777734387,857
11273777997078,11273777997766,688
11273778246510,11273778247314,804
11273778503996,11273778504738,742
11273778793664,11273778794860,1196
11273779140479,11273779141254,775
11273779420912,11273779421751,839
11273779677937,11273779678674,737
11273779932376,11273779933007,631
11273780183176,11273780184005,829
11273780430607,11273780431312,705
11273780679951,11273780680819,868
11273780925749,11273780926417,668
11273781227623,11273781228514,891
11273781497200,11273781497851,651
11273781760331,11273781761037,706
11273782025771,11273782026720,949
11273782321529,11273782322219,690
11273782635158,11273782635800,642
11273782914601,11273782915402,801
11273783190889,11273783191606,717
11273783479274,11273783479880,606
11273783743388,11273783744025,637
11273784063755,11273784065063,1308
11273784451331,11273784452480,1149
11273784821640,11273784822808,1168
11273785172878,11273785173853,975
11273785488965,11273785489909,944
11273785772069,11273785772724,655
11273786027469,11273786028376,907
11273786305778,11273786306384,606
11273786557306,11273786558130,824
11273786806053,11273786806710,657
11273787057479,11273787058308,829
11273787313442,11273787314290,848
11273787599274,11273787600154,880
11273787872039,11273787872740,701
11273788127655,11273788128440,785
11273788378878,11273788379494,616
11273788635280,11273788636100,820
11273788915812,11273788916571,759
11273789168765,11273789169594,829
11273789446467,11273789447209,742
11273789696130,11273789696956,826
11273790235476,11273790236136,660
11273790479033,11273790479835,802
11273790755646,11273790756331,685
11273791002559,11273791003385,826
11273791250076,11273791250753,677
11273791484980,11273791485813,833
11273791718266,11273791718931,665
11273791956735,11273791957549,814
11273792195424,11273792196126,702
11273792466841,11273792467687,846
11273792706315,11273792707023,708
11273792944900,11273792945755,855
11273793185307,11273793186005,698
11273793457801,11273793458604,803
11273793746017,11273793746683,666
11273794013604,11273794014454,850
11273794256367,11273794257046,679
11273794493233,11273794494080,847
11273794732472,11273794733106,634
11273794965987,11273794966789,802
11273795211112,11273795211754,642
11273795475608,11273795476408,800
11273795718098,11273795718787,689
11273795956109,11273795956889,780
11273796190231,11273796190844,613
11273796428264,11273796429014,750
11273796660522,11273796661173,651
11273796903296,11273796904048,752
11273797137107,11273797137751,644
11273797372313,11273797373062,749
11273797609176,11273797609851,675
11273797850985,11273797851809,824
11273798144694,11273798145549,855
11273798413498,11273798414284,786
11273798653000,11273798653685,685
11273798896902,11273798897679,777
11273799211519,11273799212192,673
11273799453705,11273799454521,816
11273799688751,11273799689406,655
11273799925271,11273799926093,822
11273800159659,11273800160288,629
11273800394704,11273800395498,794
11273800625412,11273800626055,643
11273800860193,11273800860900,707
11273801094681,11273801095470,789
11273801324581,11273801325209,628
11273801555916,11273801556717,801
11273801789336,11273801789968,632
11273802020573,11273802021367,794
11273802294072,11273802294756,684
11273802579140,11273802579969,829
11273802854325,11273802854949,624
11273803093335,11273803094171,836
11273803343224,11273803343918,694
11273803575599,11273803576405,806
11273803805877,11273803806554,677
11273804042311,11273804043106,795
11273804282665,11273804283322,657
11273804514382,11273804515185,803
11273804746356,11273804747003,647
11273804977593,11273804978373,780
11273805208954,11273805209581,627
11273805465397,11273805466211,814
11273805713294,11273805713917,623
11273805949263,11273805950073,810
11273806187358,11273806188046,688
11273806424074,11273806424889,815
11273806656664,11273806657319,655
11273806892964,11273806893744,780
11273807123617,11273807124280,663
11273807366182,11273807366959,777
11273807601198,11273807601894,696
11273807832950,11273807833746,796
11273808068789,11273808069463,674
11273808300337,11273808301097,760
11273808529414,11273808530048,634
11273808763912,11273808764710,798
11273809003087,11273809003723,636
11273809239454,11273809240288,834
11273809483708,11273809484381,673
11273809727697,11273809728537,840
11273809969328,11273809969980,652
11273810212378,11273810213172,794
11273810456276,11273810456959,683
11273810701615,11273810702427,812
11273810944355,11273810945021,666
11273811186031,11273811186791,760
11273811440092,11273811440777,685
11273811682064,11273811682876,812
11273811922396,11273811923054,658
11273812163610,11273812164417,807
11273812440084,11273812440748,664
11273812681904,11273812682720,816
11273812922109,11273812922789,680
11273813165217,11273813166029,812
11273813407097,11273813407724,627
11273813650615,11273813651454,839
11273813893044,11273813893724,680
11273814137164,11273814138020,856
11273814410593,11273814411212,619
11273814660152,11273814660931,779
11273814904910,11273814905549,639
11273815147063,11273815147877,814
11273815389160,11273815389807,647
11273815643181,11273815643957,776
11273815890159,11273815890814,655
11273816132326,11273816133124,798
11273816372618,11273816373260,642
11273816614719,11273816615488,769
11273816857951,11273816858631,680
11273817097190,11273817097973,783
11273817352294,11273817352945,651
11273817593317,11273817594102,785
11273817833039,11273817833678,639
11273818078916,11273818079706,790
11273818319764,11273818320399,635
11273818585472,11273818586267,795
11273818824473,11273818825135,662
11273819081295,11273819082125,830
11273819323800,11273819324452,652
11273819567145,11273819567946,801
11273819806307,11273819806966,659
11273820048086,11273820048911,825
11273820292568,11273820293249,681
11273820533389,11273820534224,835
11273820773597,11273820774267,670
11273821018353,11273821019163,810
11273821262800,11273821263451,651
11273821507279,11273821508064,785
11273821747764,11273821748403,639
11273821997019,11273821997798,779
11273822272236,11273822273308,1072
11273822560771,11273822561616,845
11273822813966,11273822814625,659
11273823059617,11273823060419,802
11273823304833,11273823305464,631
11273823565710,11273823566567,857
11273823807271,11273823807965,694
11273824054202,11273824055003,801
11273824307320,11273824307985,665
11273824551511,11273824552326,815
11273824791831,11273824793611,1780
11273825036570,11273825037350,780
11273825277885,11273825278559,674
11273825520211,11273825520996,785
11273825775384,11273825776046,662
11273826019932,11273826020737,805
11273826286582,11273826287232,650
11273826531776,11273826532600,824
11273826773881,11273826774546,665
11273827016020,11273827016845,825
11273827273561,11273827274173,612
11273827516150,11273827516952,802
11273827758661,11273827759326,665
11273827998931,11273827999731,800
11273828239802,11273828240447,645
11273828484578,11273828485375,797
11273828722393,11273828723012,619
11273828971678,11273828972520,842
11273829221349,11273829221988,639
11273829465256,11273829466070,814
11273829705907,11273829706574,667
11273829947278,11273829948085,807
11273830189409,11273830190092,683
11273830428550,11273830429310,760
11273830669426,11273830670074,648
11273830910459,11273830911269,810
11273831151172,11273831151826,654
11273831394536,11273831395309,773
11273831631674,11273831632319,645
11273831873654,11273831874460,806
11273832111524,11273832112195,671
11273832373315,11273832374184,869
11273832619136,11273832619796,660
11273832867274,11273832868110,836
11273833108710,11273833109353,643
11273833356970,11273833357768,798
11273833602035,11273833602690,655
11273833846287,11273833847080,793
11273834090497,11273834091149,652
11273834352329,11273834353165,836
11273834595503,11273834596192,689
11273834840303,11273834841113,810
11273835086598,11273835087241,643
11273835334890,11273835335688,798
11273835587688,11273835588360,672
11273835832789,11273835833607,818
11273836079300,11273836079988,688
11273836322745,11273836323573,828
11273836563897,11273836564572,675
11273836805807,11273836806575,768
11273837048412,11273837049106,694
11273837296290,11273837297120,830
11273837538879,11273837539568,689
11273837777584,11273837778383,799
11273838017811,11273838018515,704
11273838261476,11273838262247,771
11273838498099,11273838498746,647
11273838749135,11273838749922,787
11273839000531,11273839001193,662
11273839245300,11273839246052,752
11273839487470,11273839488122,652
11273839732912,11273839733685,773
11273839991953,11273839992590,637
11273840242704,11273840243592,888
11273840487720,11273840488364,644
11273840731179,11273840731983,804
11273840973929,11273840974578,649
11273841215402,11273841216230,828
11273841463846,11273841464488,642
11273841803368,11273841804302,934
11273842126238,11273842126913,675
11273842369675,11273842370527,852
11273842594792,11273842595399,607
11273842819015,11273842819771,756
11273843161361,11273843161984,623
11273843410489,11273843411255,766
11273843636879,11273843637511,632
11273843906821,11273843907775,954
11273844147041,11273844147688,647
11273844371356,11273844372105,749
11273844591275,11273844591895,620
11273844823689,11273844824628,939
11273845098305,11273845098958,653
11273845329506,11273845330292,786
11273845571604,11273845572251,647
11273845795094,11273845795817,723
11273846014397,11273846015002,605
11273846238319,11273846239106,787
11273846456414,11273846457043,629
11273846676348,11273846677098,750
11273846895431,11273846896028,597
11273847117388,11273847118127,739
11273847342237,11273847342863,626
11273847568307,11273847569073,766
11273847788879,11273847789469,590
11273848013625,11273848014360,735
11273848253562,11273848254150,588
11273848474866,11273848475614,748
11273848691564,11273848692162,598
11273848921038,11273848921800,762
11273849143999,11273849144600,601
11273849367264,11273849368019,755
11273849583044,11273849583692,648
11273849799761,11273849800542,781
11273850016999,11273850017619,620
11273850234027,11273850234784,757
11273850451170,11273850451749,579
11273850666447,11273850667182,735
11273850883525,11273850884150,625
11273851104982,11273851105694,712
11273851323909,11273851324544,635
11273851539790,11273851540553,763
11273851753494,11273851754067,573
11273851972914,11273851973612,698
11273852186979,11273852187571,592
11273852421909,11273852422654,745
11273852640383,11273852640999,616
11273852861711,11273852862478,767
11273853077547,11273853078150,603
11273853298955,11273853299719,764
11273853512009,11273853512636,627
11273853731471,11273853732211,740
11273853947067,11273853947686,619
11273854165782,11273854166518,736
11273854396044,11273854396659,615
11273854612462,11273854613207,745
11273854829055,11273854829661,606
11273855049520,11273855050300,780
11273855266663,11273855267241,578
11273855500999,11273855501757,758
11273855723895,11273855724529,634
11273855945497,11273855946245,748
11273856163422,11273856164030,608
11273856392872,11273856393644,772
11273856609091,11273856609697,606
11273856828237,11273856829017,780
11273857044059,11273857044621,562
11273857262684,11273857263443,759
11273857483378,11273857483978,600
11273857700264,11273857700995,731
11273857915792,11273857916376,584
11273858134927,11273858135672,745
11273858349739,11273858350290,551
11273858574910,11273858575634,724
11273858792334,11273858792929,595
11273859019220,11273859019960,740
11273859238109,11273859238770,661
11273859463415,11273859464163,748
11273859677820,11273859678450,630
11273859898758,11273859899505,747
11273860113504,11273860114157,653
11273860338368,11273860339093,725
11273860554874,11273860555510,636
11273860777340,11273860778084,744
11273861026614,11273861027359,745
11273861265435,11273861266203,768
11273861483382,11273861483999,617
11273861702867,11273861703653,786
11273861920790,11273861921401,611
11273862138933,11273862139688,755
11273862371522,11273862372180,658
11273862595187,11273862595983,796
11273862811302,11273862811912,610
11273863027915,11273863028683,768
11273863245089,11273863245678,589
11273863464322,11273863465091,769
11273863677951,11273863678583,632
11273863897900,11273863898649,749
11273864125041,11273864125664,623
11273864342587,11273864343354,767
11273864557831,11273864558456,625
11273864781969,11273864782759,790
11273864998006,11273864998629,623
11273865217215,11273865218002,787
11273865438572,11273865439196,624
11273865668468,11273865669245,777
11273865887799,11273865888423,624
11273866108018,11273866108796,778
11273866325046,11273866325685,639
11273866544292,11273866545076,784
11273866761160,11273866761788,628
11273866979182,11273866979951,769
11273867193255,11273867193873,618
11273867409958,11273867410712,754
11273867625376,11273867625978,602
11273867844160,11273867844894,734
11273868059741,11273868060344,603
11273868274238,11273868274987,749
11273868490076,11273868490708,632
11273868709593,11273868710346,753
11273868931703,11273868932297,594
11273869148948,11273869149709,761
11273869364590,11273869365199,609
11273869584373,11273869585136,763
11273869798925,11273869799530,605
11273870014808,11273870015526,718
11273870228720,11273870229322,602
11273870463651,11273870464380,729
11273870677169,11273870677792,623
11273870894684,11273870895431,747
11273871108722,11273871109338,616
11273871330689,11273871331448,759
11273871549022,11273871549611,589
11273871765400,11273871766130,730
11273871976984,11273871977598,614
11273872195287,11273872196012,725
11273872421759,11273872422383,624
11273872640470,11273872641214,744
11273872857238,11273872857835,597
11273873073563,11273873074287,724
11273873286471,11273873287061,590
11273873505166,11273873505920,754
11273873721813,11273873722406,593
11273873936846,11273873937576,730
11273874150788,11273874151399,611
11273874370709,11273874371479,770
11273874585102,11273874585687,585
11273874804656,11273874805428,772
11273875021259,11273875021905,646
11273875237128,11273875237901,773
11273875455397,11273875456045,648
11273875681755,11273875682538,783
11273875901338,11273875901967,629
11273876121096,11273876121883,787
11273876334765,11273876335404,639
11273876557974,11273876558750,776
11273876772248,11273876772907,659
11273876988960,11273876989725,765
11273877209107,11273877209700,593
11273877430159,11273877430914,755
11273877643955,11273877644595,640
11273877859743,11273877860487,744
11273878073734,11273878074330,596
11273878297182,11273878297930,748
11273878512991,11273878513588,597
11273878728434,11273878729180,746
11273878953271,11273878953941,670
11273879176165,11273879176960,795
11273879408330,11273879408965,635
11273879625409,11273879626143,734
11273879842132,11273879842793,661
11273880058205,11273880058961,756
11273880272254,11273880272865,611
11273880503934,11273880504689,755
11273880721086,11273880721702,616
11273880936985,11273880937765,780
11273881153237,11273881153816,579
11273881388343,11273881389112,769
11273881605530,11273881606106,576
11273881823089,11273881823821,732
11273882038285,11273882038885,600
11273882261341,11273882262074,733
11273882477037,11273882477666,629
11273882693147,11273882693858,711
11273882906364,11273882906963,599
11273883215897,11273883216649,752
11273883453806,11273883455322,1516
11273883672343,11273883673109,766
11273883886758,11273883887418,660
11273884104220,11273884105041,821
11273884319556,11273884320188,632
11273884536238,11273884537012,774
11273884752595,11273884753255,660
11273884970163,11273884970979,816
11273885186620,11273885187285,665
11273885413517,11273885414279,762
11273885635049,11273885635707,658
11273885851929,11273885852698,769
11273886070824,11273886071459,635
11273886306229,11273886306996,767
11273886520817,11273886521438,621
11273886735567,11273886736318,751
11273886953050,11273886953693,643
11273887170209,11273887170933,724
11273887390707,11273887391338,631
11273887606167,11273887606920,753
11273887849484,11273887850144,660
11273888071109,11273888071885,776
11273888297204,11273888297852,648
11273888515477,11273888516257,780
11273888733006,11273888733637,631
11273888954715,11273888955503,788
11273889169118,11273889169747,629
11273889387061,11273889387837,776
11273889603242,11273889603910,668
11273889820658,11273889821472,814
11273890034565,11273890035187,622
11273890250453,11273890251258,805
11273890473978,11273890474596,618
11273890688734,11273890689506,772
11273890902559,11273890903190,631
11273891117597,11273891118388,791
11273891353833,11273891354488,655
11273891567711,11273891569558,1847
11273891781671,11273891782308,637
11273891997419,11273891998215,796
11273892215467,11273892217063,1596
11273892434959,11273892435787,828
11273892648970,11273892649618,648
11273892862738,11273892863535,797
11273893076449,11273893077094,645
11273893291886,11273893292664,778
11273893505805,11273893506414,609
11273893721204,11273893721975,771
11273893932079,11273893932714,635
11273894147085,11273894147860,775
11273894363597,11273894364230,633
11273894580698,11273894581480,782
11273894791274,11273894791889,615
11273895007333,11273895008158,825
11273895222766,11273895223405,639
11273895436000,11273895436767,767
11273895656095,11273895656771,676
11273895873780,11273895874551,771
11273896086066,11273896086653,587
11273896302976,11273896303742,766
11273896516914,11273896517507,593
11273896731794,11273896732524,730
11273896945519,11273896946087,568
11273897162923,11273897163697,774
11273897377620,11273897378280,660
11273897592167,11273897592931,764
11273897805377,11273897806031,654
11273898019370,11273898020126,756
11273898238096,11273898238744,648
11273898453932,11273898454721,789
11273898670468,11273898671090,622
11273898891031,11273898891831,800
11273899109030,11273899109675,645
11273899325821,11273899326597,776
11273899540830,11273899541437,607
11273899756956,11273899757717,761
11273899974631,11273899975272,641
11273900189847,11273900190615,768
11273900415202,11273900415777,575
11273900632634,11273900633410,776
11273900845749,11273900846354,605
11273901062458,11273901063209,751
11273901275811,11273901276418,607
11273901495533,11273901496303,770
11273901706201,11273901706846,645
11273901925823,11273901926559,736
11273902138048,11273902138619,571
11273902364902,11273902365694,792
11273902581684,11273902582286,602
11273902797838,11273902798610,772
11273903013556,11273903014155,599
11273903229762,11273903230568,806
11273903443484,11273903444113,629
11273903659446,11273903660239,793
11273903878102,11273903878765,663
11273904091772,11273904092547,775
11273904307604,11273904308209,605
11273904524365,11273904525122,757
11273904737296,11273904737901,605
11273904954058,11273904954809,751
11273905215817,11273905216393,576
11273905431967,11273905432754,787
11273905651998,11273905652660,662
11273905872725,11273905873470,745
11273906087402,11273906087979,577
11273906305801,11273906306538,737
11273906518867,11273906519434,567
11273906740163,11273906740880,717
11273906957988,11273906958625,637
11273907177334,11273907178055,721
11273907391703,11273907392310,607
11273907613232,11273907613960,728
11273907831527,11273907832101,574
11273908051010,11273908051706,696
11273908265295,11273908265871,576
11273908485821,11273908486561,740
11273908706208,11273908706823,615
11273908934504,11273908935262,758
11273909155302,11273909155914,612
11273909374254,11273909375036,782
11273909592583,11273909593232,649
11273909811631,11273909812378,747
11273910032346,11273910032974,628
11273910260588,11273910261332,744
11273910476603,11273910477211,608
11273910694101,11273910694851,750
11273910913857,11273910914452,595
11273911131676,11273911132468,792
11273911358799,11273911359416,617
11273911576147,11273911576910,763
11273911794492,11273911795131,639
11273912012522,11273912013284,762
11273912230785,11273912231440,655
11273912459503,11273912460285,782
11273912681731,11273912682350,619
11273912901282,11273912902025,743
11273913115455,11273913116074,619
11273913333748,11273913334482,734
11273913549384,11273913550028,644
11273913768386,11273913769168,782
11273913982415,11273913983057,642
11273914201277,11273914202055,778
11273914418761,11273914419375,614
11273914639659,11273914640403,744
11273914856555,11273914857196,641
11273915073693,11273915074462,769
11273915291102,11273915291731,629
11273915510723,11273915511504,781
11273915736833,11273915737474,641
11273915959541,11273915960312,771
11273916176634,11273916177217,583
11273916396022,11273916396782,760
11273916616165,11273916616779,614
11273916832771,11273916833523,752
11273917047745,11273917048338,593
11273917272659,11273917273420,761
11273917491395,11273917491950,555
11273917709634,11273917710379,745
11273917931955,11273917932548,593
11273918152459,11273918153220,761
11273918372056,11273918372627,571
11273918591746,11273918592504,758
11273918806891,11273918807453,562
11273919032081,11273919032821,740
11273919249989,11273919250588,599
11273919471233,11273919471960,727
11273919687254,11273919687866,612
11273919907626,11273919908377,751
11273920120649,11273920121279,630
11273920339389,11273920340179,790
11273920558458,11273920559050,592
11273920777454,11273920778191,737
11273920993926,11273920994498,572
11273921211318,11273921212070,752
11273921427972,11273921428552,580
11273921649671,11273921650424,753
11273921868373,11273921868997,624
11273922085463,11273922086220,757
11273922312160,11273922312767,607
11273922537991,11273922538700,709
11273922758691,11273922759258,567
11273922979582,11273922980324,742
11273923197896,11273923198481,585
11273923416196,11273923416938,742
11273923639530,11273923640120,590
11273923859745,11273923860529,784
11273924074385,11273924075020,635
11273924298843,11273924299611,768
11273924518789,11273924519414,625
11273924737664,11273924738417,753
11273924954239,11273924954845,606
11273925175071,11273925175799,728
11273925393362,11273925393982,620
11273925617598,11273925618329,731
11273925838758,11273925839359,601
11273926058858,11273926059620,762
11273926274560,11273926275214,654
11273926493868,11273926494622,754
11273926711140,11273926711795,655
11273926932640,11273926933361,721
11273927148486,11273927149111,625
11273927366609,11273927367372,763
11273927581481,11273927582091,610
11273927800476,11273927801211,735
11273928019421,11273928019999,578
11273928237864,11273928238613,749
11273928456187,11273928456791,604
11273928676629,11273928677358,729
11273928896178,11273928896796,618
11273929115925,11273929116653,728
11273929336087,11273929336720,633
11273929556957,11273929557730,773
11273929772588,11273929773177,589
11273929995253,11273929995986,733
11273930216939,11273930217564,625
11273930437271,11273930438019,748
11273930652922,11273930653587,665
11273930871428,11273930872194,766
11273931088234,11273931088870,636
11273931311880,11273931312617,737
11273931530376,11273931531028,652
11273931751299,11273931752099,800
11273931968485,11273931969115,630
11273932188506,11273932189256,750
11273932415010,11273932415577,567
11273932637856,11273932638661,805
11273932853775,11273932854413,638
11273933074295,11273933075053,758
11273933295554,11273933296153,599
11273933513703,11273933514478,775
11273933728285,11273933728876,591
11273933946890,11273933947654,764
11273934167093,11273934167720,627
11273934385371,11273934386130,759
11273934602420,11273934603057,637
11273934820182,11273934820950,768
11273935042459,11273935043078,619
11273935263525,11273935264293,768
11273935477950,11273935478532,582
11273935701511,11273935702304,793
11273935920900,11273935921517,617
11273936140183,11273936140974,791
11273936359320,11273936359954,634
11273936579578,11273936580351,773
11273936800474,11273936801106,632
11273937019324,11273937020081,757
11273937235968,11273937236573,605
11273937456448,11273937457157,709
11273937671374,11273937672033,659
11273937890026,11273937890785,759
11273938109308,11273938109941,633
11273938332771,11273938333544,773
11273938546785,11273938547407,622
11273938764948,11273938765718,770
11273938986638,11273938987235,597
11273939209255,11273939210031,776
11273939424684,11273939425294,610
11273939641746,11273939642495,749
11273939858447,11273939859045,598
11273940078055,11273940078792,737
11273940295773,11273940296363,590
11273940516026,11273940516808,782
11273940734257,11273940734870,613
11273940949690,11273940950448,758
11273941166117,11273941166737,620
11273941383784,11273941384518,734
11273941597439,11273941598019,580
11273941817465,11273941818175,710
11273942038323,11273942038944,621
11273942261445,11273942262196,751
11273942476502,11273942477140,638
11273942700121,11273942700909,788
11273942922095,11273942922724,629
11273943141944,11273943142666,722
11273943358383,11273943359019,636
11273943576680,11273943577432,752
11273943792073,11273943792665,592
11273944012350,11273944013093,743
11273944230120,11273944230694,574
11273944449729,11273944450529,800
11273944667205,11273944667802,597
11273944885312,11273944886089,777
11273945108960,11273945109565,605
11273945329429,11273945330203,774
11273945549221,11273945549804,583
11273945769626,11273945770363,737
11273945995099,11273945995718,619
11273946217311,11273946218082,771
11273946438970,11273946439570,600
11273946659222,11273946659982,760
11273946880211,11273946880811,600
11273947097962,11273947098724,762
11273947314153,11273947314788,635
11273947531313,11273947532090,777
11273947749820,11273947750457,637
11273947972941,11273947973742,801
11273948189712,11273948190365,653
11273948410947,11273948411700,753
11273948626941,11273948627568,627
11273948846542,11273948847319,777
11273949068934,11273949069591,657
11273949287935,11273949288724,789
11273949507087,11273949507790,703
11273949728841,11273949729625,784
11273949945533,11273949946211,678
11273950164657,11273950165434,777
11273950382288,11273950382950,662
11273950600515,11273950601300,785
11273950821789,11273950822441,652
11273951046791,11273951047579,788
11273951262395,11273951263020,625
11273951478205,11273951479000,795
11273951694188,11273951694795,607
11273951913805,11273951914557,752
11273952129868,11273952130474,606
11273952350869,11273952351636,767
11273952567140,11273952567749,609
11273952785124,11273952785885,761
11273953010117,11273953010725,608
11273953229091,11273953229830,739
11273953444385,11273953445042,657
11273953685501,11273953686237,736
11273953905183,11273953905842,659
11273954125714,11273954126465,751
11273954343593,11273954344224,631
11273954563523,11273954564296,773
11273954777801,11273954778417,616
11273954993946,11273954994688,742
11273955207318,11273955207921,603
11273955425692,11273955426418,726
11273955643705,11273955644332,627
11273955865061,11273955865820,759
11273956079537,11273956080142,605
11273956299171,11273956300898,1727
11273956518128,11273956518740,612
11273956738467,11273956739203,736
11273956954252,11273956954899,647
11273957174625,11273957175377,752
11273957391899,11273957392503,604
11273957610477,11273957611222,745
11273957829676,11273957830282,606
11273958046020,11273958046755,735
11273958264502,11273958265129,627
11273958484370,11273958485151,781
11273958700867,11273958701480,613
11273958922135,11273958922879,744
11273959141397,11273959141981,584
11273959356726,11273959357454,728
11273959572493,11273959573106,613
11273959791831,11273959792575,744
11273960012616,11273960013238,622
11273960233023,11273960233792,769
11273960447217,11273960447830,613
11273960663967,11273960664731,764
11273960886948,11273960887600,652
11273961115256,11273961116005,749
11273961330007,11273961330618,611
11273961549822,11273961550595,773
11273961767117,11273961767724,607
11273961986798,11273961987563,765
11273962200210,11273962200825,615
11273962423593,11273962424348,755
11273962639163,11273962639840,677
11273962857157,11273962857911,754
11273963077397,11273963078012,615
11273963294713,11273963295439,726
11273963515582,11273963516181,599
11273963732510,11273963733283,773
11273963948878,11273963949496,618
11273964164534,11273964165300,766
11273964380074,11273964380686,612
11273964596377,11273964597113,736
11273964812641,11273964813264,623
11273965030854,11273965031607,753
11273965247517,11273965248132,615
11273965464350,11273965465096,746
11273965683743,11273965684368,625
11273965904508,11273965905259,751
11273966126856,11273966127467,611
11273966346964,11273966347663,699
11273966562741,11273966563330,589
11273966789917,11273966790638,721
11273967007364,11273967007989,625
11273967226493,11273967227251,758
11273967444185,11273967444786,601
11273967662294,11273967663027,733
11273967883339,11273967883933,594
11273968149342,11273968150041,699
11273968367534,11273968368153,619
11273968589256,11273968589975,719
11273968804671,11273968805288,617
11273969032267,11273969033035,768
11273969248935,11273969249567,632
11273969470867,11273969471613,746
11273969686870,11273969687450,580
11273969908948,11273969909666,718
11273970130932,11273970131550,618
11273970350925,11273970351709,784
11273970569267,11273970569860,593
11273970788026,11273970788768,742
11273971003997,11273971004603,606
11273971223559,11273971224334,775
11273971436327,11273971436982,655
11273971649839,11273971650618,779
11273971869296,11273971869883,587
11273972085027,11273972085797,770
11273972317835,11273972318487,652
11273972537871,11273972538647,776
11273972754856,11273972755511,655
11273972975519,11273972976303,784
11273973193388,11273973194031,643
11273973486251,11273973487091,840
11273973719956,11273973720627,671
11273973950197,11273973950980,783
11273974168753,11273974169427,674
11273974392956,11273974393730,774
11273974607620,11273974608269,649
11273974893984,11273974894879,895
11273975127953,11273975128680,727
11273975371854,11273975372732,878
11273975602491,11273975603188,697
11273975827445,11273975828296,851
11273976050605,11273976051269,664
11273976276313,11273976277137,824
11273976516506,11273976517139,633
11273976749312,11273976750089,777
11273976973160,11273976973807,647
11273977194748,11273977195516,768
11273977484591,11273977485263,672
11273977782885,11273977783771,886
11273978055977,11273978056732,755
11273978336857,11273978337633,776
11273978579701,11273978580350,649
11273978926538,11273978928610,2072
11273979488025,11273979489236,1211
11273979833612,11273979834583,971
11273980177075,11273980178015,940
11273980514406,11273980516091,1685
11273981051397,11273981052957,1560
11273981566093,11273981567432,1339
11273981935046,11273981936079,1033
11273982296036,11273982297607,1571
11273982632632,11273982633783,1151
11273982938010,11273982938829,819
11273983219973,11273983220611,638
11273983524139,11273983525514,1375
11273983947340,11273983948379,1039
11273984246155,11273984246983,828
11273984475434,11273984476133,699
11273984702502,11273984703354,852
11273984924067,11273984924689,622
11273985154213,11273985155027,814
11273985373297,11273985373893,596
11273985643506,11273985644324,818
11273985868036,11273985868699,663
11273986091078,11273986091874,796
11273986309227,11273986309851,624
11273986534139,11273986534955,816
11273986752643,11273986753280,637
11273986969196,11273986969951,755
11273987193682,11273987194269,587
11273987415986,11273987416842,856
11273987635054,11273987635683,629
11273987853275,11273987854167,892
11273988067905,11273988068526,621
11273988304698,11273988305501,803
11273988586325,11273988586978,653
11273988889736,11273988890466,730
11273989141039,11273989141696,657
11273989368183,11273989368964,781
11273989586319,11273989586969,650
11273989818405,11273989819181,776
11273990036017,11273990036661,644
11273990259098,11273990259875,777
11273990475055,11273990475730,675
11273990704603,11273990705410,807
11273990938830,11273990939453,623
11273991159008,11273991159771,763
11273991374168,11273991374742,574
11273991589710,11273991590435,725
11273991808820,11273991809454,634
11273992026634,11273992027371,737
11273992254166,11273992254799,633
11273992501872,11273992502652,780
11273992720905,11273992721578,673
11273992935065,11273992935797,732
11273993150945,11273993151522,577
11273993373558,11273993374274,716
11273993587985,11273993588626,641
11273993809126,11273993809888,762
11273994023184,11273994023782,598
11273994239917,11273994240645,728
11273994502657,11273994503337,680
11273994946653,11273994947773,1120
11273995354137,11273995355507,1370
11273995958470,11273995959683,1213
11273996376847,11273996377732,885
11273996674623,11273996675616,993
11273996993306,11273996993965,659
11273997285918,11273997286810,892
11273997552757,11273997553544,787
11273997822217,11273997823166,949
11273998087142,11273998087737,595
11273998369278,11273998370246,968
11273998611331,11273998611997,666
11273998859656,11273998860442,786
11273999142725,11273999143422,697
11273999406230,11273999407002,772
11273999651634,11273999652254,620
11273999889212,11273999889994,782
11274000120335,11274000120919,584
11274000365725,11274000366569,844
11274000599467,11274000600203,736
11274000834493,11274000835283,790
11274001079621,11274001080204,583
11274001320565,11274001321346,781
11274001548307,11274001549059,752
11274001774469,11274001775228,759
11274001991678,11274001992276,598
11274002245813,11274002246611,798
11274002472027,11274002472689,662
11274002695679,11274002696476,797
11274002914068,11274002914701,633
11274003135341,11274003136091,750
11274003368786,11274003369316,530
11274003632464,11274003633339,875
11274003862659,11274003863355,696
11274004085752,11274004086541,789
11274004303980,11274004304579,599
11274004532018,11274004532801,783
11274004749601,11274004750229,628
11274004970003,11274004970779,776
11274005187604,11274005188177,573
11274005428411,11274005429207,796
11274005661123,11274005661738,615
11274005886512,11274005887279,767
11274006104908,11274006105474,566
11274006337983,11274006338719,736
11274006559461,11274006560088,627
11274006828266,11274006829419,1153
11274007171538,11274007172275,737
11274007497439,11274007498264,825
11274007754081,11274007754808,727
11274007979351,11274007980163,812
11274008203173,11274008203845,672
11274008428802,11274008429597,795
11274008650153,11274008650771,618
11274008898838,11274008899696,858
11274009127757,11274009128405,648
11274009350086,11274009350896,810
11274009575621,11274009576260,639
11274009795620,11274009796377,757
11274010011437,11274010012042,605
11274010234628,11274010235399,771
11274010450005,11274010450616,611
11274010669238,11274010669975,737
11274010889403,11274010890069,666
11274011107456,11274011108216,760
11274011323347,11274011323942,595
11274011542158,11274011543070,912
11274011761036,11274011761642,606
11274011979281,11274011980050,769
11274012196324,11274012196949,625
11274012471561,11274012472341,780
11274012690040,11274012690696,656
11274012910271,11274012911037,766
11274013125461,11274013126063,602
11274013344461,11274013345240,779
11274013565677,11274013566254,577
11274013783079,11274013783868,789
11274013999650,11274014000256,606
11274014232414,11274014233184,770
11274014448781,11274014449356,575
11274014667556,11274014668310,754
11274014892146,11274014892878,732
11274015137365,11274015138190,825
11274015372589,11274015373272,683
11274015630824,11274015631639,815
11274015851974,11274015852639,665
11274016097293,11274016098081,788
11274016312305,11274016312910,605
11274016532932,11274016533708,776
11274016752287,11274016752899,612
11274016971304,11274016972064,760
11274017188120,11274017188711,591
11274017408218,11274017408965,747
11274017622364,11274017623023,659
11274017849498,11274017850264,766
11274018068908,11274018069531,623
11274018290189,11274018290907,718
11274018507998,11274018508639,641
11274018725161,11274018725887,726
11274018947578,11274018948212,634
11274019166867,11274019167593,726
11274019401142,11274019401741,599
11274019617169,11274019617860,691
11274019836996,11274019837642,646
11274020053934,11274020054692,758
11274020268273,11274020268898,625
11274020485879,11274020486626,747
11274020705669,11274020706262,593
11274020923477,11274020924258,781
11274021139478,11274021140121,643
11274021372259,11274021373009,750
11274021591969,11274021592588,619
11274021809426,11274021810165,739
11274022024380,11274022024976,596
11274022246575,11274022247318,743
11274022465667,11274022466272,605
11274022686030,11274022686794,764
11274022900653,11274022901293,640
11274023120731,11274023121467,736
11274023350120,11274023350735,615
11274023568546,11274023569285,739
11274023791036,11274023791669,633
11274024008037,11274024008761,724
11274024253514,11274024254181,667
11274024474960,11274024475737,777
11274024691133,11274024691772,639
11274024908463,11274024909231,768
11274025123121,11274025123726,605
11274025356144,11274025356902,758
11274025578151,11274025578830,679
11274025793314,11274025794083,769
11274026011075,11274026011676,601
11274026230491,11274026231257,766
11274026457402,11274026457982,580
11274026674435,11274026675224,789
11274026890730,11274026891306,576
11274027108649,11274027110369,1720
11274027338541,11274027339156,615
11274027553422,11274027554211,789
11274027794838,11274027795584,746
11274028039977,11274028040838,861
11274028262422,11274028263048,626
11274028482008,11274028482780,772
11274028703478,11274028704101,623
11274028931404,11274028932168,764
11274029152558,11274029153190,632
11274029373160,11274029373924,764
11274029587765,11274029588357,592
11274029804707,11274029805508,801
11274030026469,11274030027102,633
11274030244118,11274030244895,777
11274030460905,11274030461555,650
11274030681017,11274030681792,775
11274030897509,11274030898101,592
11274031115781,11274031116528,747
11274031337040,11274031337657,617
11274031551493,11274031552266,773
11274031767100,11274031767700,600
11274031985256,11274031986003,747
11274032200534,11274032201108,574
11274032423059,11274032423812,753
11274032636937,11274032637518,581
11274032853069,11274032853825,756
11274033068233,11274033068824,591
11274033286540,11274033287296,756
11274033517447,11274033518045,598
11274033736485,11274033737213,728
11274033952741,11274033953305,564
11274034171351,11274034172061,710
11274034395608,11274034396232,624
11274034610975,11274034611731,756
11274034828934,11274034829528,594
11274035050987,11274035051742,755
11274035268770,11274035269390,620
11274035491420,11274035492190,770
11274035711282,11274035711941,659
11274035932514,11274035933264,750
11274036147976,11274036148571,595
11274036380296,11274036381011,715
11274036595568,11274036596159,591
11274036812328,11274036813038,710
11274037027391,11274037028005,614
11274037290549,11274037291277,728
11274037505511,11274037506143,632
11274037723489,11274037724245,756
11274037940754,11274037941413,659
11274038157815,11274038158574,759
11274038390047,11274038390658,611
11274038608582,11274038609321,739
11274038822943,11274038823524,581
11274039046738,11274039047476,738
11274039267461,11274039268100,639
11274039484843,11274039485572,729
11274039702704,11274039703341,637
11274039945972,11274039946803,831
11274040163336,11274040163976,640
11274040388925,11274040389690,765
11274040607669,11274040608308,639
11274040834046,11274040834809,763
11274041050970,11274041051599,629
11274041266853,11274041267597,744
11274041480761,11274041481395,634
11274041698435,11274041699210,775
11274041914004,11274041914618,614
11274042129909,11274042130681,772
11274042349105,11274042349734,629
11274042569740,11274042570516,776
11274042790753,11274042791359,606
11274043009242,11274043009993,751
11274043229326,11274043229985,659
11274043450178,11274043450903,725
11274043672295,11274043672908,613
11274043894647,11274043895413,766
11274044112152,11274044112777,625
11274044329323,11274044330058,735
11274044543350,11274044543939,589
11274044762102,11274044762863,761
11274044979020,11274044979617,597
11274045195101,11274045195804,703
11274045409094,11274045409714,620
11274045642207,11274045643000,793
11274045860405,11274045860990,585
11274046082241,11274046083027,786
11274046295717,11274046296348,631
11274046516962,11274046517738,776
11274046733038,11274046733655,617
11274046950160,11274046950929,769
11274047164233,11274047164879,646
11274047401377,11274047402149,772
11274047614107,11274047614723,616
11274047834642,11274047835389,747
11274048050617,11274048051207,590
11274048267676,11274048268427,751
11274048483125,11274048483708,583
11274048701768,11274048702517,749
11274048923449,11274048924069,620
11274049141359,11274049142152,793
11274049354669,11274049355312,643
11274049574896,11274049575627,731
11274049789961,11274049790592,631
11274050003328,11274050004057,729
11274050218480,11274050219099,619
11274050436107,11274050436861,754
11274050652881,11274050653464,583
11274050868598,11274050869339,741
11274051084862,11274051085428,566
11274051301970,11274051302700,730
11274051522343,11274051522920,577
11274051741460,11274051742225,765
11274051956529,11274051957147,618
11274052176376,11274052177082,706
11274052397915,11274052398539,624
11274052623559,11274052624291,732
11274052842016,11274052842612,596
11274053063399,11274053064116,717
11274053277031,11274053277630,599
11274053497612,11274053498337,725
11274053717228,11274053717812,584
11274053935922,11274053936667,745
11274054152786,11274054153394,608
11274054376710,11274054377461,751
11274054594186,11274054594785,599
11274054814891,11274054815627,736
11274055034663,11274055035250,587
11274055254120,11274055254865,745
11274055480404,11274055481010,606
11274055704877,11274055705618,741
11274055926962,11274055927587,625
11274056149063,11274056149778,715
11274056366180,11274056366738,558
11274056587968,11274056588725,757
11274056803919,11274056804522,603
11274057024781,11274057025532,751
11274057244671,11274057245243,572
11274057467487,11274057468206,719
11274057683151,11274057683769,618
11274057903589,11274057904353,764
11274058124174,11274058124774,600
11274058346151,11274058346893,742
11274058563775,11274058564350,575
11274058782626,11274058783372,746
11274059001425,11274059002087,662
11274059221891,11274059222646,755
11274059444127,11274059444708,581
11274059662574,11274059663334,760
11274059878832,11274059879416,584
11274060099788,11274060100531,743
11274060315373,11274060316013,640
11274060535518,11274060536252,734
11274060754505,11274060755104,599
11274060976066,11274060976813,747
11274061195562,11274061196161,599
11274061418072,11274061418830,758
11274061632142,11274061632749,607
11274061851434,11274061852131,697
11274062068480,11274062069099,619
11274062295429,11274062296195,766
11274062518059,11274062518656,597
11274062733424,11274062734177,753
11274062949520,11274062950118,598
11274063171957,11274063172662,705
11274063409112,11274063409725,613
11274063631510,11274063632250,740
11274063849430,11274063850034,604
11274064076701,11274064077445,744
11274064296495,11274064297151,656
11274064521625,11274064522398,773
11274064736815,11274064737478,663
11274064958120,11274064958875,755
11274065174820,11274065175454,634
11274065410087,11274065410800,713
11274065634237,11274065634839,602
11274065856769,11274065857522,753
11274066073704,11274066074305,601
11274066312516,11274066313274,758
11274066530764,11274066531364,600
11274066750839,11274066751557,718
11274066967936,11274066968575,639
11274067190142,11274067190934,792
11274067415303,11274067415923,620
11274067632537,11274067633317,780
11274067852617,11274067853231,614
11274068072189,11274068073006,817
11274068288883,11274068289506,623
11274068507776,11274068508548,772
11274068723738,11274068724384,646
11274068945251,11274068945984,733
11274069161125,11274069161742,617
11274069404540,11274069405269,729
11274069622758,11274069623345,587
11274069842694,11274069843405,711
11274070059490,11274070060101,611
11274070296132,11274070296896,764
11274070513959,11274070514566,607
11274070732610,11274070733351,741
11274070947767,11274070948403,636
11274071166183,11274071166950,767
11274071383041,11274071383660,619
11274071601356,11274071602079,723
11274071819343,11274071819934,591
11274072039012,11274072039776,764
11274072267427,11274072268104,677
11274072487135,11274072487882,747
11274072704437,11274072705076,639
11274072923841,11274072924596,755
11274073147220,11274073147792,572
11274073364278,11274073364979,701
11274073582202,11274073582816,614
11274073798655,11274073799385,730
11274074012418,11274074013049,631
11274074235508,11274074236231,723
11274074455403,11274074456017,614
11274074670744,11274074671492,748
11274074887220,11274074887832,612
11274075106294,11274075107026,732
11274075327399,11274075328028,629
11274075548962,11274075549713,751
11274075764626,11274075765234,608
11274075983282,11274075984052,770
11274076200665,11274076201272,607
11274076416909,11274076417651,742
11274076634114,11274076634702,588
11274076852916,11274076853654,738
11274077064210,11274077064773,563
11274077284935,11274077285678,743
11274077499189,11274077499796,607
11274077716897,11274077717624,727
11274077932670,11274077933297,627
11274078151204,11274078151925,721
11274078376519,11274078377088,569
11274078594276,11274078595008,732
11274078806542,11274078807134,592
11274079028676,11274079029429,753
11274079250027,11274079250652,625
11274079464620,11274079465361,741
11274079679621,11274079680192,571
11274079896212,11274079896948,736
11274080113163,11274080113791,628
11274080327038,11274080327796,758
11274080542799,11274080543434,635
11274080758602,11274080759390,788
11274080977348,11274080977977,629
11274081193236,11274081193993,757
11274081409085,11274081409721,636
11274081624391,11274081625161,770
11274081839209,11274081839808,599
11274082057129,11274082057876,747
11274082284393,11274082285031,638
11274082519095,11274082519869,774
11274082738059,11274082738684,625
11274082961908,11274082962683,775
11274083182571,11274083183185,614
11274083401735,11274083402468,733
11274083619541,11274083620148,607
11274083842836,11274083843591,755
11274084061630,11274084062237,607
11274084281678,11274084282430,752
11274084500607,11274084501229,622
11274084723385,11274084724164,779
11274084945306,11274084945927,621
11274085162733,11274085163473,740
11274085379398,11274085379982,584
11274085607313,11274085608107,794
11274085830675,11274085831303,628
11274086047417,11274086048146,729
11274086265500,11274086266146,646
11274086483145,11274086483910,765
11274086698629,11274086699246,617
11274086920997,11274086921694,697
11274087137259,11274087137891,632
11274087353634,11274087354379,745
11274087568201,11274087568810,609
11274087786221,11274087786943,722
11274088000816,11274088001456,640
11274088219907,11274088220642,735
11274088450530,11274088451145,615
11274088668034,11274088668759,725
11274088889433,11274088890049,616
11274089106619,11274089107336,717
11274089346952,11274089347567,615
11274089580348,11274089581067,719
11274089795743,11274089796338,595
11274090011785,11274090012535,750
11274090223215,11274090223810,595
11274090445770,11274090446536,766
11274090660934,11274090661541,607
11274090875602,11274090876336,734
11274091089590,11274091090179,589
11274091306763,11274091307481,718
11274091521704,11274091523291,1587
11274091737976,11274091738723,747
11274091951701,11274091952352,651
11274092173157,11274092173928,771
11274092398045,11274092398674,629
11274092615665,11274092616416,751
11274092829949,11274092830516,567
11274093043817,11274093044570,753
11274093281804,11274093282404,600
11274093498461,11274093499208,747
11274093712215,11274093712813,598
11274093926695,11274093927438,743
11274094142047,11274094142654,607
11274094363367,11274094364120,753
11274094577172,11274094577776,604
11274094793164,11274094793915,751
11274095009450,11274095010050,600
11274095225340,11274095226103,763
11274095435094,11274095435671,577
11274095654963,11274095655717,754
11274095870005,11274095870648,643
11274096087279,11274096088029,750
11274096303229,11274096303858,629
11274096519255,11274096520026,771
11274096733570,11274096734177,607
11274096952044,11274096952766,722
11274097167896,11274097168486,590
11274097383258,11274097383993,735
11274097598380,11274097598968,588
11274097811920,11274097812628,708
11274098027080,11274098027650,570
11274098243770,11274098244555,785
11274098458929,11274098459585,656
11274098673547,11274098674264,717
11274098891665,11274098892327,662
11274099106642,11274099107372,730
11274099321938,11274099322506,568
11274099537989,11274099538749,760
11274099751494,11274099752094,600
11274099971113,11274099971870,757
11274100228341,11274100228977,636
11274100446412,11274100447145,733
11274100659179,11274100659792,613
11274100879298,11274100880053,755
11274101093086,11274101093647,561
11274101314008,11274101314743,735
11274101608343,11274101609057,714
11274101864613,11274101865465,852
11274102112054,11274102112699,645
11274102378336,11274102379180,844
11274102623058,11274102623730,672
11274102865546,11274102866428,882
11274103122500,11274103123677,1177
11274103478398,11274103479650,1252
11274103766498,11274103767191,693
11274103994562,11274103995373,811
11274104217173,11274104217796,623
11274104436801,11274104437564,763
11274104655027,11274104655584,557
11274104871636,11274104872386,750
11274105091635,11274105092211,576
11274105314738,11274105315502,764
11274105531596,11274105532221,625
11274105762586,11274105763386,800
11274105981788,11274105982379,591
11274106212735,11274106213515,780
11274106429602,11274106430205,603
11274106650358,11274106651095,737
11274106867246,11274106867900,654
11274107087866,11274107088618,752
11274107315234,11274107315797,563
11274107537992,11274107538766,774
11274107754959,11274107755580,621
11274107970277,11274107971049,772
11274108187857,11274108188425,568
11274108406051,11274108406771,720
11274108618993,11274108619570,577
11274108835925,11274108836677,752
11274109063404,11274109064038,634
11274109285900,11274109286651,751
11274109516812,11274109517453,641
11274109731528,11274109732283,755
11274109948352,11274109948975,623
11274110170483,11274110171177,694
11274110388659,11274110389230,571
11274110604792,11274110605524,732
11274110821305,11274110821941,636
11274111036413,11274111037139,726
11274111254974,11274111255536,562
11274111470847,11274111471583,736
11274111686060,11274111686676,616
11274111900653,11274111901404,751
11274112117907,11274112118523,616
11274112345130,11274112345906,776
11274112572985,11274112573604,619
11274112798235,11274112799004,769
11274113014902,11274113015499,597
11274113249720,11274113250472,752
11274113468329,11274113468976,647
11274113687879,11274113688622,743
11274113910760,11274113911379,619
11274114133725,11274114134448,723
11274114356316,11274114356974,658
11274114577998,11274114578761,763
11274114794615,11274114795240,625
11274115017238,11274115017988,750
11274115236627,11274115237268,641
11274115458219,11274115458947,728
11274115682723,11274115683344,621
11274115903457,11274115904198,741
11274116123910,11274116124520,610
11274116343205,11274116343955,750
11274116565193,11274116565826,633
11274116782030,11274116782763,733
11274116999191,11274116999813,622
11274117234562,11274117235319,757
11274117454643,11274117455281,638
11274117673850,11274117674591,741
11274117889523,11274117890171,648
11274118109418,11274118110202,784
11274118324234,11274118324855,621
11274118545248,11274118546006,758
11274118762290,11274118762882,592
11274118990179,11274118990952,773
11274119206533,11274119207168,635
11274119425497,11274119426252,755
11274119641579,11274119642166,587
11274119862468,11274119863238,770
11274120079559,11274120080157,598
11274120316326,11274120317082,756
11274120532158,11274120532740,582
11274120752735,11274120753503,768
11274120971088,11274120971669,581
11274121193093,11274121193834,741
11274121417065,11274121417654,589
11274121637034,11274121637789,755
11274121857627,11274121858239,612
11274122077651,11274122078388,737
11274122305278,11274122305887,609
11274122527471,11274122528265,794
11274122748028,11274122748618,590
11274122972099,11274122972901,802
11274123189380,11274123189987,607
11274123409666,11274123410418,752
11274123630616,11274123631221,605
11274123848650,11274123849407,757
11274124068613,11274124069256,643
11274124290862,11274124291608,746
11274124508956,11274124509594,638
11274124728996,11274124729757,761
11274124947804,11274124948430,626
11274125169387,11274125170162,775
11274125388330,11274125388945,615
11274125613399,11274125614163,764
11274125830122,11274125830762,640
11274126051666,11274126052424,758
11274126267827,11274126268406,579
11274126484806,11274126485539,733
11274126698344,11274126698950,606
11274126922423,11274126923168,745
11274127136174,11274127136772,598
11274127353828,11274127354592,764
11274127570073,11274127570658,585
11274127788417,11274127789156,739
11274128004220,11274128004815,595
11274128225721,11274128226462,741
11274128443270,11274128443906,636
11274128660908,11274128661690,782
11274128887927,11274128888550,623
11274129109273,11274129110059,786
11274129326399,11274129327032,633
11274129544062,11274129544823,761
11274129759977,11274129760596,619
11274129979884,11274129980605,721
11274130201320,11274130201916,596
11274130418595,11274130419341,746
11274130634984,11274130635603,619
11274130855664,11274130856416,752
11274131072211,11274131072844,633
11274131293991,11274131294767,776
11274131510874,11274131511550,676
11274131733674,11274131734458,784
11274131956505,11274131957114,609
11274132176975,11274132177708,733
11274132415162,11274132415785,623
11274132636683,11274132637473,790
11274132857843,11274132858431,588
11274133076713,11274133077469,756
11274133297486,11274133298144,658
11274133516822,11274133517572,750
11274133738595,11274133739184,589
11274133958557,11274133959329,772
11274134178796,11274134179401,605
11274134409358,11274134410109,751
11274134627538,11274134628137,599
11274134848912,11274134849657,745
11274135071986,11274135072659,673
11274135289416,11274135290184,768
11274135506993,11274135507627,634
11274135736033,11274135736831,798
11274135956111,11274135956740,629
11274136178385,11274136179211,826
11274136416468,11274136417108,640
11274136639168,11274136639965,797
11274136855600,11274136856222,622
11274137077772,11274137078517,745
11274137300908,11274137301508,600
11274137529130,11274137529902,772
11274137746969,11274137747638,669
11274137964743,11274137965502,759
11274138179338,11274138179982,644
11274138398320,11274138399082,762
11274138614578,11274138615167,589
11274138836603,11274138837325,722
11274139061892,11274139062581,689
11274139281804,11274139282608,804
11274139501810,11274139502424,614
11274139724878,11274139725636,758
11274139941333,11274139941926,593
11274140156845,11274140157614,769
11274140373941,11274140374527,586
11274140590943,11274140591694,751
11274140808544,11274140809185,641
11274141025798,11274141026552,754
11274141241998,11274141242589,591
11274141462504,11274141463250,746
11274141679934,11274141680539,605
11274141898812,11274141899575,763
11274142118198,11274142118822,624
11274142342675,11274142343461,786
11274142561790,11274142562425,635
11274142785817,11274142786617,800
11274143003236,11274143003847,611
11274143220867,11274143221607,740
11274143436881,11274143437492,611
11274143657854,11274143658645,791
11274143874383,11274143874968,585
11274144093104,11274144093844,740
11274144315990,11274144316600,610
11274144537338,11274144538097,759
11274144752285,11274144752892,607
11274144975762,11274144976550,788
11274145191318,11274145191946,628
11274145409050,11274145409816,766
11274145633133,11274145633753,620
11274145852644,11274145853366,722
11274146070778,11274146071372,594
11274146288819,11274146289590,771
11274146511015,11274146511621,606
11274146734579,11274146735361,782
11274146952699,11274146953343,644
11274147169826,11274147170593,767
11274147388334,11274147388917,583
11274147610807,11274147611584,777
11274147828908,11274147829546,638
11274148050033,11274148050776,743
11274148266685,11274148267231,546
11274148493346,11274148494156,810
11274148715693,11274148716305,612
11274148937045,11274148937827,782
11274149155125,11274149155758,633
11274149374648,11274149375437,789
11274149591484,11274149592097,613
11274149811622,11274149812391,769
11274150031777,11274150032360,583
11274150256520,11274150257274,754
11274150475659,11274150476244,585
11274150694797,11274150695542,745
11274150914646,11274150915234,588
11274151134602,11274151135382,780
11274151353254,11274151353876,622
11274151574866,11274151575672,806
11274151792576,11274151793201,625
11274152011374,11274152012110,736
11274152232589,11274152233216,627
11274152454471,11274152455215,744
11274152671159,11274152671726,567
11274152891256,11274152891990,734
11274153110276,11274153110880,604
11274153336648,11274153337416,768
11274153553835,11274153554427,592
11274153775597,11274153776311,714
11274153996635,11274153997196,561
11274154218438,11274154219215,777
11274154466036,11274154466667,631
11274154688652,11274154689405,753
11274154906339,11274154906944,605
11274155126205,11274155126960,755
11274155338681,11274155339263,582
11274155581189,11274155581921,732
11274155801717,11274155802362,645
11274156023224,11274156023950,726
11274156241930,11274156242533,603
11274156460297,11274156462090,1793
11274156675556,11274156676172,616
11274156895342,11274156896103,761
11274157114362,11274157116010,1648
11274157351587,11274157352334,747
11274157569364,11274157569985,621
11274157789065,11274157789815,750
11274158008142,11274158008725,583
11274158232008,11274158232759,751
11274158450936,11274158451557,621
11274158668786,11274158669557,771
11274158891842,11274158892461,619
11274159111664,11274159112429,765
11274159328096,11274159328733,637
11274159545905,11274159546638,733
11274159763647,11274159764270,623
11274159984108,11274159984860,752
11274160203509,11274160204093,584
11274160424669,11274160425418,749
11274160642519,11274160643136,617
11274160860919,11274160861659,740
11274161078061,11274161078710,649
11274161301009,11274161301763,754
11274161517050,11274161517657,607
11274161735415,11274161736151,736
11274161960840,11274161961532,692
11274162180773,11274162181545,772
11274162407481,11274162408128,647
11274162627508,11274162628258,750
11274162845138,11274162845769,631
11274163062786,11274163063552,766
11274163280388,11274163280995,607
11274163497691,11274163498474,783
11274163719479,11274163720043,564
11274163939261,11274163940019,758
11274164197154,11274164197787,633
11274164419149,11274164419899,750
11274164638121,11274164638720,599
11274164856322,11274164857101,779
11274165077416,11274165078027,611
11274165293717,11274165294511,794
11274165510700,11274165511309,609
11274165735565,11274165736349,784
11274165950732,11274165951350,618
11274166170789,11274166171529,740
11274166396596,11274166397193,597
11274166612998,11274166613744,746
11274166833833,11274166834458,625
11274167058951,11274167059690,739
11274167284400,11274167285054,654
11274167503476,11274167504224,748
11274167725503,11274167726123,620
11274167947343,11274167948070,727
11274168161661,11274168162302,641
11274168380727,11274168381488,761
11274168595039,11274168595692,653
11274168816839,11274168817566,727
11274169039572,11274169040189,617
11274169262756,11274169263477,721
11274169479185,11274169479751,566
11274169699840,11274169700545,705
11274169916982,11274169917569,587
11274170132711,11274170133451,740
11274170362722,11274170363323,601
11274170582927,11274170583681,754
11274170802211,11274170802817,606
11274171021931,11274171022696,765
11274171256069,11274171256644,575
11274171477676,11274171478382,706
11274171698036,11274171698630,594
11274171916931,11274171917648,717
11274172133538,11274172134145,607
11274172362747,11274172363551,804
11274172584593,11274172585235,642
11274172804049,11274172804819,770
11274173020009,11274173020644,635
11274173238511,11274173239244,733
11274173471706,11274173472325,619
11274173692247,11274173692968,721
11274173908252,11274173908872,620
11274174129283,11274174130030,747
11274174363395,11274174363978,583
11274174584805,11274174585543,738
11274174800748,11274174801367,619
11274175020538,11274175021270,732
11274175238568,11274175239187,619
11274175455246,11274175456019,773
11274175677810,11274175678472,662
11274175899726,11274175900470,744
11274176119742,11274176120406,664
11274176339295,11274176340058,763
11274176561486,11274176562088,602
11274176781337,11274176782116,779
11274176997481,11274176998129,648
11274177214028,11274177214803,775
11274177431161,11274177431769,608
11274177650637,11274177651384,747
11274177865513,11274177866148,635
11274178083320,11274178084042,722
11274178303380,11274178303977,597
11274178523551,11274178524309,758
11274178745575,11274178746180,605
11274178971964,11274178972713,749
11274179191593,11274179192255,662
11274179411273,11274179412045,772
11274179629147,11274179629738,591
11274179849891,11274179850660,769
11274180066748,11274180067351,603
11274180300832,11274180301613,781
11274180519779,11274180520442,663
11274180740779,11274180741592,813
11274180954820,11274180955449,629
11274181175213,11274181175970,757
11274181413101,11274181413698,597
11274181636131,11274181636922,791
11274181855271,11274181855931,660
11274182075730,11274182076505,775
11274182304574,11274182305236,662
11274182526118,11274182526897,779
11274182742912,11274182743563,651
11274182961304,11274182962058,754
11274183181090,11274183181721,631
11274183399021,11274183399775,754
11274183617607,11274183618220,613
11274183836632,11274183837411,779
11274184054166,11274184054756,590
11274184270724,11274184271469,745
11274184491980,11274184492577,597
11274184713818,11274184714578,760
11274184933478,11274184934090,612
11274185155883,11274185156670,787
11274185375091,11274185375708,617
11274185602770,11274185603579,809
11274185823862,11274185824495,633
11274186046311,11274186047087,776
11274186265086,11274186265700,614
11274186494969,11274186495769,800
11274186710348,11274186711032,684
11274186930337,11274186931078,741
11274187147800,11274187148442,642
11274187371980,11274187372720,740
11274187591418,11274187592053,635
11274187810596,11274187811376,780
11274188025407,11274188026022,615
11274188248107,11274188248862,755
11274188476854,11274188477470,616
11274188696703,11274188697466,763
11274188929692,11274188930353,661
11274189159781,11274189160553,772
11274189381999,11274189382592,593
11274189599352,11274189600098,746
11274189814283,11274189814881,598
11274190032023,11274190032788,765
11274190249229,11274190249831,602
11274190464381,11274190465119,738
11274190678195,11274190678814,619
11274190896098,11274190896865,767
11274191110725,11274191111314,589
11274191328809,11274191329576,767
11274191543032,11274191543690,658
11274191760507,11274191761265,758
11274191973111,11274191973716,605
11274192191488,11274192192234,746
11274192409569,11274192410156,587
11274192628146,11274192628910,764
11274192841626,11274192842283,657
11274193057059,11274193057811,752
11274193276510,11274193277117,607
11274193493485,11274193494199,714
11274193708188,11274193708777,589
11274193924500,11274193925197,697
11274194137300,11274194137915,615
11274194365806,11274194366600,794
11274194580748,11274194581310,562
11274194795547,11274194796317,770
11274195012499,11274195013153,654
11274195231903,11274195232682,779
11274195463436,11274195464102,666
11274195685156,11274195685941,785
11274195902329,11274195902946,617
11274196119772,11274196120503,731
11274196332882,11274196333485,603
11274196547737,11274196548480,743
11274196763748,11274196764377,629
11274196978881,11274196979650,769
11274197197283,11274197197856,573
11274197419555,11274197420299,744
11274197635185,11274197635785,600
11274197852996,11274197853739,743
11274198069157,11274198069735,578
11274198285671,11274198286482,811
11274198502172,11274198502738,566
11274198719781,11274198720533,752
11274198938584,11274198939239,655
11274199160608,11274199161381,773
11274199389961,11274199390587,626
11274199608672,11274199609452,780
11274199823297,11274199823900,603
11274200043018,11274200043759,741
11274200258769,11274200259413,644
11274200475242,11274200475975,733
11274200689875,11274200690490,615
11274200906245,11274200907027,782
11274201124910,11274201125563,653
11274201344239,11274201344986,747
11274201558526,11274201559173,647
11274201773393,11274201774142,749
11274201990744,11274201991347,603
11274202209855,11274202210692,837
11274202429263,11274202429876,613
11274202644309,11274202645013,704
11274202861916,11274202862521,605
11274203079471,11274203080215,744
11274203293934,11274203294473,539
11274203512342,11274203513049,707
11274203725842,11274203726388,546
11274203943734,11274203944396,662
11274204158294,11274204158853,559
11274204379883,11274204380600,717
11274204595713,11274204596321,608
11274204818003,11274204818713,710
11274205031025,11274205031588,563
11274205246764,11274205247457,693
11274205460868,11274205461468,600
11274205680381,11274205681091,710
11274205897882,11274205898466,584
11274206115604,11274206116363,759
11274206331189,11274206331766,577
11274206546461,11274206547233,772
11274206763946,11274206764538,592
11274206979634,11274206980402,768
11274207194177,11274207194792,615
11274207410627,11274207411367,740
11274207625713,11274207626338,625
11274207844508,11274207845241,733
11274208058884,11274208059497,613
11274208273390,11274208274170,780
11274208488099,11274208488694,595
11274208703178,11274208703926,748
11274208925400,11274208926049,649
11274209142164,11274209142900,736
11274209358349,11274209358941,592
11274209572990,11274209573789,799
11274209793903,11274209794552,649
11274210013584,11274210014341,757
11274210227278,11274210227900,622
11274210449413,11274210450272,859
11274210667070,11274210667776,706
11274210884614,11274210885395,781
11274211099949,11274211100576,627
11274211316578,11274211317324,746
11274211529842,11274211530445,603
11274211749037,11274211749808,771
11274211961051,11274211961673,622
11274212177788,11274212178553,765
11274212401290,11274212401961,671
11274212620718,11274212621482,764
11274212835940,11274212836569,629
11274213052716,11274213053508,792
11274213267566,11274213268216,650
11274213494741,11274213495511,770
11274213708577,11274213709224,647
11274213924596,11274213925360,764
11274214142088,11274214142748,660
11274214359418,11274214360157,739
11274214577610,11274214578194,584
11274214793712,11274214794434,722
11274215009594,11274215010227,633
11274215224510,11274215225219,709
11274215439931,11274215440544,613
11274215662645,11274215663423,778
11274215879743,11274215880411,668
11274216097760,11274216098552,792
11274216310733,11274216311367,634
11274216529256,11274216530002,746
11274216743820,11274216744464,644
11274216960309,11274216961087,778
11274217173785,11274217174387,602
11274217396256,11274217396981,725
11274217610960,11274217611562,602
11274217825649,11274217826405,756
11274218043170,11274218043824,654
11274218259699,11274218260461,762
11274218509818,11274218510429,611
11274218725679,11274218726430,751
11274218946048,11274218946727,679
11274219164295,11274219165034,739
11274219379312,11274219379860,548
11274219594745,11274219595499,754
11274219811880,11274219812518,638
11274220030097,11274220030815,718
11274220247468,11274220248083,615
11274220463250,11274220464003,753
11274220675133,11274220675697,564
11274220891226,11274220891957,731
11274221109307,11274221109878,571
11274221325022,11274221326679,1657
11274221539066,11274221539649,583
11274221754628,11274221755367,739
11274221970812,11274221971432,620
11274222187386,11274222188168,782
11274222408117,11274222408676,559
11274222624291,11274222625038,747
11274222841662,11274222842257,595
11274223057319,11274223058071,752
11274223274947,11274223275579,632
11274223492589,11274223493376,787
11274223707337,11274223707937,600
11274223921942,11274223922692,750
11274224134881,11274224135453,572
11274224350107,11274224350889,782
11274224564547,11274224565140,593
11274224782334,11274224783107,773
11274224994453,11274224995086,633
11274225210636,11274225211451,815
11274225424133,11274225424750,617
11274225644437,11274225645221,784
11274225861390,11274225862031,641
11274226078051,11274226078842,791
11274226290374,11274226290996,622
11274226517237,11274226518005,768
11274226732983,11274226733605,622
11274226994723,11274226995521,798
11274227211341,11274227211944,603
11274227429354,11274227430109,755
11274227644034,11274227644628,594
11274227859162,11274227859903,741
11274228072330,11274228072952,622
11274228287267,11274228288049,782
11274228511182,11274228511796,614
11274228727747,11274228728491,744
11274228943928,11274228944561,633
11274229163017,11274229163751,734
11274229375264,11274229375842,578
11274229598681,11274229599426,745
11274229814876,11274229815495,619
11274230035927,11274230036689,762
11274230249964,11274230250543,579
11274230488811,11274230489557,746
11274230710619,11274230711210,591
11274230927234,11274230927990,756
11274231143189,11274231143771,582
11274231368228,11274231368958,730
11274231586191,11274231586801,610
11274231803290,11274231804058,768
11274232021564,11274232022163,599
11274232243896,11274232244678,782
11274232466776,11274232467424,648
11274232686731,11274232687502,771
11274232903284,11274232903905,621
11274233121947,11274233122677,730
11274233341691,11274233342321,630
11274233560251,11274233561000,749
11274233777302,11274233777885,583
11274233997410,11274233998172,762
11274234210584,11274234211181,597
11274234433941,11274234434723,782
11274234659376,11274234659990,614
11274234883022,11274234883792,770
11274235102366,11274235102923,557
11274235325688,11274235326452,764
11274235552481,11274235553100,619
11274235773029,11274235773777,748
11274235986728,11274235987298,570
11274236205205,11274236206020,815
11274236423531,11274236424111,580
11274236640921,11274236641726,805
11274236857959,11274236858615,656
11274237076225,11274237077029,804
11274237293961,11274237294588,627
11274237514134,11274237514877,743
11274237729882,11274237730459,577
11274237948457,11274237949173,716
11274238167964,11274238168551,587
11274238394632,11274238395409,777
11274238612337,11274238612920,583
11274238830850,11274238831615,765
11274239051415,11274239052005,590
11274239269525,11274239270261,736
11274239488648,11274239489251,603
11274239709264,11274239710009,745
11274239922841,11274239923431,590
11274240141769,11274240142542,773
11274240357576,11274240358172,596
11274240574732,11274240575492,760
11274240794054,11274240794636,582
11274241013021,11274241013734,713
11274241231916,11274241232500,584
11274241451769,11274241452506,737
11274241666614,11274241667191,577
11274241884930,11274241885702,772
11274242098403,11274242099048,645
11274242324694,11274242325489,795
11274242544963,11274242545572,609
11274242765875,11274242766632,757
11274242982409,11274242983016,607
11274243203113,11274243203854,741
11274243421382,11274243421938,556
11274243640921,11274243641638,717
11274243856171,11274243856799,628
11274244072781,11274244073516,735
11274244290689,11274244291276,587
11274244513611,11274244514336,725
11274244729511,11274244730064,553
11274244946697,11274244947436,739
11274245166205,11274245166831,626
11274245386122,11274245386808,686
11274245610329,11274245610928,599
11274245831330,11274245832089,759
11274246052224,11274246052795,571
11274246277396,11274246278130,734
11274246493776,11274246494365,589
11274246714557,11274246715299,742
11274246930382,11274246930949,567
11274247153054,11274247153776,722
11274247389006,11274247389563,557
11274247609090,11274247609796,706
11274247824872,11274247825422,550
11274248046216,11274248046927,711
11274248266141,11274248266699,558
11274248487348,11274248488068,720
11274248701689,11274248702306,617
11274248923446,11274248924195,749
11274249142149,11274249142749,600
11274249376268,11274249376953,685
11274249589261,11274249589849,588
11274249806644,11274249807345,701
11274250021489,11274250022107,618
11274250241083,11274250241832,749
11274250455845,11274250456452,607
11274250676941,11274250677644,703
11274250892411,11274250893025,614
11274251109177,11274251109928,751
11274251323337,11274251323918,581
11274251541755,11274251542499,744
11274251757850,11274251758477,627
11274251980629,11274251981383,754
11274252197550,11274252198187,637
11274252425127,11274252425898,771
11274252639330,11274252639895,565
11274252857859,11274252858570,711
11274253075635,11274253076246,611
11274253304199,11274253304931,732
11274253521166,11274253521799,633
11274253737405,11274253738151,746
11274253953717,11274253954331,614
11274254176195,11274254176987,792
11274254390535,11274254391144,609
11274254608543,11274254609278,735
11274254869653,11274254870263,610
11274255205938,11274255206849,911
11274255560645,11274255561347,702
11274255812907,11274255813739,832
11274256042077,11274256042824,747
11274256311561,11274256312501,940
11274256548985,11274256549632,647
11274256769990,11274256770774,784
11274256989893,11274256990576,683
11274257212355,11274257213210,855
11274257432373,11274257432998,625
11274257688129,11274257689022,893
11274258029542,11274258030228,686
11274258363088,11274258363966,878
11274258630773,11274258631485,712
11274258902790,11274258903656,866
11274259148605,11274259149318,713
11274259395598,11274259396401,803
11274259639125,11274259639820,695
11274259893253,11274259894170,917
11274260134074,11274260134733,659
11274260380187,11274260381002,815
11274260622347,11274260623035,688
11274260873024,11274260873851,827
11274261114486,11274261115196,710
11274261374585,11274261375435,850
11274261615526,11274261616235,709
11274261856436,11274261857306,870
11274262101896,11274262102561,665
11274262353148,11274262354008,860
11274262594483,11274262595238,755
11274262835434,11274262836297,863
11274263082020,11274263082744,724
11274263323248,11274263324075,827
11274263569664,11274263570376,712
11274263810768,11274263811586,818
11274264054247,11274264054925,678
11274264295001,11274264295817,816
11274264536224,11274264536938,714
11274264776610,11274264777428,818
11274265022179,11274265022861,682
11274265264817,11274265265616,799
11274265502715,11274265503415,700
11274265753011,11274265753848,837
11274265995733,11274265996400,667
11274266240825,11274266241609,784
11274266482605,11274266483278,673
11274266724563,11274266725425,862
11274266962692,11274266963381,689
11274267206618,11274267207419,801
11274267463103,11274267463770,667
11274267705608,11274267706444,836
11274267947308,11274267947966,658
11274268189507,11274268190341,834
11274268430340,11274268430997,657
11274268671283,11274268672089,806
11274268918775,11274268919430,655
11274269160353,11274269161207,854
11274269402273,11274269402997,724
11274269645259,11274269646141,882
11274269889224,11274269889902,678
11274270131429,11274270132257,828
11274270371215,11274270371902,687
11274270610205,11274270611019,814
11274270855746,11274270856459,713
11274271096697,11274271097553,856
11274271339046,11274271339766,720
11274271579176,11274271580027,851
11274271823212,11274271823921,709
11274272064181,11274272064973,792
11274272308699,11274272309386,687
11274272552672,11274272553454,782
11274272798163,11274272798828,665
11274273040638,11274273041429,791
11274273281432,11274273282079,647
11274273524489,11274273525327,838
11274273766095,11274273766817,722
11274274010858,11274274011697,839
11274274252670,11274274253318,648
11274274495957,11274274496777,820
11274274738647,11274274739283,636
11274274983316,11274274984158,842
11274275223693,11274275224380,687
11274275468511,11274275469338,827
11274275717126,11274275717812,686
11274275957474,11274275958258,784
11274276200787,11274276201447,660
11274276445556,11274276446376,820
11274276685110,11274276685782,672
11274276926495,11274276927330,835
11274277170361,11274277171028,667
11274277410417,11274277411227,810
11274277651570,11274277652239,669
11274277893664,11274277894476,812
11274278138833,11274278139527,694
11274278384976,11274278385812,836
11274278627091,11274278627720,629
11274278869187,11274278870053,866
11274279119415,11274279120093,678
11274279377220,11274279378016,796
11274279618971,11274279619640,669
11274279861600,11274279862436,836
11274280100677,11274280101314,637
11274280344516,11274280345347,831
11274280587639,11274280588326,687
11274280829812,11274280830662,850
11274281071548,11274281072240,692
11274281316601,11274281317445,844
11274281559420,11274281560082,662
11274281803381,11274281804201,820
11274282043762,11274282044467,705
11274282296210,11274282297043,833
11274282542997,11274282543684,687
11274282786020,11274282786866,846
11274283025203,11274283025838,635
11274283266291,11274283267084,793
11274283507507,11274283508195,688
11274283752216,11274283753038,822
11274283991810,11274283992491,681
11274284233352,11274284234176,824
11274284475265,11274284475937,672
11274284716720,11274284717556,836
11274284961785,11274284962515,730
11274285207010,11274285207870,860
11274285448789,11274285449470,681
11274285702445,11274285703313,868
11274285946251,11274285946913,662
11274286187123,11274286187921,798
11274286434223,11274286434884,661
11274286674849,11274286675671,822
11274286946357,11274286947068,711
11274287189591,11274287190442,851
11274287428298,11274287428977,679
11274287673272,11274287674137,865
11274287911581,11274287912248,667
11274288155810,11274288156629,819
11274288394758,11274288395398,640
11274288636836,11274288637662,826
11274288883836,11274288884516,680
11274289125695,11274289126512,817
11274289381508,11274289382177,669
11274289622025,11274289622879,854
11274289866541,11274289867218,677
11274290106578,11274290108458,1880
11274290349714,11274290350409,695
11274290589500,11274290590310,810
11274290830406,11274290831078,672
11274291070603,11274291071421,818
11274291310250,11274291310958,708
11274291552054,11274291552867,813
11274291793995,11274291794650,655
11274292037169,11274292037980,811
11274292281036,11274292281692,656
11274292533506,11274292534341,835
11274292769807,11274292770472,665
11274293013530,11274293014336,806
11274293253687,11274293254359,672
11274293494008,11274293494886,878
11274293730342,11274293731001,659
11274293974763,11274293975620,857
11274294214009,11274294214732,723
11274294498459,11274294499261,802
11274294747828,11274294748501,673
11274294992013,11274294992838,825
11274295230420,11274295231086,666
11274295472747,11274295473542,795
11274295717930,11274295718624,694
11274295960111,11274295960922,811
11274296202704,11274296203406,702
11274296440815,11274296441658,843
11274296678957,11274296679630,673
11274296920857,11274296921722,865
11274297161288,11274297161976,688
11274297406011,11274297406817,806
11274297645662,11274297646327,665
11274297887420,11274297888294,874
11274298126958,11274298127626,668
11274298370672,11274298371467,795
11274298610561,11274298611261,700
11274298855723,11274298856564,841
11274299101466,11274299102147,681
11274299345832,11274299346648,816
11274299587002,11274299587682,680
11274299827199,11274299827994,795
11274300064886,11274300065563,677
11274300306872,11274300307711,839
11274300545963,11274300546678,715
11274300786979,11274300787823,844
11274301027797,11274301028488,691
11274301269071,11274301269895,824
11274301505913,11274301506616,703
11274301753182,11274301754006,824
11274301993475,11274301994156,681
11274302243679,11274302244560,881
11274302490928,11274302491659,731
11274302738541,11274302739374,833
11274302982566,11274302983238,672
11274303226190,11274303227049,859
11274303466274,11274303466970,696
11274303711161,11274303712038,877
11274303952665,11274303953354,689
11274304192535,11274304193364,829
11274304433061,11274304433757,696
11274304676746,11274304677581,835
11274304921709,11274304922343,634
11274305162923,11274305163742,819
11274305405985,11274305406702,717
11274305663824,11274305664610,786
11274305909259,11274305909907,648
11274306151984,11274306152792,808
11274306392217,11274306392888,671
11274306636758,11274306637567,809
11274306878306,11274306878944,638
11274307124340,11274307125172,832
11274307365747,11274307366420,673
11274307609511,11274307610316,805
11274307849633,11274307850298,665
11274308095271,11274308096106,835
11274308335582,11274308336245,663
11274308580284,11274308581107,823
11274308821630,11274308822326,696
11274309071170,11274309072021,851
11274309314095,11274309314807,712
11274309560377,11274309561202,825
11274309801236,11274309801937,701
11274310042420,11274310043253,833
11274310287246,11274310287899,653
11274310528671,11274310529471,800
11274310769773,11274310770475,702
11274311014084,11274311014923,839
11274311253928,11274311254579,651
11274311498073,11274311498887,814
11274311740832,11274311741457,625
11274311980631,11274311981433,802
11274312228581,11274312229249,668
11274312477338,11274312478231,893
11274312720132,11274312720774,642
11274312966072,11274312966934,862
11274313206772,11274313207443,671
11274313453204,11274313454003,799
11274313702093,11274313702766,673
11274313945206,11274313946012,806
11274314187406,11274314188062,656
11274314432530,11274314433374,844
11274314675259,11274314675953,694
11274314915764,11274314916558,794
11274315155209,11274315155872,663
11274315398652,11274315399452,800
11274315649003,11274315649643,640
11274315893466,11274315894323,857
11274316137986,11274316138673,687
11274316382565,11274316383395,830
11274316623462,11274316624179,717
11274316866370,11274316867210,840
11274317107280,11274317107953,673
11274317348842,11274317349684,842
11274317588060,11274317588741,681
11274317831441,11274317832263,822
11274318072944,11274318073597,653
11274318314758,11274318315592,834
11274318554894,11274318555560,666
11274318799819,11274318800631,812
11274319047076,11274319047764,688
11274319291003,11274319291835,832
11274319533109,11274319533753,644
11274319776714,11274319777519,805
11274320019448,11274320020098,650
11274320262595,11274320263395,800
11274320502003,11274320502632,629
11274320748364,11274320749224,860
11274320992071,11274320992742,671
11274321232852,11274321233706,854
11274321471364,11274321472012,648
11274321713550,11274321714352,802
11274321951333,11274321952027,694
11274322199076,11274322199917,841
11274322449215,11274322449870,655
11274322695292,11274322696096,804
11274322937284,11274322937920,636
11274323184686,11274323185505,819
11274323427435,11274323428094,659
11274323670413,11274323671252,839
11274323912322,11274323912988,666
11274324154760,11274324155599,839
11274324397476,11274324398110,634
11274324637581,11274324638414,833
11274324877105,11274324877755,650
11274325119418,11274325120269,851
11274325362001,11274325362672,671
11274325610705,11274325611561,856
11274325855582,11274325856236,654
11274326102089,11274326102880,791
11274326343792,11274326344476,684
11274326591320,11274326592163,843
11274326831678,11274326832355,677
11274327074395,11274327075241,846
11274327313961,11274327314592,631
11274327558990,11274327559795,805
11274327800630,11274327801273,643
11274328044174,11274328044971,797
11274328284630,11274328285293,663
11274328526676,11274328527478,802
11274328768866,11274328769501,635
11274329023020,11274329023864,844
11274329269419,11274329270053,634
11274329511676,11274329512503,827
11274329756764,11274329757416,652
11274330001225,11274330002041,816
11274330242076,11274330242728,652
11274330483325,11274330484118,793
11274330729738,11274330730408,670
11274330971475,11274330972258,783
11274331212217,11274331212900,683
11274331455485,11274331456293,808
11274331696640,11274331697291,651
11274331939675,11274331940469,794
11274332182320,11274332182928,608
11274332433887,11274332434711,824
11274332677013,11274332677686,673
11274332923989,11274332924793,804
11274333166621,11274333167295,674
11274333410669,11274333411494,825
11274333652421,11274333653041,620
11274333898314,11274333899126,812
11274334142352,11274334142975,623
11274334384060,11274334384831,771
11274334624518,11274334625150,632
11274334866168,11274334866989,821
11274335109465,11274335110065,600
11274335350287,11274335351084,797
11274335601559,11274335602248,689
11274335847990,11274335848821,831
11274336090946,11274336091584,638
11274336336046,11274336336852,806
11274336581281,11274336581923,642
11274336824345,11274336825145,800
11274337066468,11274337067115,647
11274337306971,11274337307812,841
11274337551579,11274337552262,683
11274337792882,11274337793724,842
11274338032125,11274338032786,661
11274338273603,11274338274381,778
11274338520972,11274338521654,682
11274338762048,11274338762852,804
11274339011657,11274339012318,661
11274339258850,11274339259698,848
11274339504571,11274339505233,662
11274339746985,11274339747809,824
11274339987844,11274339988498,654
11274340233521,11274340234370,849
11274340474862,11274340475502,640
11274340726774,11274340727574,800
11274340967545,11274340968201,656
11274341211462,11274341212247,785
11274341451919,11274341452572,653
11274341696208,11274341696993,785
11274341936584,11274341937251,667
11274342179927,11274342180726,799
11274342432960,11274342433633,673
11274342704376,11274342705196,820
11274342963330,11274342964003,673
11274343208319,11274343209176,857
11274343452278,11274343452960,682
11274343696383,11274343697188,805
11274343941426,11274343942165,739
11274344197161,11274344197948,787
11274344560660,11274344561343,683
11274344820711,11274344821603,892
11274345070303,11274345070997,694
11274345333689,11274345334534,845
11274345590472,11274345591122,650
11274345837272,11274345838146,874
11274346081182,11274346081829,647
11274346326246,11274346327037,791
11274346572566,11274346573250,684
11274346815616,11274346816448,832
11274347054965,11274347055629,664
11274347299889,11274347300739,850
11274347541262,11274347541924,662
11274347782770,11274347783592,822
11274348022282,11274348022926,644
11274348263358,11274348264208,850
11274348506233,11274348506916,683
11274348749213,11274348750029,816
11274349001269,11274349001903,634
11274349247709,11274349248565,856
11274349494854,11274349495523,669
11274349737909,11274349738729,820
11274349981050,11274349981742,692
11274350227518,11274350228316,798
11274350470358,11274350471017,659
11274350712007,11274350712853,846
11274350954213,11274350954873,660
11274351196041,11274351196874,833
11274351437682,11274351438380,698
11274351682276,11274351683144,868
11274351923840,11274351924527,687
11274352164846,11274352165652,806
11274352417262,11274352417944,682
11274352658669,11274352659476,807
11274352905319,11274352905952,633
11274353146668,11274353147478,810
11274353388333,11274353389003,670
11274353652807,11274353653543,736
11274353874301,11274353874906,605
11274354096155,11274354096950,795
11274354339477,11274354340099,622
11274354640300,11274354641089,789
11274354863930,11274354864544,614
11274355083247,11274355083980,733
11274355303529,11274355304130,601
11274355529647,11274355530393,746
11274355837951,11274355838565,614
11274356058151,11274356058861,710
11274356279564,11274356280199,635
11274356498916,11274356499673,757
11274356718666,11274356719275,609
11274356940255,11274356941006,751
11274357158984,11274357159574,590
11274357380317,11274357381051,734
11274357601012,11274357601580,568
11274357820600,11274357821337,737
11274358041632,11274358042245,613
11274358265361,11274358266092,731
11274358485266,11274358485895,629
11274358706190,11274358706948,758
11274358978591,11274358979292,701
11274359232204,11274359232976,772
11274359451427,11274359452025,598
11274359678133,11274359678850,717
11274359896626,11274359897197,571
11274360115914,11274360116605,691
11274360335383,11274360335968,585
11274360557976,11274360558724,748
11274360775366,11274360775949,583
11274360996458,11274360997198,740
11274361216001,11274361216612,611
11274361438908,11274361439648,740
11274361654223,11274361654820,597
11274361921847,11274361922672,825
11274362161343,11274362162025,682
11274362408589,11274362409448,859
11274362650398,11274362651037,639
11274362891739,11274362892566,827
11274363149660,11274363150710,1050
11274363392273,11274363393134,861
11274363694405,11274363695165,760
11274364025207,11274364026102,895
11274364264734,11274364265396,662
11274364532685,11274364533510,825
11274364752137,11274364752795,658
11274364975472,11274364976279,807
11274365194339,11274365195000,661
11274365411883,11274365412690,807
11274365640468,11274365641165,697
11274365864912,11274365865677,765
11274366078731,11274366079308,577
11274366297065,11274366297813,748
11274366512942,11274366513553,611
11274366730549,11274366731306,757
11274366944127,11274366944703,576
11274367163202,11274367163954,752
11274367387425,11274367388045,620
11274367606334,11274367607128,794
11274367822500,11274367823121,621
11274368040296,11274368041074,778
11274368254265,11274368254865,600
11274368474014,11274368474810,796
11274368688803,11274368689407,604
11274368918421,11274368919167,746
11274369137437,11274369138041,604
11274369351952,11274369352741,789
11274369568426,11274369569024,598
11274369787327,11274369788104,777
11274370000438,11274370001032,594
11274370217785,11274370218602,817
11274370432688,11274370433314,626
11274370651381,11274370652132,751
11274370865691,11274370866263,572
11274371080527,11274371081304,777
11274371294598,11274371295129,531
11274371511949,11274371512714,765
11274371728266,11274371728860,594
11274371946188,11274371946991,803
11274372160586,11274372161192,606
11274372389052,11274372389837,785
11274372607609,11274372608222,613
11274372827810,11274372828565,755
11274373043850,11274373044457,607
11274373263798,11274373264597,799
11274373483139,11274373483781,642
11274373705229,11274373706030,801
11274373921575,11274373922197,622
11274374142944,11274374143754,810
11274374358270,11274374358879,609
11274374581712,11274374582536,824
11274374800810,11274374801406,596
11274375019373,11274375020169,796
11274375241146,11274375241766,620
11274375461829,11274375462588,759
11274375685935,11274375686578,643
11274375907470,11274375908225,755
11274376123148,11274376123750,602
11274376339109,11274376339868,759
11274376554791,11274376555411,620
11274376773036,11274376773817,781
11274376988084,11274376988709,625
11274377208544,11274377209361,817
11274377422240,11274377422847,607
11274377640856,11274377641623,767
11274377857948,11274377858537,589
11274378073920,11274378074664,744
11274378288111,11274378288795,684
11274378508399,11274378509173,774
11274378723778,11274378724401,623
11274378948781,11274378949567,786
11274379166379,11274379167018,639
11274379384461,11274379385224,763
11274379598333,11274379598974,641
11274379818217,11274379819010,793
11274380032446,11274380033094,648
11274380249650,11274380250410,760
11274380464384,11274380464996,612
11274380689696,11274380690454,758
11274380904038,11274380904647,609
11274381120199,11274381120963,764
11274381333932,11274381334571,639
11274381551487,11274381552230,743
11274381769352,11274381769964,612
11274381987372,11274381988129,757
11274382201703,11274382202349,646
11274382431194,11274382431984,790
11274382646652,11274382647289,637
11274382864671,11274382865438,767
11274383079910,11274383080552,642
11274383298109,11274383298880,771
11274383523209,11274383523840,631
11274383744955,11274383745759,804
11274383964152,11274383964746,594
11274384199963,11274384200749,786
11274384416448,11274384417056,608
11274384636604,11274384637363,759
11274384855306,11274384855892,586
11274385074020,11274385074753,733
11274385287768,11274385288346,578
11274385511605,11274385512345,740
11274385740661,11274385741321,660
11274385962882,11274385963666,784
11274386179547,11274386180160,613
11274386400561,11274386401345,784
11274386614238,11274386614851,613
11274386835563,11274386836346,783
11274387053659,11274387054297,638
11274387275634,11274387276407,773
11274387494528,11274387495136,608
11274387712029,11274387712792,763
11274387930365,11274387930990,625
11274388151218,11274388151973,755
11274388370157,11274388370783,626
11274388590835,11274388591584,749
11274388810353,11274388810935,582
11274389035010,11274389035769,759
11274389250208,11274389250818,610
11274389468887,11274389469659,772
11274389684858,11274389685452,594
11274389904345,11274389905103,758
11274390117423,11274390118010,587
11274390336731,11274390337465,734
11274390551266,11274390551879,613
11274390769852,11274390770604,752
11274390986532,11274390987155,623
11274391211159,11274391211886,727
11274391437159,11274391437778,619
11274393006618,11274393007455,837
11274393226590,11274393227255,665
11274393445978,11274393446771,793
11274393661011,11274393661659,648
11274393884683,11274393885442,759
11274394098615,11274394099257,642
11274394315783,11274394316572,789
11274394532619,11274394533251,632
11274394750471,11274394751227,756
11274394965545,11274394966185,640
11274395182636,11274395183404,768
11274395398936,11274395399531,595
11274395624576,11274395625373,797
11274395859633,11274395860284,651
11274396079472,11274396080244,772
11274396296463,11274396297104,641
11274396517437,11274396518178,741
11274396734414,11274396735047,633
11274396950313,11274396951099,786
11274397169510,11274397170122,612
11274397386490,11274397387299,809
11274397601790,11274397602441,651
11274397821392,11274397822199,807
11274398036092,11274398036689,597
11274398255378,11274398256190,812
11274398469549,11274398470195,646
11274398688366,11274398689158,792
11274398913422,11274398914114,692
11274399133584,11274399134328,744
11274399346812,11274399347463,651
11274399569660,11274399570459,799
11274399788006,11274399788654,648
11274400005204,11274400005982,778
11274400220845,11274400221510,665
11274400448092,11274400448826,734
11274400666297,11274400666981,684
11274400881615,11274400882407,792
11274401094747,11274401095382,635
11274401313903,11274401314647,744
11274401533182,11274401533823,641
11274401747922,11274401748672,750
11274401963067,11274401963694,627
11274402180173,11274402180921,748
11274402406355,11274402407033,678
11274402627494,11274402628255,761
11274402844497,11274402845135,638
11274403062347,11274403063117,770
11274403277777,11274403278382,605
11274403497050,11274403497835,785
11274403711915,11274403712586,671
11274403935916,11274403936662,746
11274404151945,11274404152614,669
11274404369966,11274404370751,785
11274404586819,11274404587484,665
11274404806273,11274404807062,789
11274405020934,11274405021589,655
11274405238535,11274405239336,801
11274405453093,11274405453751,658
11274405682036,11274405682804,768
11274405902211,11274405902882,671
11274406121304,11274406122091,787
11274406337308,11274406337927,619
11274406555447,11274406556276,829
11274406773558,11274406774180,622
11274406989384,11274406990159,775
11274407208429,11274407209059,630
11274407428110,11274407428885,775
11274407645767,11274407646421,654
11274407863271,11274407864040,769
11274408078604,11274408079233,629
11274408295907,11274408296718,811
11274408514978,11274408515662,684
11274408732473,11274408733274,801
11274408958179,11274408958870,691
11274409178389,11274409179169,780
11274409398327,11274409399017,690
11274409616092,11274409616904,812
11274409832166,11274409832799,633
11274410050242,11274410051040,798
11274410265475,11274410266079,604
11274410486042,11274410486799,757
11274410700670,11274410701272,602
11274410919563,11274410920323,760
11274411135225,11274411135859,634
11274411352583,11274411353393,810
11274411567944,11274411568545,601
11274411787668,11274411788424,756
11274412001624,11274412002241,617
11274412231118,11274412231903,785
11274412453627,11274412454300,673
11274412670716,11274412671516,800
11274412888346,11274412889018,672
11274413105523,11274413106320,797
11274413322190,11274413322800,610
11274413539892,11274413540676,784
11274413754555,11274413755195,640
11274413971875,11274413972645,770
11274414187431,11274414188069,638
11274414409988,11274414410748,760
11274414628015,11274414628663,648
11274414844885,11274414845649,764
11274415060202,11274415060827,625
11274415275724,11274415276509,785
11274415497020,11274415497670,650
11274415721229,11274415722042,813
11274415937793,11274415938414,621
11274416158323,11274416159104,781
11274416375506,11274416376127,621
11274416593137,11274416593890,753
11274416809172,11274416809779,607
11274417035099,11274417035919,820
11274417257412,11274417258099,687
11274417475508,11274417476301,793
11274417689667,11274417690302,635
11274417906971,11274417907750,779
11274418125069,11274418125691,622
11274418345699,11274418346471,772
11274418561823,11274418562474,651
11274418777978,11274418778739,761
11274419005061,11274419005755,694
11274419227754,11274419228527,773
11274419448276,11274419448898,622
11274419666401,11274419667204,803
11274419886022,11274419886689,667
11274420102901,11274420103638,737
11274420325087,11274420325737,650
11274420548202,11274420548976,774
11274420767105,11274420767745,640
11274420985668,11274420986411,743
11274421204647,11274421205295,648
11274421424556,11274421425404,848
11274421641539,11274421642166,627
11274421860543,11274421861315,772
11274422080164,11274422080829,665
11274422306801,11274422307558,757
11274422524469,11274422525098,629
11274422743267,11274422744022,755
11274422958104,11274422958739,635
11274423177951,11274423178722,771
11274423395654,11274423396271,617
11274423612688,11274423613450,762
11274423827381,11274423828025,644
11274424048979,11274424049781,802
11274424286897,11274424287569,672
11274424508420,11274424509195,775
11274424726966,11274424727567,601
11274424944525,11274424945310,785
11274425160507,11274425161152,645
11274425379986,11274425380756,770
11274425604794,11274425605415,621
11274425831060,11274425831808,748
11274426049597,11274426050256,659
11274426268812,11274426269604,792
11274426483448,11274426484078,630
11274426702469,11274426703272,803
11274426920992,11274426921598,606
11274427137234,11274427139076,1842
11274427356594,11274427357210,616
11274427579853,11274427580637,784
11274427795979,11274427797600,1621
11274428017390,11274428018144,754
11274428236132,11274428236754,622
11274428456839,11274428457634,795
11274428679633,11274428680250,617
11274428903800,11274428904567,767
11274429123643,11274429124264,621
11274429348613,11274429349413,800
11274429567572,11274429568175,603
11274429785525,11274429786324,799
11274430004179,11274430004796,617
11274430224126,11274430224915,789
11274430437068,11274430437710,642
11274430658710,11274430659546,836
11274430879781,11274430880411,630
11274431098153,11274431098965,812
11274431318392,11274431319031,639
11274431538145,11274431538948,803
11274431756777,11274431757413,636
11274431976227,11274431977006,779
11274432192132,11274432192739,607
11274432421979,11274432422782,803
11274432647989,11274432648595,606
11274432864325,11274432865094,769
11274433078193,11274433078824,631
11274433299978,11274433300751,773
11274433520519,11274433521177,658
11274433739425,11274433740234,809
11274433956439,11274433957070,631
11274434176427,11274434177211,784
11274434392915,11274434393519,604
11274434615826,11274434616625,799
11274434832673,11274434833294,621
11274435051324,11274435052113,789
11274435269882,11274435270507,625
11274435491364,11274435492130,766
11274435713865,11274435714479,614
11274435934333,11274435935097,764
11274436149100,11274436149727,627
11274436372215,11274436373029,814
11274436593676,11274436594305,629
11274436812138,11274436812934,796
11274437030962,11274437031580,618
11274437251469,11274437252273,804
11274437466533,11274437467143,610
11274437688051,11274437688869,818
11274437904372,11274437905016,644
11274438125138,11274438125882,744
11274438342476,11274438343060,584
11274438559876,11274438560630,754
11274438772620,11274438773201,581
11274438995089,11274438995863,774
11274439211290,11274439211895,605
11274439428381,11274439429133,752
11274439646919,11274439647524,605
11274439869152,11274439869929,777
11274440084489,11274440085097,608
11274440307678,11274440308440,762
11274440522484,11274440523095,611
11274440752568,11274440753323,755
11274440971614,11274440972243,629
11274441193632,11274441194429,797
11274441417215,11274441417864,649
11274441638930,11274441639734,804
11274441854569,11274441855214,645
11274442076927,11274442077713,786
11274442298367,11274442299005,638
11274442518448,11274442519202,754
11274442736611,11274442737231,620
11274442953556,11274442954306,750
11274443193885,11274443194802,917
11274443434131,11274443434946,815
11274443662644,11274443663374,730
11274443885492,11274443886257,765
11274444133895,11274444134543,648
11274444370665,11274444371422,757
11274444592768,11274444593376,608
11274444811621,11274444812456,835
11274445027969,11274445028598,629
11274445249216,11274445250044,828
11274445467311,11274445467955,644
11274445695421,11274445696239,818
11274445914777,11274445915433,656
11274446137174,11274446137959,785
11274446353393,11274446354055,662
11274446569977,11274446570758,781
11274446783797,11274446784436,639
11274447003052,11274447003830,778
11274447215296,11274447215925,629
11274447432754,11274447433551,797
11274447646296,11274447646919,623
11274447870865,11274447871679,814
11274448188205,11274448188867,662
11274448421521,11274448423355,1834
11274448638645,11274448639270,625
11274448857894,11274448858658,764
11274449090178,11274449091844,1666
11274449311516,11274449312262,746
11274449544419,11274449545053,634
11274449764329,11274449765100,771
11274449982528,11274449983142,614
11274450198728,11274450199498,770
11274450418683,11274450419311,628
11274450634978,11274450635708,730
11274450850474,11274450851085,611
11274451071514,11274451072297,783
11274451288499,11274451289147,648
11274451505566,11274451506349,783
11274451722782,11274451723387,605
11274451941623,11274451942401,778
11274452155367,11274452156011,644
11274452380956,11274452381695,739
11274452597611,11274452598238,627
11274452816081,11274452816858,777
11274453028891,11274453029514,623
11274453247980,11274453248752,772
11274453461456,11274453462085,629
11274453678559,11274453679326,767
11274453896532,11274453897170,638
11274454112384,11274454113166,782
11274454327367,11274454327985,618
11274454543383,11274454544157,774
11274454759466,11274454760087,621
11274454977373,11274454978140,767
11274455196264,11274455196851,587
11274455433936,11274455434690,754
11274455656293,11274455656980,687
11274455877621,11274455878420,799
11274456093447,11274456094034,587
11274456308439,11274456309219,780
11274456524561,11274456525145,584
11274456742006,11274456742740,734
11274456956730,11274456957306,576
11274457176335,11274457177078,743
11274457413179,11274457413885,706
11274457637238,11274457638037,799
11274457853429,11274457854041,612
11274458071042,11274458071802,760
11274458290288,11274458290917,629
11274458509072,11274458509817,745
11274458722676,11274458723284,608
11274458946623,11274458947398,775
11274459165734,11274459166337,603
11274459381971,11274459382739,768
11274459599772,11274459600387,615
11274459817571,11274459818334,763
11274460032488,11274460033119,631
11274460248802,11274460249544,742
11274460466582,11274460467189,607
11274460685881,11274460686618,737
11274460900672,11274460901282,610
11274461116875,11274461117650,775
11274461350859,11274461351504,645
11274461569793,11274461570563,770
11274461784786,11274461785442,656
11274462001150,11274462001913,763
11274462222533,11274462223168,635
11274462441378,11274462442115,737
11274462661040,11274462661694,654
11274462877238,11274462878000,762
11274463094424,11274463095069,645
11274463313379,11274463314141,762
11274463531191,11274463531818,627
11274463748461,11274463749220,759
11274463969377,11274463970001,624
11274464186311,11274464187127,816
11274464401672,11274464402322,650
11274464622123,11274464622901,778
11274464835950,11274464836594,644
11274465053954,11274465054727,773
11274465270348,11274465270983,635
11274465490427,11274465491189,762
11274465720304,11274465720972,668
11274465940192,11274465940994,802
11274466157525,11274466158170,645
11274466374570,11274466375396,826
11274466589683,11274466590355,672
11274466808114,11274466808895,781
11274467025030,11274467025633,603
11274467243186,11274467243944,758
11274467460200,11274467460822,622
11274467677219,11274467677998,779
11274467894682,11274467895337,655
11274468110634,11274468111379,745
11274468325666,11274468326313,647
11274468545551,11274468546348,797
11274468763353,11274468763992,639
11274468985596,11274468986394,798
11274469204238,11274469204910,672
11274469426960,11274469427759,799
11274469644190,11274469644831,641
11274469868378,11274469869214,836
11274470084629,11274470085257,628
11274470305213,11274470305988,775
11274470524827,11274470525479,652
11274470744578,11274470745352,774
11274470958812,11274470959429,617
11274471176019,11274471176792,773
11274471392948,11274471393591,643
11274471612433,11274471613228,795
11274471828757,11274471829374,617
11274472046092,11274472046848,756
11274472288962,11274472289637,675
11274472511775,11274472512538,763
11274472727509,11274472728111,602
11274472948398,11274472949160,762
11274473196305,11274473197081,776
11274473431818,11274473432693,875
11274473653570,11274473654237,667
11274473871152,11274473871921,769
11274474088736,11274474089385,649
11274474316147,11274474316901,754
11274474531224,11274474531845,621
11274474747781,11274474748601,820
11274474964594,11274474965249,655
11274475203778,11274475204553,775
11274475421813,11274475422455,642
11274475646014,11274475646796,782
11274475863286,11274475863939,653
11274476080339,11274476081155,816
11274476298821,11274476299441,620
11274476515747,11274476516528,781
11274476732719,11274476733383,664
11274476950187,11274476950973,786
11274477165463,11274477166083,620
11274477385404,11274477386158,754
11274477603419,11274477604048,629
11274477822061,11274477822809,748
11274478037421,11274478038058,637
11274478258138,11274478258923,785
11274478475586,11274478476198,612
11274478695121,11274478695889,768
11274478913718,11274478914374,656
11274479135187,11274479135983,796
11274479351407,11274479352022,615
11274479567523,11274479568258,735
11274479784047,11274479784638,591
11274480001250,11274480001992,742
11274480218161,11274480218796,635
11274480433350,11274480434109,759
11274480648698,11274480649299,601
11274480863936,11274480864714,778
11274481079993,11274481080592,599
11274481299636,11274481300419,783
11274481516209,11274481516850,641
11274481731722,11274481732520,798
11274481948136,11274481948764,628
11274482168200,11274482169033,833
11274482389033,11274482389682,649
11274482606969,11274482607804,835
11274482823530,11274482824170,640
11274483042377,11274483043190,813
11274483277238,11274483277904,666
11274483495145,11274483495941,796
11274483711015,11274483711659,644
11274483930750,11274483931523,773
11274484147517,11274484148183,666
11274484374755,11274484375583,828
11274484591328,11274484591988,660
11274484810322,11274484811102,780
11274485029866,11274485030484,618
11274485249448,11274485250236,788
11274485467448,11274485468100,652
11274485691018,11274485691878,860
11274485909252,11274485909943,691
11274486128841,11274486129640,799
11274486344773,11274486345426,653
11274486559527,11274486560343,816
11274486773858,11274486774499,641
11274486993851,11274486994625,774
11274487255189,11274487255770,581
11274487472193,11274487473004,811
11274487690678,11274487691354,676
11274487907433,11274487908249,816
11274488124546,11274488125202,656
11274488342688,11274488343499,811
11274488558032,11274488558647,615
11274488775334,11274488776128,794
11274488997490,11274488998160,670
11274489244292,11274489245103,811
11274489480138,11274489480747,609
11274489698001,11274489698806,805
11274489917289,11274489917910,621
11274490145873,11274490146721,848
11274490377586,11274490378277,691
11274490595921,11274490596703,782
11274490810924,11274490811539,615
11274491027788,11274491028554,766
11274491242912,11274491243534,622
11274491461439,11274491462194,755
11274491679527,11274491680122,595
11274491900745,11274491901565,820
11274492115948,11274492116582,634
11274492336686,11274492338510,1824
11274492553582,11274492554190,608
11274492768418,11274492769190,772
11274492982278,11274492982922,644
11274493201508,11274493202314,806
11274493416516,11274493417159,643
11274493632396,11274493633162,766
11274493846621,11274493847294,673
11274494060949,11274494061702,753
11274494286293,11274494286902,609
11274494504311,11274494505069,758
11274494718577,11274494719154,577
11274494935173,11274494935973,800
11274495151605,11274495152246,641
11274495394908,11274495395658,750
11274495613022,11274495613655,633
11274495837098,11274495837934,836
11274496053758,11274496054382,624
11274496272184,11274496272954,770
11274496488934,11274496489557,623
11274496708035,11274496708813,778
11274496920404,11274496921041,637
11274497136028,11274497136788,760
11274497353071,11274497353725,654
11274497569487,11274497570272,785
11274497786752,11274497787407,655
11274498003848,11274498004590,742
11274498221136,11274498221769,633
11274498441644,11274498442394,750
11274498655508,11274498656086,578
11274498871411,11274498872154,743
11274499109454,11274499110113,659
11274499328275,11274499329046,771
11274499543185,11274499543825,640
11274499759357,11274499760108,751
11274499974035,11274499974670,635
11274500191546,11274500192315,769
11274500406263,11274500406864,601
11274500624791,11274500625537,746
11274500839658,11274500840291,633
11274501058320,11274501059094,774
11274501271653,11274501272304,651
11274501505095,11274501505836,741
11274501718730,11274501719359,629
11274501935165,11274501935903,738
11274502152002,11274502152642,640
11274502372876,11274502373654,778
11274502588053,11274502588704,651
11274502807349,11274502808110,761
11274503020021,11274503020638,617
11274503238507,11274503239267,760
11274503459242,11274503459881,639
11274503675861,11274503676641,780
11274503890668,11274503891293,625
11274504106907,11274504107653,746
11274504320241,11274504320912,671
11274504536827,11274504537591,764
11274504750828,11274504751459,631
11274504963454,11274504964199,745
11274505180290,11274505180892,602
11274505403423,11274505404223,800
11274505624714,11274505625342,628
11274505844666,11274505845449,783
11274506061923,11274506062574,651
11274506280838,11274506281624,786
11274506504895,11274506505516,621
11274506721742,11274506722525,783
11274506934940,11274506935559,619
11274507162182,11274507162896,714
11274507378317,11274507378940,623
11274507595008,11274507595772,764
11274507809307,11274507809943,636
11274508031068,11274508031838,770
11274508253546,11274508254161,615
11274508471134,11274508471965,831
11274508689054,11274508689720,666
11274508913154,11274508913949,795
11274509128880,11274509129504,624
11274509349840,11274509350625,785
11274509564634,11274509565260,626
11274509789733,11274509790487,754
11274510007118,11274510007729,611
11274510224265,11274510225069,804
11274510437656,11274510438269,613
11274510653822,11274510654603,781
11274510871322,11274510871923,601
11274511089526,11274511090312,786
11274511302719,11274511303357,638
11274511518737,11274511519504,767
11274511738215,11274511738766,551
11274511953747,11274511954554,807
11274512167077,11274512167654,577
11274512390370,11274512391165,795
11274512607756,11274512608329,573
11274512826139,11274512826935,796
11274513043978,11274513044615,637
11274513261512,11274513262315,803
11274513475743,11274513476355,612
11274513697231,11274513698003,772
11274513914631,11274513915263,632
11274514140121,11274514140883,762
11274514367850,11274514368518,668
11274514586457,11274514587233,776
11274514804346,11274514804956,610
11274515022040,11274515022801,761
11274515236376,11274515236961,585
11274515462382,11274515463136,754
11274515688323,11274515688984,661
11274515905012,11274515905762,750
11274516124935,11274516125575,640
11274516345571,11274516346379,808
11274516565447,11274516566065,618
11274516784398,11274516785162,764
11274516999921,11274517000574,653
11274517215459,11274517216185,726
11274517435249,11274517435868,619
11274517650176,11274517650923,747
11274517867231,11274517867802,571
11274518082580,11274518083335,755
11274518308936,11274518309554,618
11274518530727,11274518531498,771
11274518749752,11274518750384,632
11274518970517,11274518971318,801
11274519185611,11274519186213,602
11274519405394,11274519406196,802
11274519621614,11274519622228,614
11274519840723,11274519841511,788
11274520056941,11274520057591,650
11274520277998,11274520278769,771
11274520494290,11274520494923,633
11274520713840,11274520714584,744
11274520927745,11274520928335,590
11274521149725,11274521150503,778
11274521362267,11274521362918,651
11274521580430,11274521581192,762
11274521795760,11274521796396,636
11274522012256,11274522013048,792
11274522232551,11274522233223,672
11274522450664,11274522451378,714
11274522667061,11274522667683,622
11274522886856,11274522887631,775
11274523105701,11274523106347,646
11274523325982,11274523326755,773
11274523544100,11274523544704,604
11274523761143,11274523761968,825
11274523974702,11274523975337,635
11274524191615,11274524192395,780
11274524411379,11274524412013,634
11274524629989,11274524630765,776
11274524842840,11274524843494,654
11274525059703,11274525060496,793
11274525274528,11274525275172,644
11274525493912,11274525494678,766
11274525713633,11274525714300,667
11274525934438,11274525935196,758
11274526160819,11274526161469,650
11274526376950,11274526377730,780
11274526593109,11274526593732,623
11274526809875,11274526810640,765
11274527025746,11274527026369,623
11274527243127,11274527243892,765
11274527471806,11274527472430,624
11274527692630,11274527693406,776
11274527910432,11274527911071,639
11274528129800,11274528130592,792
11274528347686,11274528348293,607
11274528565058,11274528565820,762
11274528782959,11274528783583,624
11274529002714,11274529003440,726
11274529222538,11274529223172,634
11274529441620,11274529442395,775
11274529657919,11274529658549,630
11274529873431,11274529874193,762
11274530093289,11274530093919,630
11274530315239,11274530316055,816
11274530532131,11274530532774,643
11274530753353,11274530754141,788
11274530968302,11274530968892,590
11274531189902,11274531190643,741
11274531408433,11274531409039,606
11274531626303,11274531627092,789
11274531839148,11274531839807,659
11274532058162,11274532058959,797
11274532279270,11274532279911,641
11274532499494,11274532500285,791
11274532714554,11274532715193,639
11274532933515,11274532934338,823
11274533149064,11274533149723,659
11274533377992,11274533378784,792
11274533596159,11274533596798,639
11274533811942,11274533812736,794
11274534032668,11274534033297,629
11274534252364,11274534253120,756
11274534469761,11274534470392,631
11274534685839,11274534686621,782
11274534903142,11274534903766,624
11274535118590,11274535119342,752
11274535334659,11274535335299,640
11274535560876,11274535561698,822
11274535779593,11274535780226,633
11274535997053,11274535997837,784
11274536215917,11274536216533,616
11274536439771,11274536440565,794
11274536654989,11274536655621,632
11274536875222,11274536875995,773
11274537095668,11274537096283,615
11274537315771,11274537316568,797
11274537535447,11274537536068,621
11274537754325,11274537755121,796
11274537968860,11274537969505,645
11274538191740,11274538192488,748
11274538410576,11274538411197,621
11274538636657,11274538637441,784
11274538854085,11274538854774,689
11274539082094,11274539082870,776
11274539297681,11274539298306,625
11274539514462,11274539515205,743
11274539731477,11274539732085,608
11274539950180,11274539950939,759
11274540173392,11274540174018,626
11274540392956,11274540393710,754
11274540610141,11274540610735,594
11274540826706,11274540827485,779
11274541045601,11274541046194,593
11274541263737,11274541264532,795
11274541497917,11274541498552,635
11274541714070,11274541714853,783
11274541929966,11274541930621,655
11274542149057,11274542149870,813
11274542369193,11274542369856,663
11274542588582,11274542589391,809
11274542807855,11274542808514,659
11274543034821,11274543035621,800
11274543249805,11274543250435,630
11274543468215,11274543469036,821
11274543683062,11274543683677,615
11274543901970,11274543902695,725
11274544117932,11274544118520,588
11274544346988,11274544347730,742
11274544562194,11274544562790,596
11274544780921,11274544781667,746
11274544998521,11274544999154,633
11274545219249,11274545220043,794
11274545435249,11274545435904,655
11274545658757,11274545659532,775
11274545875556,11274545876200,644
11274546096042,11274546096789,747
11274546311515,11274546312140,625
11274546528840,11274546529631,791
11274546745784,11274546746415,631
11274546963782,11274546964567,785
11274547177374,11274547177991,617
11274547395814,11274547396567,753
11274547610040,11274547610644,604
11274547825049,11274547825815,766
11274548045594,11274548046229,635
11274548265276,11274548266087,811
11274548483109,11274548483746,637
11274548701501,11274548702295,794
11274548927062,11274548927749,687
11274549146469,11274549147250,781
11274549361563,11274549362174,611
11274549579946,11274549580799,853
11274549798983,11274549799607,624
11274550060210,11274550060988,778
11274550275595,11274550276223,628
11274550494097,11274550494870,773
11274550709401,11274550710040,639
11274550928225,11274550928984,759
11274551141899,11274551142538,639
11274551362199,11274551362995,796
11274551575055,11274551575677,622
11274551793396,11274551794179,783
11274552008551,11274552009218,667
11274552230718,11274552231503,785
11274552454559,11274552455192,633
11274552673638,11274552674438,800
11274552893122,11274552893771,649
11274553112423,11274553113218,795
11274553340741,11274553341377,636
11274553557577,11274553558335,758
11274553777318,11274553777932,614
11274554023637,11274554024457,820
11274554242798,11274554243404,606
11274554463115,11274554463896,781
11274554677511,11274554678121,610
11274554895067,11274554895846,779
11274555105349,11274555105951,602
11274555328599,11274555329361,762
11274555548330,11274555548961,631
11274555764943,11274555765710,767
11274555976856,11274555977472,616
11274556193370,11274556194147,777
11274556412475,11274556413097,622
11274556628660,11274556629453,793
11274556843451,11274556844056,605
11274557058965,11274557060779,1814
11274557333510,11274557334170,660
11274557584873,11274557585680,807
11274557828608,11274557829271,663
11274558074597,11274558075482,885
11274558318914,11274558319593,679
11274558562841,11274558563648,807
11274558805646,11274558806318,672
11274559058345,11274559059211,866
11274559300858,11274559301545,687
11274559548380,11274559549214,834
11274559789500,11274559790157,657
11274560032290,11274560033130,840
11274560273609,11274560274318,709
11274560521202,11274560522077,875
11274560764017,11274560764733,716
11274561007455,11274561008331,876
11274561246778,11274561247504,726
11274561494523,11274561495396,873
11274561737223,11274561737939,716
11274561978892,11274561979742,850
11274562247650,11274562248349,699
11274562496130,11274562496984,854
11274562739711,11274562740386,675
11274562981366,11274562982187,821
11274563223356,11274563224030,674
11274563473900,11274563474772,872
11274563715241,11274563715959,718
11274563961068,11274563961948,880
11274564202475,11274564203215,740
11274564447746,11274564448624,878
11274564690321,11274564691016,695
11274564933559,11274564934438,879
11274565175001,11274565175731,730
11274565417831,11274565418708,877
11274565664728,11274565665426,698
11274565910535,11274565911371,836
11274566151584,11274566152289,705
11274566393591,11274566394432,841
11274566634950,11274566635667,717
11274566876130,11274566876999,869
11274567120410,11274567121087,677
11274567361811,11274567362652,841
11274567607041,11274567607749,708
11274567848987,11274567849832,845
11274568093892,11274568094584,692
11274568338601,11274568339467,866
11274568577700,11274568578377,677
11274568821683,11274568822539,856
11274569065606,11274569066316,710
11274569311709,11274569312601,892
11274569558507,11274569559233,726
11274569800525,11274569801371,846
11274570039942,11274570040655,713
11274570310980,11274570311847,867
11274570552011,11274570552714,703
11274570794863,11274570795702,839
11274571035139,11274571035859,720
11274571276995,11274571277859,864
11274571522670,11274571523373,703
11274571766301,11274571767185,884
11274572008026,11274572008747,721
11274572256750,11274572257596,846
11274572504734,11274572505468,734
11274572746560,11274572747422,862
11274572990430,11274572991130,700
11274573233110,11274573233996,886
11274573477541,11274573478243,702
11274573719982,11274573720866,884
11274573960544,11274573961261,717
11274574213171,11274574214039,868
11274574454424,11274574455161,737
11274574698320,11274574699200,880
11274574939719,11274574940411,692
11274575184057,11274575184931,874
11274575424863,11274575425597,734
11274575676540,11274575677412,872
11274575922945,11274575923662,717
11274576168217,11274576169089,872
11274576425725,11274576426428,703
11274576673060,11274576673937,877
11274576918014,11274576918710,696
11274577162305,11274577163174,869
11274577404618,11274577405334,716
11274577648278,11274577649104,826
11274577888548,11274577889245,697
11274578134873,11274578135713,840
11274578375810,11274578376538,728
11274578617777,11274578618598,821
11274578858167,11274578858849,682
11274579111912,11274579112764,852
11274579355588,11274579356303,715
11274579600607,11274579601462,855
11274579842629,11274579843337,708
11274580085950,11274580086839,889
11274580329310,11274580330070,760
11274580572265,11274580573144,879
11274580815535,11274580816238,703
11274581057269,11274581058176,907
11274581301489,11274581302203,714
11274581543658,11274581544509,851
11274581783377,11274581784104,727
11274582031901,11274582032740,839
11274582284986,11274582285711,725
11274582530301,11274582531181,880
11274582773258,11274582773943,685
11274583017854,11274583018662,808
11274583267774,11274583268488,714
11274583512106,11274583512973,867
11274583756936,11274583757657,721
11274583998345,11274583999195,850
11274584237529,11274584238243,714
11274584492421,11274584493257,836
11274584735430,11274584736133,703
11274584978370,11274584979197,827
11274585219547,11274585220258,711
11274585461362,11274585462184,822
11274585714325,11274585715070,745
11274585961063,11274585961955,892
11274586202909,11274586203630,721
11274586451930,11274586452777,847
11274586698126,11274586698820,694
11274586940891,11274586941730,839
11274587183663,11274587184344,681
11274587433545,11274587434363,818
11274587677580,11274587678265,685
11274587923345,11274587924158,813
11274588165506,11274588166199,693
11274588408732,11274588409600,868
11274588653314,11274588654047,733
11274588905406,11274588906311,905
11274589149544,11274589150254,710
11274589399458,11274589400326,868
11274589643237,11274589643945,708
11274589887364,11274589888244,880
11274590132939,11274590133625,686
11274590383570,11274590384437,867
11274590633038,11274590633719,681
11274590879198,11274590880004,806
11274591123123,11274591123797,674
11274591374058,11274591374937,879
11274591615220,11274591615896,676
11274591857025,11274591857869,844
11274592099534,11274592100230,696
11274592374050,11274592374932,882
11274592620710,11274592621460,750
11274592865908,11274592866772,864
11274593108446,11274593109199,753
11274593355039,11274593355929,890
11274593622669,11274593623374,705
11274593866670,11274593867536,866
11274594107678,11274594108413,735
11274594358333,11274594359191,858
11274594603427,11274594604148,721
11274594846560,11274594847390,830
11274595086123,11274595086856,733
11274595360620,11274595361483,863
11274595615227,11274595615929,702
11274595859866,11274595860734,868
11274596103864,11274596104583,719
11274596348137,11274596348955,818
11274596593039,11274596593739,700
11274596834847,11274596835671,824
11274597075499,11274597076192,693
11274597319093,11274597319966,873
11274597561089,11274597561828,739
11274597805159,11274597806044,885
11274598047257,11274598047979,722
11274598290883,11274598291754,871
11274598537485,11274598538225,740
11274598781903,11274598782750,847
11274599039222,11274599039911,689
11274599284492,11274599285346,854
11274599529389,11274599530067,678
11274599773373,11274599774224,851
11274600017385,11274600018057,672
11274600263276,11274600264146,870
11274600515856,11274600516565,709
11274600757943,11274600758783,840
11274601003024,11274601003731,707
11274601245706,11274601246581,875
11274601490476,11274601491164,688
11274601734042,11274601734873,831
11274601976306,11274601977019,713
11274602229728,11274602230585,857
11274602474944,11274602475639,695
11274602717413,11274602718264,851
11274602961504,11274602962220,716
11274603208236,11274603209091,855
11274603450576,11274603451305,729
11274603695264,11274603696061,797
11274603937435,11274603938139,704
11274604184639,11274604185445,806
11274604446072,11274604446782,710
11274604695009,11274604695823,814
11274604936529,11274604937258,729
11274605180307,11274605181162,855
11274605425961,11274605426676,715
11274605680590,11274605681460,870
11274605935640,11274605936333,693
11274606188409,11274606189280,871
11274606467607,11274606468299,692
11274606722535,11274606723363,828
11274606966670,11274606967410,740
11274607231525,11274607232356,831
11274607478015,11274607478728,713
11274607722559,11274607723433,874
11274607965016,11274607965740,724
11274608208070,11274608208921,851
11274608458295,11274608459009,714
11274608701701,11274608702549,848
11274608955222,11274608955951,729
11274609216827,11274609217703,876
11274609459857,11274609460541,684
11274609705723,11274609706549,826
11274609950230,11274609950946,716
11274610196688,11274610197567,879
11274610469925,11274610470630,705
11274610713551,11274610714401,850
11274610957637,11274610958311,674
11274611201345,11274611202218,873
11274611447754,11274611448448,694
11274611691165,11274611692009,844
11274611934236,11274611934914,678
11274612184870,11274612185698,828
11274612440144,11274612440826,682
11274612685142,11274612685954,812
11274612927443,11274612928140,697
11274613170879,11274613171707,828
11274613418631,11274613419327,696
11274613660882,11274613661748,866
11274613904326,11274613905050,724
11274614144402,11274614145245,843
11274614389594,11274614390261,667
11274614631009,11274614631829,820
11274614875840,11274614876480,640
11274615118352,11274615119184,832
11274615381818,11274615382480,662
11274615633470,11274615634342,872
11274615873968,11274615874654,686
11274616117400,11274616118224,824
11274616362302,11274616363014,712
11274616605288,11274616606109,821
11274616844949,11274616845634,685
11274617088380,11274617089213,833
11274617327535,11274617328234,699
11274617572573,11274617573447,874
11274617814169,11274617814852,683
11274618065683,11274618066540,857
11274618325251,11274618325933,682
11274618570573,11274618571388,815
11274618808342,11274618809016,674
11274619063448,11274619064280,832
11274619304935,11274619305582,647
11274619548028,11274619548849,821
11274619791703,11274619792376,673
11274620080263,11274620081097,834
11274620325293,11274620325946,653
11274620569420,11274620570256,836
11274620812379,11274620813039,660
11274621056767,11274621057636,869
11274621297676,11274621298349,673
11274621539774,11274621540609,835
11274621783118,11274621783816,698
11274622026905,11274622027728,823
11274622280035,11274622280772,737
11274622525492,11274622526338,846
11274622768596,11274622769295,699
11274623015262,11274623016106,844
11274623259571,11274623260297,726
11274623503138,11274623504019,881
11274623744486,11274623745193,707
11274623989998,11274623990872,874
11274624236192,11274624236912,720
11274624479099,11274624479993,894
11274624723303,11274624724012,709
11274624967301,11274624968137,836
11274625210183,11274625210890,707
11274625467013,11274625467849,836
11274625734046,11274625734713,667
11274625981271,11274625982136,865
11274626226579,11274626227271,692
11274626467433,11274626468271,838
11274626708410,11274626709130,720
11274626950452,11274626951307,855
11274627193223,11274627193913,690
11274627433504,11274627434327,823
11274627672556,11274627673229,673
11274627916439,11274627917275,836
11274628158117,11274628158802,685
11274628402469,11274628403304,835
11274628642495,11274628643165,670
11274628893577,11274628894391,814
11274629139242,11274629140941,1699
11274629388618,11274629389456,838
11274629629569,11274629630270,701
11274629875778,11274629876684,906
11274630123288,11274630124012,724
11274630374631,11274630375448,817
11274630613775,11274630614498,723
11274630855721,11274630856570,849
11274631094572,11274631095245,673
11274631344621,11274631345450,829
11274631587344,11274631588045,701
11274631832137,11274631832975,838
11274632070143,11274632070800,657
11274632321413,11274632322234,821
11274632563721,11274632564438,717
11274632806508,11274632807342,834
11274633051145,11274633051835,690
11274633300750,11274633301568,818
11274633543875,11274633544566,691
11274633788263,11274633789091,828
11274634029265,11274634029990,725
11274634270982,11274634271815,833
11274634511683,11274634512360,677
11274634755026,11274634755829,803
11274634995396,11274634996105,709
11274635238720,11274635239560,840
11274635503083,11274635503731,648
11274635753910,11274635754777,867
11274635996489,11274635997204,715
11274636238611,11274636239449,838
11274636480872,11274636481571,699
11274636728154,11274636728980,826
11274636966734,11274636967441,707
11274637208293,11274637209172,879
11274637447940,11274637448643,703
11274637692827,11274637693704,877
11274637933541,11274637934251,710
11274638171835,11274638172681,846
11274638416259,11274638416963,704
11274638659625,11274638660465,840
11274638909725,11274638910429,704
11274639153254,11274639154125,871
11274639396137,11274639396850,713
11274639639383,11274639640206,823
11274639883862,11274639884544,682
11274640126855,11274640127704,849
11274640367495,11274640368194,699
11274640610062,11274640610922,860
11274640848486,11274640849195,709
11274641091102,11274641091902,800
11274641337293,11274641338020,727
11274641580401,11274641581220,819
11274641821394,11274641822030,636
11274642063164,11274642063918,754
11274642318199,11274642318902,703
11274642564532,11274642565377,845
11274642806276,11274642806947,671
11274643051486,11274643052343,857
11274643295166,11274643295868,702
11274643539819,11274643540730,911
11274643782046,11274643782780,734
11274644024963,11274644025799,836
11274644270379,11274644271070,691
11274644513464,11274644514307,843
11274644752941,11274644753644,703
11274645003196,11274645004071,875
11274645242255,11274645242939,684
11274645487962,11274645488783,821
11274645734905,11274645735649,744
11274645979130,11274645980014,884
11274646234948,11274646235655,707
11274646479954,11274646480765,811
11274646720243,11274646720946,703
11274646959871,11274646960728,857
11274647201151,11274647201903,752
11274647443420,11274647444253,833
11274647685186,11274647685928,742
11274647925545,11274647926399,854
11274648171733,11274648172445,712
11274648413804,11274648414709,905
11274648658270,11274648659018,748
11274648906007,11274648906833,826
11274649149227,11274649149956,729
11274649404107,11274649405021,914
11274649646119,11274649646901,782
11274649891609,11274649892476,867
11274650134803,11274650135515,712
11274650378151,11274650378950,799
11274650618161,11274650618866,705
11274650861108,11274650861954,846
11274651101742,11274651102431,689
11274651347226,11274651348085,859
11274651587880,11274651588557,677
11274651832656,11274651833492,836
11274652072860,11274652073544,684
11274652329551,11274652330408,857
11274652572050,11274652572745,695
11274652815391,11274652816218,827
11274653061973,11274653062651,678
11274653309567,11274653310355,788
11274653557409,11274653558101,692
11274653800939,11274653801791,852
11274654039784,11274654040490,706
11274654283044,11274654283904,860
11274654524550,11274654525257,707
11274654764936,11274654765767,831
11274655005386,11274655006110,724
11274655249642,11274655250472,830
11274655491506,11274655492195,689
11274655743144,11274655744056,912
11274655987112,11274655987772,660
11274656230696,11274656231519,823
11274656473457,11274656474165,708
11274656713994,11274656714842,848
11274656955895,11274656956593,698
11274657201299,11274657202142,843
11274657441967,11274657442639,672
11274657684190,11274657685089,899
11274657926928,11274657927637,709
11274658167878,11274658168697,819
11274658411539,11274658412202,663
11274658654065,11274658654912,847
11274658905599,11274658906282,683
11274659151990,11274659152851,861
11274659396357,11274659397083,726
11274659642159,11274659642991,832
11274659887576,11274659888291,715
11274660131991,11274660132842,851
11274660379426,11274660380148,722
11274660625647,11274660626516,869
11274660869059,11274660869776,717
11274661112278,11274661113143,865
11274661364098,11274661364810,712
11274661607564,11274661608429,865
11274661849987,11274661850741,754
11274662091587,11274662092427,840
11274662343382,11274662344094,712
11274662589175,11274662590039,864
11274662836072,11274662836787,715
11274663078318,11274663079185,867
11274663318597,11274663319329,732
11274663565859,11274663566746,887
11274663810226,11274663810968,742
11274664051645,11274664052495,850
11274664291640,11274664292358,718
11274664534756,11274664535656,900
11274664775058,11274664775746,688
11274665019168,11274665020041,873
11274665266523,11274665267247,724
11274665510100,11274665510987,887
11274665759144,11274665759891,747
11274666005931,11274666006794,863
11274666250512,11274666251231,719
11274666494910,11274666495736,826
11274666739277,11274666739959,682
11274666982911,11274666983762,851
11274667227742,11274667228482,740
11274667498864,11274667499748,884
11274667740808,11274667741508,700
11274667983564,11274667984408,844
11274668225822,11274668226509,687
11274668470605,11274668471469,864
11274668713718,11274668714392,674
11274668964575,11274668965437,862
11274669209476,11274669210164,688
11274669457741,11274669458559,818
11274669701697,11274669702400,703
11274669948203,11274669949052,849
11274670190711,11274670191376,665
11274670440058,11274670440903,845
11274670684924,11274670685639,715
11274670929366,11274670930202,836
11274671173355,11274671174095,740
11274671419251,11274671420120,869
11274671663362,11274671664090,728
11274671905957,11274671906819,862
11274672154669,11274672155398,729
11274672407048,11274672407928,880
11274672652808,11274672653515,707
11274672895623,11274672896495,872
11274673137717,11274673138428,711
11274673392482,11274673393339,857
11274673639124,11274673639843,719
11274673880601,11274673881496,895
11274674122899,11274674123634,735
11274674368914,11274674369772,858
11274674611720,11274674612439,719
11274674856088,11274674856952,864
11274675098761,11274675099489,728
11274675344289,11274675345186,897
11274675594998,11274675595729,731
11274675842314,11274675843172,858
11274676086152,11274676086823,671
11274676329190,11274676330076,886
11274676576085,11274676576807,722
11274676820931,11274676821797,866
11274677069720,11274677070395,675
11274677316145,11274677317000,855
11274677556253,11274677556986,733
11274677800005,11274677800811,806
11274678043843,11274678044541,698
11274678288875,11274678289752,877
11274678532694,11274678533390,696
11274678774955,11274678775843,888
11274679028492,11274679029205,713
11274679277979,11274679278836,857
11274679520949,11274679521638,689
11274679765156,11274679766003,847
11274680007254,11274680007963,709
11274680256032,11274680256922,890
11274680500504,11274680501225,721
11274680743440,11274680744310,870
11274680982884,11274680983576,692
11274681224685,11274681225570,885
11274681470934,11274681471621,687
11274681710997,11274681711861,864
11274681953674,11274681954387,713
11274682197191,11274682198060,869
11274682454120,11274682454852,732
11274682699631,11274682700477,846
11274682942606,11274682943290,684
11274683187030,11274683187904,874
11274683431274,11274683431998,724
11274683677429,11274683678285,856
11274683919105,11274683919821,716
11274684164466,11274684165362,896
11274684405291,11274684406014,723
11274684650450,11274684651302,852
11274684892072,11274684892757,685
11274685135260,11274685136071,811
11274685374882,11274685375556,674
11274685631272,11274685632120,848
11274685875473,11274685876145,672
11274686121685,11274686122495,810
11274686365529,11274686366252,723
11274686610405,11274686611271,866
11274686857122,11274686857818,696
11274687103537,11274687104396,859
11274687345447,11274687346167,720
11274687589938,11274687590801,863
11274687834061,11274687834729,668
11274688074757,11274688075653,896
11274688316038,11274688316749,711
11274688558257,11274688559070,813
11274688798697,11274688799395,698
11274689100041,11274689100938,897
11274689346120,11274689346817,697
11274689589751,11274689590597,846
11274689834690,11274689835433,743
11274690083040,11274690083885,845
11274690326164,11274690326872,708
11274690613866,11274690614759,893
11274690863439,11274690864148,709
11274691107673,11274691108491,818
11274691349980,11274691350644,664
11274691592841,11274691593697,856
11274691834018,11274691834734,716
11274692079585,11274692080460,875
11274692332571,11274692333291,720
11274692577214,11274692578101,887
11274692818508,11274692819201,693
11274693063657,11274693064538,881
11274693305912,11274693306601,689
11274693553892,11274693554748,856
11274693796342,11274693797068,726
11274694041692,11274694042585,893
11274694283709,11274694284436,727
11274694529822,11274694530696,874
11274694770194,11274694770926,732
11274695012758,11274695013674,916
11274695251146,11274695251887,741
11274695499089,11274695499948,859
11274695747583,11274695748322,739
11274695992296,11274695993159,863
11274696233437,11274696234099,662
11274696476914,11274696477780,866
11274696720057,11274696720772,715
11274696963128,11274696964011,883
11274697204815,11274697205509,694
11274697452020,11274697452869,849
11274697693784,11274697694495,711
11274697941816,11274697942674,858
11274698184201,11274698184908,707
11274698430075,11274698430956,881
11274698699205,11274698699911,706
11274698952675,11274698953555,880
11274699195648,11274699196355,707
11274699446397,11274699447272,875
11274699688127,11274699688850,723
11274699934358,11274699935245,887
11274700173506,11274700174235,729
11274700421058,11274700421890,832
11274700663771,11274700664522,751
11274700905514,11274700907368,1854
11274701146118,11274701146767,649
11274701389540,11274701390368,828
11274701632109,11274701633824,1715
11274701875121,11274701875964,843
11274702114171,11274702114834,663
11274702364587,11274702365401,814
11274702609873,11274702610600,727
11274702854992,11274702855861,869
11274703097197,11274703097884,687
11274703339512,11274703340368,856
11274703578960,11274703579662,702
11274703822478,11274703823316,838
11274704061813,11274704062497,684
11274704303764,11274704304622,858
11274704541709,11274704542361,652
11274704789198,11274704790001,803
11274705027901,11274705028588,687
11274705269240,11274705270123,883
11274705508806,11274705509492,686
11274705757463,11274705758338,875
11274706002401,11274706003078,677
11274706247609,11274706248463,854
11274706489396,11274706490094,698
11274706732897,11274706733764,867
11274706977798,11274706978488,690
11274707217952,11274707218834,882
11274707463424,11274707464087,663
11274707706511,11274707707328,817
11274707949241,11274707949891,650
11274708194883,11274708195736,853
11274708439751,11274708440466,715
11274708679869,11274708680718,849
11274708929362,11274708930052,690
11274709177024,11274709177871,847
11274709424093,11274709424784,691
11274709670444,11274709671306,862
11274709912282,11274709912989,707
11274710157144,11274710157992,848
11274710409927,11274710410613,686
11274710655511,11274710656363,852
11274710897863,11274710898557,694
11274711141640,11274711142471,831
11274711401427,11274711402091,664
11274711645935,11274711646789,854
11274711889417,11274711890103,686
11274712129289,11274712130134,845
11274712385728,11274712386443,715
11274712635705,11274712636604,899
11274712876105,11274712876778,673
11274713120871,11274713121705,834
11274713368691,11274713369388,697
11274713613031,11274713613899,868
11274713852243,11274713852936,693
11274714093874,11274714094692,818
11274714335686,11274714336362,676
11274714586908,11274714587714,806
11274714826982,11274714827689,707
11274715066583,11274715067419,836
11274715305796,11274715306532,736
11274715554479,11274715555280,801
11274715798011,11274715798687,676
11274716041888,11274716042692,804
11274716287045,11274716287738,693
11274716529803,11274716530635,832
11274716771406,11274716772146,740
11274717015461,11274717016305,844
11274717264456,11274717265092,636
11274717508045,11274717508855,810
11274717747297,11274717747935,638
11274717991345,11274717992179,834
11274718232012,11274718232652,640
11274718475701,11274718476547,846
11274718715053,11274718715731,678
11274718970867,11274718971727,860
11274719214754,11274719215458,704
11274719462580,11274719463400,820
11274719704061,11274719704713,652
11274719949325,11274719950162,837
11274720194818,11274720195492,674
11274720438957,11274720439795,838
11274720682332,11274720683035,703
11274720924926,11274720925752,826
11274721168120,11274721168763,643
11274721412480,11274721413340,860
11274721652143,11274721652846,703
11274721891546,11274721892394,848
11274722133026,11274722133748,722
11274722381378,11274722382203,825
11274722624461,11274722625123,662
11274722866264,11274722867077,813
11274723107449,11274723108113,664
11274723362096,11274723362919,823
11274723605218,11274723605890,672
11274723847612,11274723848418,806
11274724089811,11274724090472,661
11274724336027,11274724336818,791
11274724574569,11274724575258,689
11274724818688,11274724819511,823
11274725056958,11274725057610,652
11274725317400,11274725318201,801
11274725567160,11274725567866,706
11274725811245,11274725812083,838
11274726056621,11274726057274,653
11274726300767,11274726301609,842
11274726543534,11274726544204,670
11274726792733,11274726793570,837
11274727035267,11274727035977,710
11274727276650,11274727277551,901
11274727523561,11274727524273,712
11274727768331,11274727769201,870
11274728011875,11274728012561,686
11274728254568,11274728255416,848
11274728499166,11274728499860,694
11274728744348,11274728745207,859
11274728994476,11274728995158,682
11274729242030,11274729242902,872
11274729486386,11274729487034,648
11274729731090,11274729731938,848
11274729977753,11274729978442,689
11274730222015,11274730222849,834
11274730463810,11274730464491,681
11274730705224,11274730706042,818
11274730946927,11274730947630,703
11274731189861,11274731190670,809
11274731431413,11274731432058,645
11274731674234,11274731675070,836
11274731915648,11274731916318,670
11274732161879,11274732162737,858
11274732420340,11274732421035,695
11274732664646,11274732665482,836
11274732906519,11274732907195,676
11274733153150,11274733153986,836
11274733398284,11274733398955,671
11274733639725,11274733640558,833
11274733882633,11274733883339,706
11274734125546,11274734126356,810
11274734368378,11274734369056,678
11274734611505,11274734612346,841
11274734854380,11274734855087,707
11274735095909,11274735096740,831
11274735346694,11274735347401,707
11274735598822,11274735599655,833
11274735842204,11274735842898,694
11274736086629,11274736087449,820
11274736354816,11274736355514,698
11274736599789,11274736600671,882
11274736847249,11274736847906,657
11274737088548,11274737089406,858
11274737332580,11274737333247,667
11274737577449,11274737578295,846
11274737819880,11274737820549,669
11274738060973,11274738061801,828
11274738305486,11274738306161,675
11274738547116,11274738547936,820
11274738788867,11274738789558,691
11274739040312,11274739041136,824
11274739289891,11274739290608,717
11274739537691,11274739538522,831
11274739784603,11274739785263,660
11274740030328,11274740031178,850
11274740277372,11274740278063,691
11274740521513,11274740522339,826
11274740765089,11274740765774,685
11274741007940,11274741008750,810
11274741261648,11274741262331,683
11274741502735,11274741503577,842
11274741746099,11274741746760,661
11274741989352,11274741990159,807
11274742238689,11274742239356,667
11274742482246,11274742483102,856
11274742727363,11274742728052,689
11274742976078,11274742976955,877
11274743220137,11274743220878,741
11274743463512,11274743464378,866
11274743707412,11274743708135,723
11274743949850,11274743950674,824
11274744192898,11274744193562,664
11274744437944,11274744438804,860
11274744682677,11274744683338,661
11274744926896,11274744927693,797
11274745165014,11274745165678,664
11274745410707,11274745411537,830
11274745659375,11274745660091,716
11274745905509,11274745906357,848
11274746149165,11274746149866,701
11274746403092,11274746403941,849
11274746645071,11274746645802,731
11274746890754,11274746891632,878
11274747136132,11274747136821,689
11274747378954,11274747379776,822
11274747624102,11274747624795,693
11274747865790,11274747866629,839
11274748109040,11274748109697,657
11274748354314,11274748355161,847
11274748598912,11274748599585,673
11274748839793,11274748840625,832
11274749086285,11274749086950,665
11274749340909,11274749341736,827
11274749586977,11274749587638,661
11274749828599,11274749829417,818
11274750070632,11274750071308,676
11274750313866,11274750314693,827
11274750567238,11274750567909,671
11274750811035,11274750811870,835
11274751054430,11274751055108,678
11274751294706,11274751295553,847
11274751536138,11274751536812,674
11274751781488,11274751782307,819
11274752020679,11274752021383,704
11274752270282,11274752271095,813
11274752513631,11274752514322,691
11274752758539,11274752759355,816
11274753004648,11274753005343,695
11274753249504,11274753250318,814
11274753497942,11274753498647,705
11274753748597,11274753749438,841
11274753996880,11274753997574,694
11274754246215,11274754247034,819
11274754489729,11274754490417,688
11274754734095,11274754734949,854
11274754982096,11274754982836,740
11274755240189,11274755241022,833
11274755491419,11274755492104,685
11274755750004,11274755750836,832
11274756011220,11274756011925,705
11274756263918,11274756264744,826
11274756514268,11274756514911,643
11274756785195,11274756786133,938
11274757039473,11274757040162,689
11274757317169,11274757317973,804
11274757569278,11274757569949,671
11274757812972,11274757813750,778
11274758055431,11274758056080,649
11274758310185,11274758310948,763
11274758575106,11274758575919,813
11274758858722,11274758859589,867
11274759138008,11274759138712,704
11274759370879,11274759371626,747
11274759587951,11274759588575,624
11274759811588,11274759812354,766
11274760028198,11274760028857,659
11274760250863,11274760251669,806
11274760469026,11274760469692,666
11274760689990,11274760690754,764
11274760951258,11274760951883,625
11274761172983,11274761173782,799
11274761406569,11274761407210,641
11274761625081,11274761625891,810
11274761842264,11274761842907,643
11274762059042,11274762059817,775
11274762279475,11274762280148,673
11274762500654,11274762501435,781
11274762718808,11274762719424,616
11274762935851,11274762936632,781
11274763150999,11274763151650,651
11274763373039,11274763373824,785
11274763585818,11274763586473,655
11274763804838,11274763805573,735
11274764020316,11274764020948,632
11274764240324,11274764241103,779
11274764454684,11274764455331,647
11274764675692,11274764676473,781
11274764891457,11274764892091,634
11274765108122,11274765108888,766
11274765321196,11274765321838,642
11274765545690,11274765546485,795
11274765762793,11274765763439,646
11274765980079,11274765980863,784
11274766195552,11274766196211,659
11274766417516,11274766418305,789
11274766636272,11274766636905,633
11274766854072,11274766854870,798
11274767068667,11274767069322,655
11274767287674,11274767288448,774
11274767520708,11274767521360,652
11274767736709,11274767737456,747
11274767949972,11274767950574,602
11274768167729,11274768168509,780
11274768397461,11274768398112,651
11274768614402,11274768615173,771
11274768830267,11274768830928,661
11274769053747,11274769054522,775
11274769269497,11274769270167,670
11274769490176,11274769490956,780
11274769728935,11274769729618,683
11274769946959,11274769947743,784
11274770166092,11274770166726,634
11274770387726,11274770388455,729
11274770609139,11274770609810,671
11274770828075,11274770828843,768
11274771047729,11274771048352,623
11274771268018,11274771268776,758
11274771483706,11274771484363,657
11274771702728,11274771703502,774
11274771919604,11274771920223,619
11274772139242,11274772141030,1788
11274772365430,11274772366084,654
11274772586192,11274772586945,753
11274772801089,11274772801755,666
11274773023472,11274773024245,773
11274773241158,11274773241751,593
11274773464686,11274773465473,787
11274773685304,11274773685904,600
11274773908034,11274773908848,814
11274774127151,11274774127762,611
11274774389506,11274774390375,869
11274774631720,11274774632403,683
11274774871433,11274774872267,834
11274775114203,11274775114894,691
11274775370744,11274775371560,816
11274775622785,11274775623528,743
11274775868904,11274775869757,853
11274776112835,11274776113541,706
11274776355841,11274776356695,854
11274776598876,11274776599616,740
11274776846883,11274776847749,866
11274777089352,11274777090066,714
11274777333431,11274777334279,848
11274777570761,11274777571480,719
11274777812596,11274777813444,848
11274778052885,11274778053557,672
11274778300815,11274778301636,821
11274778538879,11274778539557,678
11274778781141,11274778781958,817
11274779030834,11274779031461,627
11274779289442,11274779290289,847
11274779533429,11274779534109,680
11274779777578,11274779778414,836
11274780022196,11274780022874,678
11274780287036,11274780287897,861
11274780527551,11274780528221,670
11274780770237,11274780771084,847
11274781009298,11274781009944,646
11274781250502,11274781251353,851
11274781503957,11274781504604,647
11274781745339,11274781746167,828
11274781985904,11274781986566,662
11274782236948,11274782237824,876
11274782497136,11274782497847,711
11274782739913,11274782740806,893
11274782980888,11274782981592,704
11274783223676,11274783224532,856
11274783467197,11274783467906,709
11274783712704,11274783713573,869
11274783952221,11274783952914,693
11274784197019,11274784197836,817
11274784440837,11274784441546,709
11274784688057,11274784688890,833
11274784929770,11274784930468,698
11274785174939,11274785175759,820
11274785421811,11274785422484,673
11274785672350,11274785673192,842
11274785920389,11274785921100,711
11274786166387,11274786167207,820
11274786407659,11274786408367,708
11274786651740,11274786652581,841
11274786896866,11274786897584,718
11274787141579,11274787142439,860
11274787402735,11274787403402,667
11274787642640,11274787643484,844
11274787882604,11274787883314,710
11274788128143,11274788128982,839
11274788372433,11274788373120,687
11274788612431,11274788613259,828
11274788852498,11274788853174,676
11274789108008,11274789108814,806
11274789381972,11274789382666,694
11274789626198,11274789627034,836
11274789871126,11274789871837,711
11274790115240,11274790116115,875
11274790386602,11274790387326,724
11274790628914,11274790629707,793
11274790872432,11274790873112,680
11274791115856,11274791116687,831
11274791359909,11274791360608,699
11274791604096,11274791604936,840
11274791844922,11274791845595,673
11274792085334,11274792086140,806
11274792352406,11274792353105,699
11274792602324,11274792603176,852
11274792842517,11274792843164,647
11274793087532,11274793088340,808
11274793337500,11274793338203,703
11274793584195,11274793585013,818
11274793833552,11274793834219,667
11274794076259,11274794077079,820
11274794323131,11274794323849,718
11274794569526,11274794570368,842
11274794811529,11274794812210,681
11274795054152,11274795054932,780
11274795299534,11274795300203,669
11274795538736,11274795544390,5654
11274795795272,11274795795969,697
11274796038647,11274796039481,834
11274796281258,11274796281931,673
11274796541237,11274796542046,809
11274796787971,11274796788648,677
11274797032407,11274797033270,863
11274797289891,11274797290551,660
11274797533602,11274797534446,844
11274797775635,11274797776293,658
11274798022181,11274798023054,873
11274798286606,11274798287306,700
11274798528527,11274798529351,824
11274798771295,11274798771971,676
11274799024665,11274799025515,850
11274799268419,11274799269104,685
11274799520383,11274799521180,797
11274799763122,11274799763784,662
11274800006363,11274800007175,812
11274800259376,11274800260083,707
11274800504139,11274800504956,817
11274800746762,11274800747441,679
11274800989413,11274800990221,808
11274801233412,11274801234126,714
11274801482823,11274801483649,826
11274801726125,11274801726814,689
11274801967299,11274801968138,839
11274802214637,11274802215320,683
11274802468556,11274802469410,854
11274802713896,11274802714585,689
11274802958884,11274802959685,801
11274803205993,11274803206694,701
11274803450794,11274803451615,821
11274803693743,11274803694457,714
11274803937605,11274803938415,810
11274804180255,11274804180919,664
11274804424023,11274804424870,847
11274804666950,11274804667662,712
11274804909561,11274804910375,814
11274805151383,11274805152088,705
11274805392290,11274805393146,856
11274805646385,11274805647097,712
11274805892335,11274805893188,853
11274806134575,11274806135253,678
11274806390236,11274806391039,803
11274806641608,11274806642303,695
11274806885057,11274806885927,870
11274807126629,11274807127359,730
11274807388536,11274807389364,828
11274807631399,11274807632110,711
11274807877659,11274807878485,826
11274808120516,11274808121207,691
11274808363504,11274808364342,838
11274808605310,11274808605987,677
11274808850496,11274808851357,861
11274809102019,11274809102714,695
11274809363154,11274809364006,852
11274809611255,11274809611980,725
11274809856378,11274809857227,849
11274810101558,11274810102271,713
11274810345664,11274810346512,848
11274810605107,11274810605825,718
11274810848239,11274810849067,828
11274811092400,11274811093131,731
11274811335850,11274811336689,839
11274811578040,11274811578702,662
11274811820496,11274811821319,823
11274812060184,11274812060840,656
11274812310611,11274812311518,907
11274812553074,11274812553778,704
11274812797159,11274812797999,840
11274813041392,11274813042099,707
11274813288504,11274813289362,858
11274813532145,11274813532848,703
11274813775589,11274813776443,854
11274814018154,11274814018871,717
11274814260085,11274814260942,857
11274814505105,11274814505834,729
11274814747091,11274814747920,829
11274814986520,11274814987256,736
11274815227552,11274815228357,805
11274815472930,11274815473613,683
11274815720296,11274815721165,869
11274815965796,11274815966484,688
11274816207557,11274816208449,892
11274816448960,11274816449658,698
11274816693877,11274816694777,900
11274816935966,11274816936705,739
11274817176776,11274817177664,888
11274817433334,11274817434063,729
11274817680404,11274817681253,849
11274817922427,11274817923118,691
11274818166644,11274818167501,857
11274818407246,11274818407982,736
11274818650191,11274818651041,850
11274818899731,11274818900438,707
11274819144547,11274819145429,882
11274819391168,11274819391861,693
11274819636511,11274819637357,846
11274819878206,11274819878920,714
11274820126374,11274820127194,820
11274820368137,11274820368859,722
11274820611105,11274820611918,813
11274820853212,11274820853920,708
11274821097029,11274821097923,894
11274821345158,11274821345854,696
11274821587507,11274821588332,825
11274821828610,11274821829301,691
11274822072422,11274822073249,827
11274822322775,11274822323513,738
11274822568356,11274822569180,824
11274822811884,11274822812603,719
11274823059772,11274823060630,858
11274823304457,11274823305169,712
11274823549030,11274823549883,853
11274823793242,11274823793958,716
11274824034632,11274824035487,855
11274824285367,11274824286068,701
11274824531173,11274824532015,842
11274824772794,11274824773504,710
11274825016271,11274825017091,820
11274825261702,11274825262409,707
11274825530624,11274825531458,834
11274825781477,11274825782205,728
11274826032196,11274826033052,856
11274826300446,11274826301125,679
11274826548033,11274826548903,870
11274826791884,11274826792575,691
11274827035405,11274827036271,866
11274827276946,11274827277686,740
11274827546977,11274827547847,870
11274827789102,11274827789830,728
11274828033726,11274828034516,790
11274828275336,11274828276047,711
11274828516842,11274828517693,851
11274828758407,11274828759159,752
11274829008582,11274829009441,859
11274829267416,11274829268122,706
11274829511354,11274829512199,845
11274829756028,11274829756752,724
11274830000595,11274830001474,879
11274830290641,11274830291423,782
11274830540419,11274830541301,882
11274830781048,11274830781804,756
11274831027739,11274831028570,831
11274831268901,11274831269643,742
11274831516473,11274831517322,849
11274831758513,11274831759250,737
11274832004913,11274832005745,832
11274832255371,11274832256077,706
11274832501202,11274832502098,896
11274832743972,11274832744654,682
11274832991591,11274832992429,838
11274833235711,11274833236412,701
11274833479787,11274833480657,870
11274833728579,11274833729301,722
11274833973750,11274833974591,841
11274834223607,11274834224334,727
11274834467645,11274834468486,841
11274834711053,11274834711756,703
11274834952604,11274834953448,844
11274835194331,11274835195062,731
11274835443720,11274835444546,826
11274835694329,11274835695053,724
11274835940845,11274835941703,858
11274836184386,11274836185094,708
11274836431484,11274836432327,843
11274836674771,11274836675503,732
11274836921047,11274836921872,825
11274837164704,11274837165427,723
11274837409188,11274837410040,852
11274837651436,11274837652167,731
11274837894921,11274837895795,874
11274838135872,11274838136568,696
11274838384428,11274838385286,858
11274838627431,11274838628140,709
11274838876746,11274838878110,1364
11274839124931,11274839125627,696
11274839373075,11274839373956,881
11274839618887,11274839619584,697
11274839865425,11274839866258,833
11274840108061,11274840108820,759
11274840352035,11274840352862,827
11274840593519,11274840594244,725
11274840839566,11274840840383,817
11274841085721,11274841086409,688
11274841345408,11274841346270,862
11274841586854,11274841587565,711
11274841831186,11274841832009,823
11274842073482,11274842074196,714
11274842326671,11274842327533,862
11274842581126,11274842581840,714
11274842829034,11274842829881,847
11274843076205,11274843076931,726
11274843321802,11274843322638,836
11274843563962,11274843564658,696
11274843807680,11274843808514,834
11274844049520,11274844050207,687
11274844301348,11274844302189,841
11274844546262,11274844546968,706
11274844791493,11274844792340,847
11274845053783,11274845054495,712
11274845300526,11274845301366,840
11274845573341,11274845574023,682
11274845832172,11274845833037,865
11274846075697,11274846076395,698
11274846320054,11274846320893,839
11274846563011,11274846563666,655
11274846806385,11274846807219,834
11274847051482,11274847052155,673
11274847409950,11274847411172,1222
11274847678766,11274847679488,722
11274847930411,11274847931303,892
11274848177564,11274848178237,673
11274848438281,11274848439140,859
11274848678665,11274848679378,713
11274848933687,11274848934550,863
11274849180246,11274849180970,724
11274849423637,11274849424487,850
11274849666054,11274849666770,716
11274849910175,11274849911005,830
11274850153610,11274850154312,702
11274850397319,11274850398154,835
11274850638282,11274850638996,714
11274850884952,11274850885752,800
11274851127718,11274851128375,657
11274851370934,11274851371746,812
11274851612440,11274851613151,711
11274851857463,11274851858326,863
11274852096358,11274852097042,684
11274852357170,11274852358021,851
11274852601330,11274852602042,712
11274852846060,11274852846923,863
11274853087519,11274853088240,721
11274853331253,11274853332125,872
11274853572701,11274853573383,682
11274853816804,11274853817639,835
11274854054497,11274854055188,691
11274854312075,11274854312889,814
11274854556366,11274854557062,696
11274854800855,11274854801712,857
11274855040563,11274855041256,693
11274855297974,11274855298801,827
11274855538376,11274855539079,703
11274855791207,11274855792063,856
11274856036315,11274856037030,715
11274856282598,11274856283448,850
11274856524509,11274856525228,719
11274856772255,11274856773109,854
11274857012117,11274857012804,687
11274857251741,11274857252558,817
11274857532288,11274857532940,652
11274857751711,11274857752513,802
11274857974173,11274857974838,665
11274858196614,11274858197428,814
11274858415951,11274858416598,647
11274858636854,11274858637607,753
11274858857421,11274858858070,649
11274859187627,11274859188411,784
11274859408722,11274859409341,619
11274859633615,11274859634349,734
11274859856571,11274859857177,606
11274860077192,11274860077972,780
11274860299681,11274860300268,587
11274860521937,11274860522646,709
11274860742803,11274860743407,604
11274860974294,11274860975052,758
11274861196330,11274861196947,617
11274861418616,11274861419392,776
11274861639714,11274861640305,591
11274861858754,11274861859497,743
11274862080583,11274862081198,615
11274862384357,11274862385143,786
11274862613645,11274862614287,642
11274862835996,11274862836791,795
11274863057891,11274863058535,644
11274863279293,11274863280061,768
11274863500961,11274863501549,588
11274863720623,11274863721376,753
11274863944120,11274863944746,626
11274864165268,11274864166046,778
11274864384600,11274864385218,618
11274864605063,11274864605815,752
11274864825495,11274864826118,623
11274865047993,11274865048743,750
11274865267157,11274865267769,612
11274865490337,11274865491086,749
11274865792701,11274865793313,612
11274866017061,11274866017805,744
11274866236076,11274866236750,674
11274866457980,11274866458769,789
11274866677735,11274866678343,608
11274866899278,11274866900035,757
11274867121349,11274867121958,609
11274867343207,11274867343997,790
11274867564913,11274867565586,673
11274867787828,11274867788601,773
11274868011279,11274868011924,645
11274868231693,11274868232444,751
11274868452250,11274868452899,649
11274868674111,11274868674860,749
11274868940052,11274868940740,688
11274869206428,11274869207164,736
11274869429458,11274869430069,611
11274869652818,11274869653634,816
11274869874987,11274869875616,629
11274870097725,11274870098496,771
11274870319994,11274870320624,630
11274870540139,11274870540896,757
11274870762898,11274870763502,604
11274870983704,11274870984463,759
11274871207693,11274871208282,589
11274871431029,11274871431803,774
11274871649880,11274871650499,619
11274871870801,11274871871577,776
11274872093975,11274872094551,576
11274872399340,11274872400129,789
11274872622368,11274872623026,658
11274872847353,11274872848156,803
11274873067463,11274873068123,660
11274873291963,11274873292765,802
11274873513504,11274873514134,630
11274873735507,11274873736282,775
11274873956011,11274873956628,617
11274874184518,11274874185311,793
11274874405913,11274874406516,603
11274874630703,11274874631354,651
11274874856104,11274874856724,620
11274875079423,11274875080185,762
11274875301394,11274875302026,632
11274875687611,11274875688228,617
11274875912996,11274875913640,644
11274876135748,11274876136547,799
11274876360879,11274876361551,672
11274876585427,11274876586205,778
11274876808979,11274876809592,613
11274877031355,11274877032116,761
11274877252528,11274877253146,618
11274877555687,11274877556282,595
11274877782983,11274877783602,619
11274878005461,11274878006070,609
11274878227891,11274878228658,767
11274878451457,11274878452125,668
11274878673122,11274878673923,801
11274878947214,11274878947939,725
11274879216372,11274879217154,782
11274879441589,11274879442187,598
11274879665921,11274879666543,622
11274879889389,11274879890129,740
11274880112116,11274880112747,631
11274880335844,11274880336456,612
11274880559966,11274880560599,633
11274880782354,11274880783151,797
11274881005810,11274881006449,639
11274881228650,11274881229266,616
11274881453592,11274881454389,797
11274881674114,11274881674723,609
11274881895452,11274881896051,599
11274882116417,11274882117031,614
11274882429658,11274882430280,622
11274882692249,11274882692915,666
11274882922572,11274882923393,821
11274883151379,11274883152031,652
11274883402158,11274883402966,808
11274883625342,11274883625986,644
11274883847266,11274883847872,606
11274884069355,11274884069947,592
11274884292858,11274884293685,827
11274884515242,11274884515840,598
11274884737572,11274884738344,772
11274884959293,11274884959926,633
11274885181339,11274885182171,832
11274885424383,11274885425010,627
11274885734390,11274885735048,658
11274885965834,11274885966457,623
11274886197214,11274886198031,817
11274886427309,11274886427969,660
11274886663427,11274886664032,605
11274886895183,11274886895821,638
11274887127370,11274887127964,594
11274887354856,11274887355463,607
11274887586791,11274887587610,819
11274887813469,11274887814122,653
11274888041345,11274888042160,815
11274888267859,11274888268548,689
11274888496535,11274888497337,802
11274888725167,11274888725806,639
11274889038257,11274889038895,638
11274889269785,11274889270400,615
11274889499734,11274889500336,602
11274889749796,11274889750380,584
11274889975689,11274889976487,798
11274890197375,11274890197993,618
11274890421421,11274890422025,604
11274890743321,11274890744132,811
11274890971499,11274890972162,663
11274891203250,11274891203861,611
11274891451510,11274891452135,625
11274891673156,11274891673777,621
11274891896119,11274891896726,607
11274892119568,11274892120161,593
11274892428031,11274892428666,635
11274892686818,11274892687461,643
11274892918812,11274892919421,609
11274893148130,11274893148751,621
11274893377750,11274893378368,618
11274893608755,11274893609388,633
11274893837290,11274893837916,626
11274894067823,11274894068412,589
11274894295233,11274894295853,620
11274894521981,11274894522586,605
11274894751603,11274894752209,606
11274894980310,11274894980949,639
11274895207587,11274895208196,609
11274895436032,11274895436636,604
11274895750211,11274895750820,609
11274895981872,11274895982512,640
11274896214889,11274896215493,604
11274896444120,11274896444748,628
11274896690797,11274896691396,599
11274896915915,11274896916515,600
11274897139918,11274897140487,569
11274897367451,11274897368066,615
11274897591415,11274897592005,590
11274897816026,11274897816621,595
11274898039507,11274898040094,587
11274898265180,11274898265781,601
11274898530124,11274898530717,593
11274898753483,11274898754289,806
11274899080508,11274899081154,646
11274899311532,11274899312166,634
11274899562984,11274899563595,611
11274899794205,11274899794808,603
11274900024436,11274900025054,618
11274900259637,11274900260249,612
11274900510822,11274900511451,629
11274900734005,11274900734772,767
11274900959036,11274900959647,611
11274901183836,11274901184453,617
11274901431662,11274901432290,628
11274901660934,11274901661534,600
11274901890693,11274901891541,848
11274902119950,11274902120648,698
11274902434887,11274902435524,637
11274902677226,11274902677849,623
11274902908048,11274902908691,643
11274903138649,11274903139262,613
11274903370314,11274903370967,653
11274903617367,11274903618018,651
11274903975211,11274903976039,828
11274904200666,11274904201313,647
11274904422254,11274904423045,791
11274904647369,11274904647996,627
11274904870684,11274904871489,805
11274905091276,11274905091927,651
11274905315393,11274905316148,755
11274905537301,11274905537907,606
11274905846106,11274905846851,745
11274906148077,11274906148686,609
11274906451230,11274906451983,753
11274906736285,11274906736962,677
11274906983941,11274906984758,817
11274907226638,11274907227344,706
11274907495962,11274907496709,747
11274907797196,11274907797812,616
11274908104439,11274908105217,778
11274908380142,11274908380869,727
11274908622882,11274908623764,882
11274908865259,11274908865936,677
11274909218191,11274909218964,773
11274909495461,11274909496155,694
11274909849410,11274909850173,763
11274910176056,11274910176691,635
11274910487980,11274910488768,788
11274910763334,11274910764069,735
11274911007804,11274911008660,856
11274911248953,11274911249659,706
11274911508217,11274911509098,881
11274911758006,11274911758697,691
11274912005509,11274912006373,864
11274912269211,11274912269895,684
11274912551820,11274912552683,863
11274912810268,11274912810967,699
11274913069976,11274913070872,896
11274913339466,11274913340169,703
11274913595536,11274913600857,5321
11274913883402,11274913884121,719
11274914165297,11274914166209,912
11274914432639,11274914433316,677
11274914751863,11274914752655,792
11274915055113,11274915056127,1014
11274915384194,11274915385478,1284
11274915720471,11274915721228,757
11274916036620,11274916039125,2505
11274916342319,11274916343055,736
11274916629847,11274916630851,1004
11274916910210,11274916910952,742
11274917194155,11274917194973,818
11274917469577,11274917470241,664
11274917745860,11274917746671,811
11274918032726,11274918033770,1044
11274918361950,11274918362932,982
11274918657359,11274918658112,753
11274918944778,11274918945665,887
11274919228590,11274919229319,729
11274919484723,11274919485586,863
11274919745588,11274919746453,865
11274920027034,11274920028033,999
11274920324180,11274920325166,986
11274920601158,11274920602079,921
11274920852351,11274920853061,710
11274921098442,11274921099296,854
11274921346415,11274921347108,693
11274921591127,11274921591992,865
11274921832841,11274921833601,760
11274922079543,11274922080400,857
11274922334319,11274922335011,692
11274922585331,11274922586144,813
11274922830271,11274922830999,728
11274923077392,11274923078236,844
11274923321540,11274923322274,734
11274923584581,11274923585401,820
11274923829934,11274923830687,753
11274924075044,11274924075926,882
11274924320987,11274924321696,709
11274924572186,11274924573073,887
11274924820113,11274924820812,699
11274925071742,11274925072613,871
11274925361288,11274925362097,809
11274925702001,11274925703378,1377
11274926014471,11274926015517,1046
11274926316778,11274926317919,1141
11274926700120,11274926700839,719
11274926993240,11274926994297,1057
11274927333068,11274927333987,919
11274927647494,11274927648435,941
11274927938859,11274927939748,889
11274928226436,11274928227507,1071
11274928508887,11274928509669,782
11274928777984,11274928778816,832
11274929061862,11274929062510,648
11274929317754,11274929318601,847
11274929559322,11274929560037,715
11274929808396,11274929809307,911
11274930064172,11274930064874,702
11274930312994,11274930313855,861
11274930556715,11274930557421,706
11274930811612,11274930812497,885
11274931079768,11274931080901,1133
11274931355815,11274931356729,914
11274931611223,11274931611924,701
11274931865305,11274931866122,817
11274932118295,11274932119057,762
11274932387212,11274932388096,884
11274932646282,11274932647067,785
11274932900506,11274932901345,839
11274933153440,11274933154148,708
11274933397868,11274933398684,816
11274933643172,11274933643915,743
11274933889190,11274933889989,799
11274934132742,11274934133440,698
11274934378708,11274934379528,820
11274934622331,11274934623013,682
11274934866632,11274934867479,847
11274935110828,11274935111517,689
11274935359117,11274935359929,812
11274935622044,11274935622735,691
11274935870420,11274935871266,846
11274936128396,11274936129232,836
11274936383415,11274936384294,879
11274936613006,11274936613696,690
11274936848065,11274936848873,808
11274937069087,11274937069754,667
11274937293258,11274937294027,769
11274937510789,11274937511382,593
11274937732382,11274937733195,813
11274937951466,11274937952076,610
11274938217773,11274938218572,799
11274938477875,11274938478552,677
11274938728877,11274938729699,822
11274938963913,11274938964579,666
11274939188260,11274939189009,749
11274939406685,11274939407420,735
11274939629552,11274939630301,749
11274939849770,11274939850365,595
11274940069696,11274940070472,776
11274940288642,11274940289255,613
11274940519761,11274940520530,769
11274940755963,11274940756611,648
11274940991499,11274940992374,875
11274941220171,11274941220820,649
11274941439115,11274941439861,746
11274941661733,11274941662356,623
11274941881653,11274941882405,752
11274942097966,11274942098577,611
11274942336691,11274942337532,841
11274942561814,11274942562454,640
11274942784075,11274942784812,737
11274943013676,11274943014338,662
11274943284354,11274943285117,763
11274943513391,11274943514006,615
11274943736357,11274943737175,818
11274943951634,11274943952249,615
11274944169365,11274944170090,725
11274944387511,11274944388091,580
11274944607825,11274944608598,773
11274944823720,11274944824334,614
11274945041550,11274945042281,731
11274945272175,11274945272769,594
11274945488881,11274945489673,792
11274945754153,11274945754834,681
11274946003020,11274946003805,785
11274946221971,11274946222678,707
11274946439148,11274946439934,786
11274946658322,11274946658973,651
11274946874749,11274946875513,764
11274947090021,11274947090672,651
11274947309808,11274947310613,805
11274947526679,11274947527314,635
11274947743960,11274947744715,755
11274947961389,11274947961998,609
11274948178097,11274948178885,788
11274948426123,11274948426763,640
11274948652796,11274948653626,830
11274948879196,11274948880177,981
11274949108465,11274949109287,822
11274949325632,11274949326283,651
11274949544471,11274949545252,781
11274949765173,11274949765868,695
11274949983292,11274949984110,818
11274950198042,11274950198694,652
11274950417425,11274950418188,763
11274950637552,11274950638199,647
11274950854484,11274950855296,812
11274951070875,11274951071552,677
11274951288760,11274951289521,761
11274951503368,11274951504001,633
11274951724016,11274951724788,772
11274951939671,11274951940318,647
11274952158127,11274952158938,811
11274952379450,11274952380158,708
11274952599212,11274952600000,788
11274952814246,11274952814881,635
11274953031221,11274953032003,782
11274953248012,11274953248671,659
11274953465074,11274953465854,780
11274953683632,11274953684288,656
11274953897941,11274953898762,821
11274954117013,11274954117679,666
11274954341193,11274954342006,813
11274954559495,11274954560088,593
11274954776789,11274954777632,843
11274954993187,11274954993831,644
11274955210943,11274955211721,778
11274955428690,11274955429327,637
11274955650435,11274955651261,826
11274955869754,11274955870386,632
11274956089042,11274956089830,788
11274956302631,11274956303254,623
11274956521350,11274956522121,771
11274956739592,11274956740199,607
11274956957901,11274956958663,762
11274957207873,11274957208847,974
11274957446643,11274957447605,962
11274957665016,11274957665661,645
11274957884540,11274957885340,800
11274958102200,11274958102841,641
11274958319298,11274958320100,802
11274958540061,11274958540725,664
11274958756532,11274958757336,804
11274959019778,11274959020590,812
11274959279262,11274959280094,832
11274959515744,11274959516409,665
11274959735397,11274959736169,772
11274959955415,11274959956031,616
11274960175934,11274960176746,812
11274960402521,11274960403161,640
11274960622511,11274960623280,769
11274960842308,11274960842977,669
11274961062610,11274961063371,761
11274961279106,11274961279763,657
11274961505830,11274961506593,763
11274961724269,11274961724932,663
11274961944663,11274961945446,783
11274962167669,11274962168342,673
11274962393942,11274962394744,802
11274962613706,11274962614474,768
11274962846768,11274962847592,824
11274963127475,11274963128236,761
11274963373378,11274963374236,858
11274963596221,11274963596899,678
11274963816420,11274963817256,836
11274964036721,11274964037400,679
11274964255161,11274964255996,835
11274964506286,11274964507062,776
11274964792894,11274964793799,905
11274965053601,11274965054304,703
11274965281901,11274965282750,849
11274965502602,11274965503304,702
11274965735852,11274965736675,823
11274965958414,11274965959077,663
11274966177582,11274966178405,823
11274966392793,11274966393476,683
11274966610559,11274966611355,796
11274966828818,11274966829447,629
11274967047161,11274967047910,749
11274967263639,11274967264256,617
11274967488866,11274967489612,746
11274967706059,11274967706720,661
11274967933401,11274967934204,803
11274968152430,11274968153118,688
11274968389952,11274968390706,754
11274968609168,11274968609833,665
11274968826665,11274968827424,759
11274969105630,11274969106313,683
11274969327556,11274969328374,818
11274969542705,11274969543387,682
11274969762499,11274969763280,781
11274969980086,11274969980706,620
11274970201292,11274970202081,789
11274970417935,11274970418533,598
11274970638880,11274970639658,778
11274970854617,11274970855214,597
11274971072478,11274971073221,743
11274971286777,11274971287382,605
11274971509477,11274971510243,766
11274971727617,11274971728262,645
11274971946560,11274971947359,799
11274972160119,11274972160740,621
11274972393551,11274972394330,779
11274972612794,11274972613463,669
11274972830809,11274972831612,803
11274973046834,11274973047466,632
11274973265141,11274973265914,773
11274973484832,11274973485485,653
11274973705251,11274973706027,776
11274973921440,11274973922101,661
11274974139945,11274974140774,829
11274974353814,11274974354438,624
11274974575881,11274974576701,820
11274974791422,11274974792046,624
11274975010329,11274975011106,777
11274975225014,11274975225676,662
11274975447615,11274975448383,768
11274975666204,11274975666863,659
11274975886324,11274975887085,761
11274976098756,11274976099383,627
11274976316643,11274976317425,782
11274976535391,11274976536025,634
11274976756310,11274976757084,774
11274976972573,11274976973200,627
11274977191149,11274977191903,754
11274977423114,11274977423785,671
11274977641350,11274977642160,810
11274977857516,11274977858192,676
11274978075424,11274978076223,799
11274978310173,11274978310812,639
11274978528454,11274978529224,770
11274978743558,11274978744207,649
11274978968491,11274978969314,823
11274979187141,11274979187792,651
11274979413249,11274979413986,737
11274979630192,11274979630817,625
11274979850380,11274979851172,792
11274980064155,11274980064795,640
11274980283773,11274980284525,752
11274980499090,11274980499706,616
11274980718759,11274980719582,823
11274980933573,11274980934206,633
11274981151955,11274981152714,759
11274981369074,11274981369731,657
11274981587710,11274981588483,773
11274981803381,11274981804001,620
11274982019234,11274982019994,760
11274982238308,11274982238921,613
11274982458251,11274982459017,766
11274982681817,11274982682464,647
11274982902964,11274982903698,734
11274983116866,11274983117501,635
11274983338605,11274983339375,770
11274983560312,11274983560941,629
11274983778002,11274983778766,764
11274983996756,11274983997388,632
11274984214506,11274984215248,742
11274984436986,11274984437611,625
11274984655567,11274984656333,766
11274984870042,11274984870675,633
11274985092149,11274985092962,813
11274985311964,11274985312616,652
11274985538083,11274985538875,792
11274985760614,11274985761265,651
11274985980783,11274985981553,770
11274986197668,11274986198283,615
11274986416466,11274986417198,732
11274986631627,11274986632277,650
11274986857976,11274986858730,754
11274987074681,11274987075325,644
11274987294435,11274987295175,740
11274987537203,11274987537887,684
11274987759333,11274987760136,803
11274987971531,11274987972155,624
11274988189918,11274988190644,726
11274988405966,11274988406577,611
11274988635064,11274988635845,781
11274988856104,11274988856759,655
11274989080141,11274989080932,791
11274989294885,11274989295534,649
11274989521344,11274989522122,778
11274989738334,11274989738904,570
11274989955769,11274989956575,806
11274990170942,11274990171546,604
11274990388909,11274990389704,795
11274990603705,11274990604354,649
11274990823114,11274990823875,761
11274991039162,11274991039740,578
11274991288342,11274991289131,789
11274991535981,11274991536649,668
11274991775948,11274991776826,878
11274992005169,11274992005856,687
11274992268245,11274992269040,795
11274992503209,11274992503918,709
11274992736964,11274992737784,820
11274992961499,11274992962186,687
11274993204192,11274993204972,780
11274993429422,11274993430081,659
11274993660892,11274993661705,813
11274993885196,11274993885903,707
11274994114533,11274994115330,797
11274994344152,11274994344881,729
11274994571029,11274994571815,786
11274994793485,11274994794176,691
11274995023013,11274995023806,793
11274995247899,11274995248594,695
11274995474874,11274995475659,785
11274995710001,11274995710685,684
11274995941578,11274995942411,833
11274996167066,11274996167757,691
11274996393936,11274996394763,827
11274996618584,11274996619290,706
11274996846434,11274996847278,844
11274997070176,11274997070861,685
11274997294711,11274997295518,807
11274997518661,11274997519351,690
11274997745570,11274997746394,824
11274997972710,11274997973429,719
11274998199762,11274998200557,795
11274998424984,11274998425635,651
11274998651385,11274998652173,788
11274998882303,11274998883008,705
11274999119130,11274999120000,870
11274999344808,11274999345525,717
11274999570771,11274999571572,801
11274999798837,11274999799525,688
11275000025511,11275000026446,935
11275000281798,11275000282488,690
11275000516177,11275000517007,830
11275000743810,11275000744528,718
11275000977441,11275000978258,817
11275001205145,11275001205834,689
11275001440813,11275001441654,841
11275001668394,11275001669064,670
11275001898717,11275001899542,825
11275002123437,11275002124131,694
11275002359256,11275002360074,818
11275002589580,11275002590270,690
11275002819343,11275002820172,829
11275003048792,11275003049427,635
11275003276382,11275003277196,814
11275003502326,11275003503021,695
11275003734577,11275003735386,809
11275003965846,11275003966518,672
11275004191431,11275004192251,820
11275004419888,11275004420568,680
11275004645747,11275004646539,792
11275004870959,11275004871658,699
11275005100555,11275005101340,785
11275005322507,11275005323162,655
11275005555550,11275005556392,842
11275005786494,11275005787177,683
11275006018679,11275006019515,836
11275006245524,11275006246190,666
11275006475041,11275006475865,824
11275006702753,11275006703423,670
11275006932485,11275006933280,795
11275007158701,11275007159392,691
11275007388985,11275007389802,817
11275007619499,11275007620184,685
11275007849869,11275007850707,838
11275008073071,11275008073726,655
11275008309191,11275008309993,802
11275008533973,11275008534626,653
11275008760600,11275008761373,773
11275008999622,11275009000299,677
11275009233304,11275009234142,838
11275009461237,11275009461924,687
11275009688998,11275009689803,805
11275009915403,11275009916091,688
11275010143286,11275010144138,852
11275010373160,11275010373797,637
11275010597809,11275010598619,810
11275010823541,11275010824245,704
11275011052443,11275011053244,801
11275011279236,11275011279900,664
11275011508442,11275011509294,852
11275011733048,11275011733772,724
11275011960341,11275011961170,829
11275012188413,11275012189097,684
11275012456140,11275012457021,881
11275012682775,11275012683478,703
11275012911247,11275012912113,866
11275013138047,11275013138756,709
11275013369153,11275013370007,854
11275013594761,11275013595463,702
11275013822699,11275013823520,821
11275014049801,11275014050498,697
11275014279099,11275014279923,824
11275014503704,11275014504405,701
11275014728734,11275014729562,828
11275014956111,11275014956776,665
11275015181365,11275015182207,842
11275015412041,11275015412696,655
11275015653426,11275015654305,879
11275015882888,11275015883582,694
11275016113877,11275016114710,833
11275016357717,11275016358445,728
11275016586163,11275016586975,812
11275016813712,11275016814371,659
11275017043421,11275017044223,802
11275017269136,11275017269867,731
11275017499504,11275017500336,832
11275017736758,11275017737460,702
11275017966867,11275017967683,816
11275018188670,11275018189351,681
11275018419773,11275018420580,807
11275018643983,11275018644668,685
11275018868597,11275018869428,831
11275019105312,11275019105979,667
11275019338504,11275019339362,858
11275019566714,11275019567377,663
11275019796697,11275019797550,853
11275020024540,11275020025233,693
11275020253451,11275020254291,840
11275020483386,11275020484050,664
11275020710281,11275020711133,852
11275020935281,11275020935966,685
11275021162309,11275021163163,854
11275021397250,11275021397978,728
11275021624254,11275021625049,795
11275021849701,11275021850372,671
11275022081285,11275022082116,831
11275022329088,11275022329763,675
11275022562255,11275022563102,847
11275022789324,11275022790010,686
11275023016775,11275023017614,839
11275023247060,11275023247722,662
11275023481220,11275023482035,815
11275023708937,11275023709610,673
11275023935917,11275023936748,831
11275024163730,11275024164424,694
11275024395520,11275024396313,793
11275024621576,11275024622244,668
11275024849512,11275024850336,824
11275025075333,11275025075997,664
11275025303565,11275025304383,818
11275025530013,11275025530651,638
11275025770430,11275025771294,864
11275025996544,11275025997250,706
11275026229470,11275026230254,784
11275026454739,11275026455424,685
11275026687585,11275026688407,822
11275026914687,11275026915340,653
11275027142018,11275027142863,845
11275027366358,11275027367055,697
11275027596620,11275027597420,800
11275027822679,11275027823363,684
11275028046878,11275028047701,823
11275028273952,11275028274652,700
11275028504150,11275028504914,764
11275028729920,11275028730594,674
11275028963733,11275028964588,855
11275029194631,11275029195312,681
11275029425048,11275029425870,822
11275029655057,11275029655731,674
11275029883767,11275029884599,832
11275030109663,11275030110363,700
11275030339664,11275030340517,853
11275030565462,11275030566111,649
11275030793949,11275030794729,780
11275031019839,11275031020521,682
11275031249999,11275031250815,816
11275031473999,11275031474714,715
11275031705591,11275031706375,784
11275031930204,11275031930885,681
11275032158987,11275032159775,788
11275032391261,11275032391973,712
11275032624615,11275032625427,812
11275032851885,11275032852578,693
11275033082415,11275033083263,848
11275033309890,11275033310621,731
11275033538829,11275033539608,779
11275033768565,11275033769213,648
11275033996727,11275033997530,803
11275034300804,11275034301451,647
11275034538585,11275034539368,783
11275034767264,11275034767909,645
11275034994974,11275034995824,850
11275035221819,11275035222497,678
11275035448295,11275035449122,827
11275035681653,11275035682365,712
11275035917401,11275035918217,816
11275036146643,11275036147336,693
11275036379061,11275036379856,795
11275036701949,11275036702662,713
11275036941542,11275036943451,1909
11275037171867,11275037172557,690
11275037403106,11275037403927,821
11275037628773,11275037629460,687
11275037860496,11275037861324,828
11275038087768,11275038088463,695
11275038316228,11275038317048,820
11275038543773,11275038544457,684
11275038776260,11275038777084,824
11275039007136,11275039007779,643
11275039237125,11275039237951,826
11275039465954,11275039466620,666
11275039700825,11275039701602,777
11275039928453,11275039929100,647
11275040156359,11275040157230,871
11275040382656,11275040383349,693
11275040614482,11275040615291,809
11275040842851,11275040843588,737
11275041070673,11275041071477,804
11275041299072,11275041299798,726
11275041527789,11275041528585,796
11275041756523,11275041757235,712
11275041984701,11275041985495,794
11275042219763,11275042220418,655
11275042451452,11275042452325,873
11275042680257,11275042680966,709
11275042912209,11275042913033,824
11275043141339,11275043142015,676
11275043404452,11275043405355,903
11275043654678,11275043655396,718
11275043904836,11275043905704,868
11275044171804,11275044172779,975
11275044425599,11275044426636,1037
11275044649837,11275044650517,680
11275044876146,11275044876897,751
11275045093333,11275045093992,659
11275045325738,11275045326551,813
11275045554615,11275045555308,693
11275045784678,11275045785491,813
11275046007938,11275046008605,667
11275046234482,11275046235282,800
11275046470824,11275046471475,651
11275046690976,11275046691775,799
11275046912089,11275046912767,678
11275047132897,11275047133703,806
11275047351784,11275047352461,677
11275047574622,11275047575436,814
11275047794889,11275047795530,641
11275048019317,11275048020093,776
11275048238648,11275048239255,607
11275048458437,11275048459266,829
11275048676830,11275048677525,695
11275048909862,11275048910670,808
11275049129971,11275049130630,659
11275049350505,11275049351312,807
11275049566179,11275049566847,668
11275049785155,11275049785974,819
11275050003513,11275050004154,641
11275050224172,11275050225003,831
11275050438282,11275050438947,665
11275050658754,11275050659531,777
11275050875529,11275050876166,637
11275051093481,11275051094320,839
11275051307686,11275051308347,661
11275051526086,11275051526880,794
11275051739752,11275051740405,653
11275051958101,11275051958883,782
11275052173853,11275052174489,636
11275052401391,11275052402195,804
11275052622225,11275052622925,700
11275052843507,11275052844313,806
11275053067043,11275053067720,677
11275053284515,11275053285330,815
11275053527198,11275053527860,662
11275053744340,11275053745175,835
11275053958705,11275053959400,695
11275054174910,11275054175673,763
11275054391032,11275054391691,659
11275054607885,11275054608703,818
11275054821262,11275054821928,666
11275055038634,11275055039445,811
11275055252433,11275055253081,648
11275055468742,11275055469521,779
11275055690796,11275055691473,677
11275055913599,11275055914414,815
11275056170367,11275056171091,724
11275056422516,11275056423394,878
11275056647657,11275056648357,700
11275056866966,11275056867798,832
11275057081874,11275057082581,707
11275057309843,11275057310621,778
11275057524485,11275057525088,603
11275057743935,11275057744711,776
11275057956937,11275057957509,572
11275058174235,11275058174995,760
11275058418244,11275058418858,614
11275058633621,11275058634388,767
11275058848752,11275058849373,621
11275059071163,11275059071982,819
11275059289024,11275059289690,666
11275059508807,11275059509600,793
11275059721303,11275059721923,620
11275059937346,11275059938136,790
11275060154068,11275060154716,648
11275060373074,11275060373853,779
11275060590754,11275060591376,622
11275060805870,11275060806641,771
11275061019480,11275061020097,617
11275061239428,11275061240252,824
11275061457808,11275061458424,616
11275061674390,11275061675200,810
11275061889250,11275061889893,643
11275062108670,11275062109491,821
11275062326361,11275062327012,651
11275062546641,11275062547439,798
11275062760569,11275062761207,638
11275062979005,11275062979834,829
11275063196810,11275063197467,657
11275063413919,11275063414672,753
11275063626841,11275063627455,614
11275063845282,11275063846059,777
11275064060534,11275064061219,685
11275064277268,11275064278077,809
11275064492346,11275064492969,623
11275064708367,11275064709197,830
11275064921713,11275064922390,677
11275065139472,11275065140271,799
11275065352176,11275065352785,609
11275065572011,11275065572849,838
11275065787933,11275065788618,685
11275066004645,11275066005454,809
11275066222220,11275066222878,658
11275066443702,11275066444516,814
11275066658502,11275066659125,623
11275066877231,11275066878043,812
11275067092134,11275067092811,677
11275067318716,11275067319536,820
11275067533547,11275067534177,630
11275067749060,11275067749858,798
11275067976422,11275067977057,635
11275068196275,11275068197056,781
11275068408158,11275068408799,641
11275068624642,11275068625395,753
11275068842164,11275068842794,630
11275069062278,11275069063096,818
11275069276257,11275069276916,659
11275069494780,11275069495611,831
11275069710943,11275069711651,708
11275069930459,11275069931274,815
11275070146107,11275070146789,682
11275070367128,11275070367913,785
11275070581470,11275070582145,675
11275070798863,11275070799671,808
11275071015293,11275071015934,641
11275071231857,11275071232642,785
11275071447600,11275071448238,638
11275071665566,11275071666333,767
11275071883248,11275071883862,614
11275072100012,11275072100767,755
11275072357330,11275072358019,689
11275072594960,11275072595891,931
11275072820297,11275072820901,604
11275073040677,11275073041467,790
11275073257242,11275073257882,640
11275073477030,11275073477828,798
11275073694772,11275073695406,634
11275073913803,11275073914587,784
11275074130729,11275074131342,613
11275074360850,11275074361630,780
11275074575836,11275074576441,605
11275074794394,11275074795162,768
11275075011489,11275075012140,651
11275075230847,11275075231662,815
11275075445227,11275075445896,669
11275075673375,11275075674211,836
11275075896908,11275075897568,660
11275076116283,11275076117069,786
11275076330890,11275076331618,728
11275076549424,11275076550231,807
11275076768328,11275076768968,640
11275076985503,11275076986283,780
11275077201221,11275077201861,640
11275077434516,11275077435306,790
11275077650177,11275077650828,651
11275077867756,11275077868566,810
11275078082340,11275078082939,599
11275078315907,11275078316671,764
11275078536772,11275078537390,618
11275078754427,11275078755225,798
11275078975488,11275078976138,650
11275079194346,11275079195136,790
11275079414857,11275079415471,614
11275079629274,11275079630043,769
11275079847567,11275079848201,634
11275080063638,11275080064412,774
11275080277449,11275080278094,645
11275080495481,11275080496260,779
11275080712235,11275080712886,651
11275080931353,11275080932134,781
11275081145595,11275081146190,595
11275081379574,11275081380333,759
11275081596403,11275081597045,642
11275081813063,11275081813848,785
11275082027972,11275082028602,630
11275082264634,11275082265451,817
11275082479735,11275082480412,677
11275082697557,11275082698350,793
11275082915135,11275082915798,663
11275083132233,11275083133036,803
11275083371056,11275083371698,642
11275083589935,11275083590709,774
11275083803859,11275083804491,632
11275084019204,11275084019984,780
11275084240268,11275084240883,615
11275084455751,11275084456523,772
11275084674461,11275084675126,665
11275084892364,11275084893136,772
11275085104953,11275085105611,658
11275085324260,11275085325040,780
11275085546717,11275085547382,665
11275085766102,11275085766898,796
11275085979798,11275085980467,669
11275086197783,11275086198579,796
11275086413276,11275086413950,674
11275086631796,11275086632589,793
11275086846064,11275086846686,622
11275087061808,11275087062588,780
11275087276468,11275087277097,629
11275087495921,11275087496684,763
11275087710086,11275087710720,634
11275087928509,11275087929293,784
11275088141732,11275088142337,605
11275088356691,11275088357477,786
11275088575978,11275088576583,605
11275088792985,11275088793713,728
11275089012988,11275089013633,645
11275089236396,11275089237199,803
11275089454218,11275089454815,597
11275089671460,11275089672246,786
11275089887782,11275089888405,623
11275090103567,11275090104378,811
11275090338985,11275090339591,606
11275090556249,11275090557020,771
11275090771289,11275090771910,621
11275090987659,11275090988417,758
11275091201749,11275091202330,581
11275091419937,11275091420731,794
11275091634458,11275091635060,602
11275091851301,11275091852072,771
11275092074868,11275092075540,672
11275092310141,11275092310947,806
11275092524913,11275092525545,632
11275092742138,11275092742945,807
11275092956973,11275092957601,628
11275093174870,11275093175670,800
11275093392745,11275093393395,650
11275093610023,11275093610808,785
11275093822986,11275093823610,624
11275094040853,11275094041626,773
11275094256252,11275094256849,597
11275094476231,11275094477000,769
11275094689626,11275094690246,620
11275094908004,11275094908770,766
11275095122972,11275095123546,574
11275095338479,11275095339270,791
11275095560459,11275095561132,673
11275095778796,11275095779589,793
11275095994910,11275095995556,646
11275096211722,11275096212504,782
11275096426456,11275096427088,632
11275096689866,11275096690640,774
11275096907915,11275096908548,633
11275097124344,11275097125154,810
11275097340643,11275097341249,606
11275097560818,11275097561579,761
11275097773140,11275097773789,649
11275097990219,11275097991010,791
11275098207343,11275098207952,609
11275098426784,11275098427520,736
11275098640551,11275098641178,627
11275098857925,11275098858709,784
11275099077611,11275099078284,673
11275099299029,11275099299803,774
11275099515355,11275099515996,641
11275099733814,11275099734564,750
11275099949238,11275099949869,631
11275100172073,11275100172805,732
11275100389052,11275100389691,639
11275100604876,11275100605660,784
11275100819985,11275100820625,640
11275101036856,11275101037592,736
11275101250915,11275101251524,609
11275101472463,11275101473214,751
11275101687901,11275101688552,651
11275101905379,11275101906138,759
11275102120622,11275102121248,626
11275102341573,11275102342353,780
11275102557382,11275102558026,644
11275102772798,11275102773515,717
11275102991012,11275102991635,623
11275103208855,11275103209608,753
11275103425529,11275103426137,608
11275103642532,11275103643268,736
11275103858988,11275103859579,591
11275104079726,11275104080506,780
11275104296808,11275104297434,626
11275104516478,11275104517241,763
11275104730185,11275104730837,652
11275104947869,11275104948666,797
11275105166765,11275105167377,612
11275105386806,11275105387600,794
11275105608311,11275105608983,672
11275105826614,11275105827435,821
11275106044647,11275106045268,621
11275106264315,11275106265116,801
11275106479707,11275106480308,601
11275106694461,11275106695265,804
11275106916820,11275106917504,684
11275107161967,11275107162899,932
11275107406565,11275107407291,726
11275107638379,11275107639265,886
11275107869232,11275107869963,731
11275108102244,11275108103128,884
11275108331302,11275108332041,739
11275108575984,11275108576818,834
11275108815824,11275108816549,725
11275109064516,11275109065372,856
11275109306469,11275109307176,707
11275109543008,11275109543854,846
11275109781867,11275109782685,818
11275110011440,11275110012288,848
11275110266796,11275110267479,683
11275110500201,11275110501020,819
11275110726406,11275110727123,717
11275110954573,11275110955432,859
11275111183852,11275111184570,718
11275111427636,11275111428491,855
11275111650872,11275111651624,752
11275111882019,11275111882881,862
11275112106081,11275112106749,668
11275112347928,11275112348817,889
11275112576380,11275112577132,752
11275112807606,11275112808429,823
11275113037576,11275113038242,666
11275113268605,11275113269445,840
11275113493731,11275113494456,725
11275113721266,11275113722113,847
11275113969785,11275113970524,739
11275114255393,11275114256272,879
11275114492338,11275114493031,693
11275114717301,11275114718118,817
11275114977165,11275114977857,692
11275115210158,11275115211039,881
11275115436146,11275115436841,695
11275115675182,11275115676035,853
11275115903984,11275115904681,697
11275116128863,11275116129629,766
11275116349018,11275116349675,657
11275116576048,11275116576813,765
11275116807139,11275116807957,818
11275117110759,11275117111650,891
11275117370048,11275117370707,659
11275117616012,11275117616848,836
11275117846409,11275117847138,729
11275118113501,11275118114378,877
11275118367871,11275118368576,705
11275118632942,11275118633815,873
11275118970187,11275118971200,1013
11275119284654,11275119285463,809
11275119577407,11275119578202,795
11275119824097,11275119824942,845
11275120169527,11275120170506,979
11275120629148,11275120631059,1911
11275121059623,11275121060864,1241
11275121438665,11275121439723,1058
11275121687088,11275121687769,681
11275121958887,11275121959851,964
11275122257196,11275122258030,834
11275122537139,11275122538181,1042
11275122891146,11275122892329,1183
11275123226963,11275123228035,1072
11275123516639,11275123517328,689
11275123802866,11275123803968,1102
11275124257484,11275124258762,1278
11275124772907,11275124774297,1390
11275125357927,11275125359483,1556
11275125961112,11275125962564,1452
11275126305193,11275126306048,855
11275126602398,11275126603460,1062
11275126841236,11275126841889,653
11275127069941,11275127070747,806
11275127304580,11275127305236,656
11275127523727,11275127524520,793
11275127742238,11275127742874,636
11275127963356,11275127964104,748
11275128181336,11275128181956,620
11275128402463,11275128403239,776
11275128617520,11275128618157,637
11275128838800,11275128839559,759
11275129071015,11275129071690,675
11275129314868,11275129315654,786
11275129535558,11275129536188,630
11275129754480,11275129755290,810
11275129970193,11275129970849,656
11275130206699,11275130207505,806
11275130425533,11275130426227,694
11275130644281,11275130645111,830
11275130862112,11275130862809,697
11275131080970,11275131081841,871
11275131310615,11275131311306,691
11275131532453,11275131533254,801
11275131791915,11275131792760,845
11275132134968,11275132136424,1456
11275132504768,11275132505765,997
11275132819790,11275132821381,1591
11275133099915,11275133100620,705
11275133398359,11275133399280,921
11275133637033,11275133637777,744
11275133896878,11275133897723,845
11275134154820,11275134155513,693
11275134431267,11275134432124,857
11275134665819,11275134666555,736
11275134900843,11275134901627,784
11275135129352,11275135129969,617
11275135365904,11275135366807,903
11275135636960,11275135637909,949
11275135878703,11275135879546,843
11275136116402,11275136117210,808
11275136346113,11275136346956,843
11275136567781,11275136568450,669
11275136789264,11275136790116,852
11275137010082,11275137010753,671
11275137244901,11275137245721,820
11275137465824,11275137466505,681
11275137690821,11275137691645,824
11275137913690,11275137914321,631
11275138143014,11275138143854,840
11275138378395,11275138379061,666
11275138602922,11275138603724,802
11275138824425,11275138825030,605
11275139072225,11275139073045,820
11275139297310,11275139297998,688
11275139628900,11275139629822,922
11275139877731,11275139878461,730
11275140117644,11275140118546,902
11275140349515,11275140350257,742
11275140580491,11275140581372,881
11275140807507,11275140808214,707
11275141040823,11275141041673,850
11275141271522,11275141272221,699
11275141502532,11275141503374,842
11275141731086,11275141731815,729
11275141963427,11275141964225,798
11275142230277,11275142231173,896
11275142587881,11275142588827,946
11275142883101,11275142883788,687
11275143138791,11275143139679,888
11275143374856,11275143375544,688
11275143606566,11275143607374,808
11275143847027,11275143847763,736
11275144079568,11275144080455,887
11275144333863,11275144334608,745
11275144575686,11275144576554,868
11275144820740,11275144821434,694
11275145047363,11275145048153,790
11275145275135,11275145275825,690
11275145502846,11275145503657,811
11275145775215,11275145775923,708
11275146005015,11275146005825,810
11275146231599,11275146232276,677
11275146460402,11275146461262,860
11275146701888,11275146702641,753
11275146930628,11275146931445,817
11275147157351,11275147158033,682
11275147386798,11275147387637,839
11275147612758,11275147613431,673
11275147838329,11275147839144,815
11275148064606,11275148065286,680
11275148316484,11275148317414,930
11275148547043,11275148547764,721
11275148778129,11275148778994,865
11275149065825,11275149066518,693
11275149329857,11275149330721,864
11275149557201,11275149557922,721
11275149784706,11275149785501,795
11275150010696,11275150011359,663
11275150238676,11275150239512,836
11275150463951,11275150464638,687
11275150692720,11275150693512,792
11275150921226,11275150921833,607
11275151144245,11275151144995,750
11275151370441,11275151371121,680
11275151597075,11275151597908,833
11275151824928,11275151825555,627
11275152052551,11275152053339,788
11275152287788,11275152288468,680
11275152517544,11275152518399,855
11275152747999,11275152748667,668
11275152980331,11275152981138,807
11275153205509,11275153206168,659
11275153434459,11275153435231,772
11275153659085,11275153659743,658
11275153889235,11275153890040,805
11275154116575,11275154117238,663
11275154344096,11275154344921,825
11275154569700,11275154570426,726
11275154799455,11275154800276,821
11275155023645,11275155024338,693
11275155262038,11275155262831,793
11275155488473,11275155489119,646
11275155730718,11275155731554,836
11275155980712,11275155981404,692
11275156217278,11275156218127,849
11275156461434,11275156462079,645
11275156688617,11275156689427,810
11275156918397,11275156919030,633
11275157144571,11275157145409,838
11275157371556,11275157372151,595
11275157600960,11275157601770,810
11275157824813,11275157825491,678
11275158053892,11275158054706,814
11275158280484,11275158281155,671
11275158509537,11275158510294,757
11275158732707,11275158733384,677
11275158975674,11275158976790,1116
11275159207242,11275159207918,676
11275159437729,11275159438557,828
11275159660878,11275159661559,681
11275159887733,11275159888541,808
11275160118802,11275160119436,634
11275160345079,11275160345898,819
11275160569226,11275160569902,676
11275160798586,11275160799400,814
11275161025973,11275161026741,768
11275161254180,11275161255015,835
11275161478631,11275161479333,702
11275161712402,11275161713228,826
11275161939219,11275161939838,619
11275162168197,11275162168978,781
11275162402143,11275162402817,674
11275162630414,11275162631254,840
11275162855787,11275162856446,659
11275163084331,11275163085161,830
11275163310642,11275163311338,696
11275163538489,11275163539314,825
11275163762716,11275163763380,664
11275163987834,11275163988619,785
11275164216160,11275164216796,636
11275164444070,11275164444853,783
11275164670002,11275164670640,638
11275164898610,11275164899402,792
11275165125901,11275165126539,638
11275165355235,11275165356006,771
11275165593380,11275165594064,684
11275165824446,11275165825212,766
11275166050290,11275166050920,630
11275166294509,11275166295341,832
11275166520117,11275166520764,647
11275166803960,11275166804757,797
11275167029759,11275167030409,650
11275167260992,11275167261806,814
11275167487972,11275167488616,644
11275167716594,11275167717403,809
11275167938553,11275167939216,663
11275168168648,11275168169490,842
11275168397967,11275168398640,673
11275168624867,11275168625626,759
11275168850639,11275168851273,634
11275169090745,11275169091522,777
11275169325896,11275169326563,667
11275169555286,11275169556096,810
11275169780403,11275169781086,683
11275170008067,11275170008863,796
11275170239279,11275170239913,634
11275170464395,11275170465202,807
11275170690825,11275170691508,683
11275170923335,11275170924161,826
11275171149458,11275171150106,648
11275171378103,11275171378898,795
11275171604360,11275171605056,696
11275171833222,11275171834033,811
11275172067433,11275172068130,697
11275172310365,11275172311218,853
11275172535961,11275172536655,694
11275172764829,11275172765642,813
11275172989908,11275172990573,665
11275173220125,11275173220978,853
11275173447660,11275173448345,685
11275173676926,11275173677731,805
11275173900632,11275173901309,677
11275174130754,11275174131579,825
11275174358675,11275174359385,710
11275174584398,11275174585214,816
11275174811883,11275174812577,694
11275175037726,11275175038525,799
11275175262911,11275175263611,700
11275175496585,11275175497363,778
11275175727854,11275175728561,707
11275175957363,11275175958213,850
11275176185009,11275176185693,684
11275176418592,11275176419376,784
11275176645331,11275176646006,675
11275176874120,11275176874891,771
11275177096953,11275177097629,676
11275177324030,11275177324808,778
11275177555498,11275177556141,643
11275177782664,11275177783484,820
11275178006374,11275178007052,678
11275178235720,11275178236550,830
11275178475513,11275178476239,726
11275178704466,11275178705314,848
11275178940685,11275178941383,698
11275179196231,11275179197065,834
11275179422430,11275179423103,673
11275179650722,11275179651535,813
11275179874780,11275179875441,661
11275180103250,11275180104075,825
11275180327269,11275180327929,660
11275180552633,11275180553365,732
11275180780326,11275180780966,640
11275181007754,11275181008527,773
11275181231898,11275181232592,694
11275181461420,11275181462231,811
11275181689273,11275181689964,691
11275181917422,11275181918223,801
11275182143930,11275182144595,665
11275182398843,11275182399684,841
11275182628824,11275182629518,694
11275182857532,11275182858354,822
11275183082291,11275183082973,682
11275183307302,11275183308106,804
11275183534001,11275183534664,663
11275183759701,11275183760498,797
11275183983731,11275183984375,644
11275184211323,11275184212106,783
11275184434889,11275184435531,642
11275184668867,11275184669698,831
11275184894146,11275184894814,668
11275185120445,11275185121218,773
11275185343542,11275185344149,607
11275185583228,11275185584074,846
11275185812786,11275185813450,664
11275186042679,11275186043478,799
11275186267553,11275186268230,677
11275186496316,11275186497093,777
11275186720731,11275186721372,641
11275186948962,11275186949757,795
11275187172859,11275187173545,686
11275187406174,11275187406974,800
11275187634241,11275187634908,667
11275187860160,11275187860985,825
11275188085793,11275188086472,679
11275188318573,11275188319395,822
11275188545483,11275188546139,656
11275188777057,11275188777864,807
11275189010983,11275189011685,702
11275189239829,11275189240622,793
11275189466787,11275189467444,657
11275189697527,11275189698317,790
11275189946908,11275189947894,986
11275190176986,11275190177835,849
11275190404866,11275190405519,653
11275190630612,11275190631450,838
11275190853927,11275190854571,644
11275191082477,11275191083309,832
11275191307648,11275191308325,677
11275191534010,11275191534817,807
11275191757689,11275191758357,668
11275191985895,11275191986703,808
11275192215824,11275192216753,929
11275192448508,11275192449313,805
11275192674742,11275192675428,686
11275192899504,11275192900337,833
11275193123480,11275193124145,665
11275193351173,11275193351968,795
11275193578146,11275193578795,649
11275193802731,11275193803561,830
11275194028823,11275194029495,672
11275194261555,11275194262347,792
11275194489049,11275194489718,669
11275194714849,11275194715669,820
11275194937050,11275194937691,641
11275195162084,11275195162894,810
11275195393704,11275195394345,641
11275195627169,11275195627981,812
11275195854834,11275195855526,692
11275196081866,11275196082664,798
11275196312143,11275196312777,634
11275196538326,11275196539131,805
11275196764248,11275196764889,641
11275196989043,11275196989862,819
11275197219459,11275197220109,650
11275197453942,11275197454732,790
11275197678529,11275197679197,668
11275197905562,11275197906350,788
11275198130071,11275198130723,652
11275198357124,11275198357924,800
11275198580617,11275198581243,626
11275198806454,11275198807201,747
11275199039991,11275199040679,688
11275199273566,11275199274388,822
11275199502089,11275199502767,678
11275199728396,11275199729201,805
11275199955623,11275199956281,658
11275200188208,11275200188979,771
11275200414384,11275200415020,636
11275200641775,11275200642590,815
11275200868440,11275200869091,651
11275201093590,11275201094409,819
11275201329468,11275201330096,628
11275201556346,11275201557149,803
11275201783420,11275201784059,639
11275202010923,11275202011727,804
11275202242191,11275202242816,625
11275202480620,11275202481388,768
11275202710893,11275202711500,607
11275202937567,11275202938383,816
11275203160988,11275203161611,623
11275203391121,11275203391866,745
11275203615801,11275203616414,613
11275203842354,11275203843141,787
11275204066240,11275204066805,565
11275204291946,11275204292712,766
11275204518556,11275204519152,596
11275204745331,11275204746113,782
11275204969125,11275204969760,635
11275205199756,11275205200540,784
11275205425460,11275205426104,644
11275205661878,11275205662712,834
11275205889997,11275205890673,676
11275206115574,11275206116381,807
11275206344616,11275206345262,646
11275206573516,11275206574341,825
11275206798033,11275206798693,660
11275207021669,11275207022491,822
11275207249509,11275207250182,673
11275207480312,11275207481117,805
11275207705133,11275207705784,651
11275207930484,11275207931266,782
11275208157295,11275208157927,632
11275208384760,11275208385580,820
11275208610067,11275208610666,599
11275208834035,11275208834809,774
11275209074981,11275209075641,660
11275209303664,11275209304431,767
11275209530428,11275209531054,626
11275209755670,11275209756480,810
11275209979827,11275209980438,611
11275210206592,11275210207418,826
11275210431217,11275210431890,673
11275210661361,11275210662122,761
11275210889282,11275210889915,633
11275211116917,11275211117700,783
11275211342470,11275211343086,616
11275211571237,11275211572028,791
11275211796052,11275211796705,653
11275212020590,11275212021384,794
11275212255298,11275212255984,686
11275212485496,11275212486304,808
11275212712725,11275212713383,658
11275212938170,11275212938962,792
11275213165471,11275213166136,665
11275213392172,11275213392967,795
11275213638565,11275213639179,614
11275213844847,11275213845569,722
11275214050549,11275214051156,607
11275214257505,11275214258227,722
11275214465874,11275214466454,580
11275214673607,11275214674319,712
11275214878181,11275214878772,591
11275215085671,11275215086377,706
11275215292439,11275215293001,562
11275215501771,11275215502465,694
11275215772351,11275215773027,676
11275216001644,11275216002428,784
11275216226549,11275216227196,647
11275216456883,11275216457678,795
11275216682064,11275216682715,651
11275216908375,11275216909164,789
11275217133859,11275217134507,648
11275217360132,11275217360929,797
11275217585957,11275217586588,631
11275217815027,11275217815808,781
11275218039484,11275218040125,641
11275218266235,11275218267052,817
11275218492000,11275218492652,652
11275218718089,11275218718893,804
11275218955544,11275218956204,660
11275219198096,11275219198806,710
11275219403751,11275219404327,576
11275219612885,11275219613588,703
11275219819698,11275219820283,585
11275220027156,11275220027862,706
11275220233419,11275220233996,577
11275220443554,11275220444253,699
11275220650538,11275220651106,568
11275220861058,11275220861774,716
11275221068019,11275221068585,566
11275221276980,11275221277687,707
11275221484343,11275221484911,568
11275221690808,11275221691512,704
11275221895404,11275221895974,570
11275222103465,11275222104131,666
11275222399925,11275222400546,621
11275222610373,11275222611143,770
11275222817456,11275222818066,610
11275223027093,11275223027825,732
11275223233537,11275223234128,591
11275223493764,11275223494530,766
11275223705560,11275223706182,622
11275223913080,11275223913857,777
11275224118852,11275224119439,587
11275224328810,11275224329539,729
11275224589581,11275224590200,619
11275224816477,11275224817289,812
11275225042413,11275225043102,689
11275225271455,11275225272247,792
11275225496950,11275225497631,681
11275225754708,11275225755461,753
11275225964550,11275225965156,606
11275226171702,11275226172438,736
11275226433310,11275226433957,647
11275226682371,11275226683088,717
11275226889121,11275226889719,598
11275227096082,11275227096779,697
11275227303063,11275227303648,585
11275227510656,11275227511382,726
11275227715362,11275227715935,573
11275227925322,11275227926031,709
11275228129243,11275228129818,575
11275228339028,11275228339741,713
11275228544647,11275228545249,602
11275228751603,11275228752324,721
11275229037686,11275229038329,643
11275229251392,11275229252161,769
11275229457278,11275229457889,611
11275229668376,11275229669082,706
11275229875707,11275229876328,621
11275230085443,11275230086157,714
11275230291531,11275230292119,588
11275230499045,11275230499764,719
11275230707087,11275230707704,617
11275230914192,11275230914883,691
11275231122662,11275231123264,602
11275231331791,11275231332483,692
11275231537597,11275231538183,586
11275231790141,11275231790826,685
11275231995453,11275231996021,568
11275232203880,11275232204601,721
11275232504564,11275232505139,575
11275232712153,11275232712924,771
11275232917779,11275232918406,627
11275233126965,11275233127693,728
11275233332894,11275233333499,605
11275233542712,11275233543440,728
11275233747868,11275233748472,604
11275233957401,11275233958131,730
11275234162913,11275234163538,625
11275234372296,11275234373001,705
11275234576663,11275234577277,614
11275234784857,11275234785572,715
11275234990347,11275234990931,584
11275235198583,11275235199330,747
11275235403968,11275235404542,574
11275235690168,11275235690934,766
11275235899171,11275235899819,648
11275236109815,11275236110528,713
11275236314722,11275236315294,572
11275236521353,11275236522076,723
11275236726876,11275236727478,602
11275236934766,11275236935489,723
11275237141572,11275237142162,590
11275237350168,11275237350906,738
11275237554543,11275237555161,618
11275237818507,11275237819324,817
11275238050169,11275238050833,664
11275238276534,11275238277344,810
11275238505416,11275238506050,634
11275238733513,11275238734333,820
11275238972055,11275238972731,676
11275239199648,11275239200490,842
11275239427259,11275239427952,693
11275239655743,11275239656548,805
11275239884736,11275239885397,661
11275240113844,11275240114644,800
11275240342819,11275240343488,669
11275240578896,11275240579760,864
11275240810928,11275240811659,731
11275241046920,11275241047769,849
11275241275007,11275241275628,621
11275241507693,11275241508509,816
11275241733219,11275241733885,666
11275241970706,11275241971549,843
11275242194694,11275242195336,642
11275242435519,11275242436344,825
11275242662838,11275242663513,675
11275242892465,11275242893328,863
11275243120566,11275243121243,677
11275243351695,11275243352504,809
11275243580917,11275243581555,638
11275243809650,11275243810390,740
11275244042601,11275244043193,592
11275244271190,11275244272001,811
11275244515396,11275244516040,644
11275244745101,11275244745907,806
11275244971648,11275244972288,640
11275245205915,11275245206741,826
11275245434956,11275245435616,660
11275245677336,11275245678237,901
11275245909015,11275245909696,681
11275246143499,11275246144286,787
11275246371933,11275246372615,682
11275246604946,11275246605783,837
11275246838265,11275246838887,622
11275247089785,11275247090626,841
11275247319947,11275247320608,661
11275247554241,11275247555022,781
11275247787906,11275247788555,649
11275248029477,11275248030256,779
11275248283061,11275248283767,706
11275248516128,11275248516931,803
11275248745770,11275248746458,688
11275249017510,11275249018274,764
11275249315705,11275249316314,609
11275249600992,11275249601727,735
11275249886862,11275249887471,609
11275250173763,11275250174472,709
11275250436409,11275250437055,646
11275250666431,11275250667198,767
11275250891861,11275250892531,670
11275251120677,11275251121486,809
11275251344831,11275251345505,674
11275251572933,11275251573737,804
11275251801455,11275251802134,679
11275252030055,11275252030874,819
11275252268540,11275252269262,722
11275252509323,11275252510158,835
11275252765553,11275252766228,675
11275252997906,11275252998708,802
11275253221795,11275253222494,699
11275253456520,11275253457327,807
11275253687601,11275253688255,654
11275253914314,11275253915124,810
11275254140344,11275254141017,673
11275254370019,11275254370834,815
11275254595192,11275254595849,657
11275254857648,11275254858491,843
11275255176158,11275255176887,729
11275255437467,11275255438425,958
11275255699749,11275255700605,856
11275255955684,11275255956468,784
11275256353694,11275256354638,944
11275256792639,11275256793985,1346
11275257221568,11275257222597,1029
11275257673248,11275257677389,4141
11275258107822,11275258108983,1161
11275258541993,11275258543146,1153
11275258970903,11275258971894,991
11275259385143,11275259386374,1231
11275259798550,11275259799488,938
11275260211737,11275260212956,1219
11275260635838,11275260636891,1053
11275261053323,11275261054512,1189
11275261469234,11275261470104,870
11275262024083,11275262025247,1164
11275262779205,11275262780029,824
11275263173286,11275263174536,1250
11275263573840,11275263574661,821
11275263968591,11275263969744,1153
11275264365366,11275264366357,991
11275264782553,11275264783810,1257
11275265178108,11275265179069,961
11275265588209,11275265589462,1253
11275265988770,11275265989687,917
11275266404151,11275266405385,1234
11275266799793,11275266800695,902
11275267205774,11275267206964,1190
11275267629105,11275267630173,1068
11275268032814,11275268034034,1220
11275268435841,11275268436858,1017
11275268832569,11275268833625,1056
11275269376177,11275269377470,1293
11275269852681,11275269853762,1081
11275270227033,11275270227979,946
11275270640104,11275270641126,1022
11275271041064,11275271042125,1061
11275271448537,11275271449690,1153
11275271853105,11275271854134,1029
11275272278343,11275272279366,1023
11275272580163,11275272581014,851
11275272855818,11275272856699,881
11275273074993,11275273075678,685
11275273283650,11275273284441,791
11275273493210,11275273493904,694
11275273703851,11275273704647,796
11275273909831,11275273910449,618
11275274119797,11275274120567,770
11275274324750,11275274325334,584
11275274530025,11275274530782,757
11275274738521,11275274739094,573
11275274944746,11275274945488,742
11275275147008,11275275147599,591
11275275356514,11275275357274,760
11275275571014,11275275571676,662
11275275786614,11275275787357,743
11275275995367,11275275995931,564
11275276203058,11275276203859,801
11275276408431,11275276409084,653
11275276618812,11275276619587,775
11275276824852,11275276825485,633
11275277030100,11275277030830,730
11275277236850,11275277237417,567
11275277444195,11275277445003,808
11275277648127,11275277648722,595
11275277856453,11275277857237,784
11275278060634,11275278061237,603
11275278265945,11275278266679,734
11275278473726,11275278474323,597
11275278680312,11275278681066,754
11275278895324,11275278896008,684
11275279107795,11275279108593,798
11275279332926,11275279333557,631
11275279542895,11275279543714,819
11275279751801,11275279752445,644
11275279970709,11275279971523,814
11275280182784,11275280183456,672
11275280403513,11275280404296,783
11275280607765,11275280608402,637
11275280819624,11275280820444,820
11275281028372,11275281028997,625
11275281238630,11275281239407,777
11275281447562,11275281448143,581
11275281657897,11275281658653,756
11275281862862,11275281863467,605
11275282082386,11275282083226,840
11275282297694,11275282298330,636
11275282516805,11275282517584,779
11275282725419,11275282726066,647
11275282933313,11275282934129,816
11275283135736,11275283136379,643
11275283364099,11275283364896,797
11275283568655,11275283569262,607
11275283773703,11275283774495,792
11275283981326,11275283981944,618
11275284450017,11275284450821,804
11275284660334,11275284660906,572
11275284870118,11275284870889,771
11275285075398,11275285076066,668
11275285280930,11275285281681,751
11275285489141,11275285489742,601
11275285705532,11275285706303,771
11275285916150,11275285916736,586
11275286124651,11275286125393,742
11275286328933,11275286329548,615
11275286537029,11275286537819,790
11275286742187,11275286742755,568
11275286948325,11275286949142,817
11275287154636,11275287155236,600
11275287360224,11275287360976,752
11275287562493,11275287563059,566
11275287771493,11275287772286,793
11275287973233,11275287973836,603
11275288178355,11275288179152,797
11275288384818,11275288385461,643
11275288595962,11275288596723,761
11275288800248,11275288800794,546
11275289018566,11275289019406,840
11275289243222,11275289243835,613
11275289450006,11275289450762,756
11275289658219,11275289658828,609
11275289863944,11275289864696,752
11275290067084,11275290067688,604
11275290280204,11275290280988,784
11275290483729,11275290484336,607
11275290689432,11275290690175,743
11275290896382,11275290897034,652
11275291101609,11275291102379,770
11275291308615,11275291309222,607
11275291517596,11275291518354,758
11275291721341,11275291721943,602
11275291927175,11275291927928,753
11275292133513,11275292134146,633
11275292352320,11275292353053,733
11275292563810,11275292564447,637
11275292769755,11275292770509,754
11275292975325,11275292975923,598
11275293185577,11275293186350,773
11275293391575,11275293392180,605
11275293598223,11275293598995,772
11275293809147,11275293809802,655
11275294017527,11275294018285,758
11275294223548,11275294224107,559
11275294434378,11275294435150,772
11275294638920,11275294639562,642
11275294844246,11275294845013,767
11275295050666,11275295051299,633
11275295262321,11275295263109,788
11275295466340,11275295466918,578
11275295684630,11275295685402,772
11275295893655,11275295894296,641
11275296100321,11275296101098,777
11275296311823,11275296312414,591
11275296517982,11275296518732,750
11275296722362,11275296722947,585
11275296932390,11275296933145,755
11275297136389,11275297136984,595
11275297342959,11275297343742,783
11275297550485,11275297551079,594
11275297756121,11275297756877,756
11275297960441,11275297961046,605
11275298171030,11275298171807,777
11275298374868,11275298375458,590
11275298580859,11275298581618,759
11275298789307,11275298789928,621
11275299005690,11275299006507,817
11275299217507,11275299218184,677
11275299423991,11275299424738,747
11275299627777,11275299628372,595
11275299836044,11275299836874,830
11275300039987,11275300040573,586
11275300484683,11275300485421,738
11275300696943,11275300697586,643
11275300901293,11275300902013,720
11275301106796,11275301107380,584
11275301315546,11275301316269,723
11275301520047,11275301520671,624
11275301725988,11275301726740,752
11275301933595,11275301934191,596
11275302139677,11275302140442,765
11275302347609,11275302348253,644
11275302562823,11275302563523,700
11275302766703,11275302767363,660
11275302971921,11275302972705,784
11275303179233,11275303179858,625
11275303385325,11275303386104,779
11275303599120,11275303599767,647
11275303814482,11275303815252,770
11275304023823,11275304024423,600
11275304230825,11275304231597,772
11275304437623,11275304438279,656
11275304643676,11275304644461,785
11275304848269,11275304848916,647
11275305058148,11275305058968,820
11275305261924,11275305262597,673
11275305465812,11275305466585,773
11275305678013,11275305678675,662
11275305885853,11275305886603,750
11275306093470,11275306094091,621
11275306312185,11275306312945,760
11275306514741,11275306515327,586
11275306723454,11275306724201,747
11275306928459,11275306929112,653
11275307132831,11275307133581,750
11275307354492,11275307355120,628
11275307560732,11275307561467,735
11275307763525,11275307764109,584
11275307972200,11275307972983,783
11275308175883,11275308176504,621
11275308384402,11275308385157,755
11275308591780,11275308592389,609
11275308796611,11275308797373,762
11275309004818,11275309005444,626
11275309229150,11275309229897,747
11275309434004,11275309434622,618
11275309637819,11275309638584,765
11275309843840,11275309844436,596
11275310049546,11275310050300,754
11275310251224,11275310251845,621
11275310464434,11275310465204,770
11275310668397,11275310669028,631
11275310871713,11275310872434,721
11275311078951,11275311079575,624
11275311288668,11275311289462,794
11275311490264,11275311490858,594
11275311699184,11275311699991,807
11275311902468,11275311903084,616
11275312106978,11275312107728,750
11275312345451,11275312346143,692
11275312552215,11275312553005,790
11275312759320,11275312759938,618
11275312963375,11275312964109,734
11275313165973,11275313166567,594
11275313374500,11275313375269,769
11275313578689,11275313579316,627
11275313782744,11275313783487,743
11275313990020,11275313990631,611
11275314195222,11275314195984,762
11275314413647,11275314414254,607
11275314622832,11275314623609,777
11275314825627,11275314826235,608
11275315029851,11275315030623,772
11275315237048,11275315237607,559
11275315441711,11275315442421,710
11275315649661,11275315650302,641
11275315860168,11275315860967,799
11275316065342,11275316065982,640
11275316271371,11275316272137,766
11275316478539,11275316479220,681
11275316912689,11275316913491,802
11275317122999,11275317123648,649
11275317331909,11275317332717,808
11275317535233,11275317535860,627
11275317739342,11275317740110,768
11275317946090,11275317946767,677
11275318152234,11275318152996,762
11275318355550,11275318356143,593
11275318563994,11275318564805,811
11275318768066,11275318768685,619
11275318979860,11275318980674,814
11275319196270,11275319196944,674
11275319405683,11275319406495,812
11275319612039,11275319612690,651
11275319818979,11275319819781,802
11275320021808,11275320022416,608
11275320231172,11275320231991,819
11275320435228,11275320435831,603
11275320640288,11275320641061,773
11275320847077,11275320847681,604
11275321053309,11275321054087,778
11275321262389,11275321262999,610
11275321471078,11275321471839,761
11275321674893,11275321675485,592
11275321879592,11275321880355,763
11275322087964,11275322088556,592
11275322323541,11275322324338,797
11275322527378,11275322528007,629
11275322741757,11275322742540,783
11275322945522,11275322946110,588
11275323149813,11275323150572,759
11275323359787,11275323360412,625
11275323564831,11275323565551,720
11275323766953,11275323767550,597
11275323975590,11275323976383,793
11275324178252,11275324178826,574
11275324387515,11275324388274,759
11275324595146,11275324595789,643
11275324805872,11275324806632,760
11275325008907,11275325009533,626
11275325218616,11275325219370,754
11275325422433,11275325423017,584
11275325644116,11275325644912,796
11275325855684,11275325856371,687
11275326062184,11275326062938,754
11275326293734,11275326294345,611
11275326503560,11275326506474,2914
11275326711571,11275326712199,628
11275326927185,11275326927995,810
11275327130948,11275327134103,3155
11275327355638,11275327356397,759
11275327557871,11275327558500,629
11275327763498,11275327764323,825
11275327968452,11275327969126,674
11275328172968,11275328173799,831
11275328393968,11275328394612,644
11275328600755,11275328601525,770
11275328803188,11275328803825,637
11275329015566,11275329016364,798
11275329240760,11275329241452,692
11275329447149,11275329447903,754
11275329653080,11275329653706,626
11275329860416,11275329861176,760
11275330062070,11275330062670,600
11275330267942,11275330268735,793
11275330472891,11275330473533,642
11275330676823,11275330677570,747
11275330878537,11275330879141,604
11275331087462,11275331088216,754
11275331303563,11275331304174,611
11275331505970,11275331506750,780
11275331710652,11275331711245,593
11275331913730,11275331914487,757
11275332114238,11275332114836,598
11275332350489,11275332351223,734
11275332555780,11275332556468,688
11275332760237,11275332760961,724
11275332966793,11275332967392,599
11275333176838,11275333177562,724
11275333384580,11275333385171,591
11275333602123,11275333602918,795
11275333815665,11275333816290,625
11275334033520,11275334034309,789
11275334244240,11275334244894,654
11275334460367,11275334461159,792
11275334678815,11275334679419,604
11275334892869,11275334893645,776
11275335107248,11275335107851,603
11275335325071,11275335325874,803
11275335545801,11275335546490,689
11275335764445,11275335765194,749
11275335979205,11275335979884,679
11275336193951,11275336194725,774
11275336417388,11275336418015,627
11275336632412,11275336633185,773
11275336848179,11275336848800,621
11275337063461,11275337064224,763
11275337282263,11275337282887,624
11275337496804,11275337497535,731
11275337711876,11275337712497,621
11275337929037,11275337929784,747
11275338141810,11275338142444,634
11275338373436,11275338374217,781
11275338587145,11275338587770,625
11275338811685,11275338812482,797
11275339032601,11275339033245,644
11275339258240,11275339258993,753
11275339475000,11275339475611,611
11275339695366,11275339696134,768
11275339917230,11275339917869,639
11275340138985,11275340139741,756
11275340357167,11275340357783,616
11275340576531,11275340577302,771
11275340800110,11275340800756,646
11275341016024,11275341016816,792
11275341228603,11275341229207,604
11275341443016,11275341443763,747
11275341660428,11275341661024,596
11275341875281,11275341876016,735
11275342088770,11275342089352,582
11275342308768,11275342309544,776
11275342525903,11275342526504,601
11275342742956,11275342743727,771
11275342960307,11275342960952,645
11275343175585,11275343176305,720
11275343391208,11275343391812,604
11275343610310,11275343611050,740
11275343823298,11275343823905,607
11275344038367,11275344039111,744
11275344264225,11275344264873,648
11275344479366,11275344480126,760
11275344693784,11275344694357,573
11275344911020,11275344911802,782
11275345125415,11275345126038,623
11275345341931,11275345342679,748
11275345565923,11275345566555,632
11275345784000,11275345784785,785
11275345998608,11275345999196,588
11275346227081,11275346227827,746
11275346450833,11275346451440,607
11275346670681,11275346671395,714
11275346888021,11275346888646,625
11275347106827,11275347107555,728
11275347324363,11275347324971,608
11275347544429,11275347545155,726
11275347762993,11275347763566,573
11275347982928,11275347983701,773
11275348205887,11275348206428,541
11275348474772,11275348475578,806
11275348715845,11275348716487,642
11275348956330,11275348957127,797
11275349196406,11275349197087,681
11275349424069,11275349424910,841
11275349653882,11275349654522,640
11275349906434,11275349907274,840
11275350171744,11275350172502,758
11275350424775,11275350425626,851
11275350680434,11275350681092,658
11275350939900,11275350940758,858
11275351180854,11275351181564,710
11275351444126,11275351444958,832
11275351687238,11275351687907,669
11275351934011,11275351934901,890
11275352176763,11275352177462,699
11275352432408,11275352433272,864
11275352678133,11275352678817,684
11275352925898,11275352926747,849
11275353171508,11275353172185,677
11275353417824,11275353418712,888
11275353663227,11275353663933,706
11275353912385,11275353913273,888
11275354157188,11275354157877,689
11275354401435,11275354402321,886
11275354649066,11275354649787,721
11275354891624,11275354892531,907
11275355136713,11275355137416,703
11275355382706,11275355383629,923
11275355636091,11275355636800,709
11275355883773,11275355884594,821
11275356127702,11275356128391,689
11275356373213,11275356374068,855
11275356616809,11275356617504,695
11275356861066,11275356861920,854
11275357105557,11275357106260,703
11275357355865,11275357356741,876
11275357596433,11275357597136,703
11275357840496,11275357841356,860
11275358084394,11275358085087,693
11275358329360,11275358330267,907
11275358584319,11275358585021,702
11275358830019,11275358830856,837
11275359082621,11275359083311,690
11275359337447,11275359338300,853
11275359580981,11275359581632,651
11275359826122,11275359826970,848
11275360075247,11275360075965,718
11275360332949,11275360333818,869
11275360576751,11275360577439,688
11275360822634,11275360823535,901
11275361064682,11275361065372,690
11275361313091,11275361313960,869
11275361556029,11275361556723,694
11275361802476,11275361803319,843
11275362044677,11275362045383,706
11275362300938,11275362301837,899
11275362545789,11275362546509,720
11275362788994,11275362789840,846
11275363034477,11275363035159,682
11275363282728,11275363283552,824
11275363526554,11275363527253,699
11275363772645,11275363773522,877
11275364016891,11275364017596,705
11275364263753,11275364264638,885
11275364508107,11275364508792,685
11275364751684,11275364752573,889
11275364993676,11275364994386,710
11275365243865,11275365244728,863
11275365485778,11275365486431,653
11275365736243,11275365737125,882
11275365980862,11275365981533,671
11275366228437,11275366229338,901
11275366469785,11275366470459,674
11275366716555,11275366717422,867
11275366960557,11275366961230,673
11275367205814,11275367206683,869
11275367452641,11275367453333,692
11275367696234,11275367697095,861
11275367984273,11275367984980,707
11275368232034,11275368232887,853
11275368477603,11275368478340,737
11275368722666,11275368723520,854
11275368978024,11275368978711,687
11275369223555,11275369224399,844
11275369465992,11275369466685,693
11275369716704,11275369717602,898
11275369961583,11275369962309,726
11275370204952,11275370205829,877
11275370447043,11275370447764,721
11275370698261,11275370699138,877
11275370938720,11275370939414,694
11275371205081,11275371205962,881
11275371446755,11275371447484,729
11275371694404,11275371695280,876
11275371936242,11275371936948,706
11275372182524,11275372183411,887
11275372431638,11275372432347,709
11275372678147,11275372679028,881
11275372922195,11275372922927,732
11275373169070,11275373169959,889
11275373414112,11275373414793,681
11275373658741,11275373659628,887
11275373905846,11275373906568,722
11275374152556,11275374153427,871
11275374403365,11275374404081,716
11275374646287,11275374647144,857
11275374889723,11275374890440,717
11275375135524,11275375136425,901
11275375385241,11275375385958,717
11275375637424,11275375638282,858
11275375884326,11275375885051,725
11275376134178,11275376135048,870
11275376379266,11275376379975,709
11275376623157,11275376624028,871
11275376868986,11275376869715,729
11275377115250,11275377116147,897
11275377362662,11275377363353,691
11275377612957,11275377613846,889
11275377857575,11275377858311,736
11275378101649,11275378102548,899
11275378355424,11275378356152,728
11275378599571,11275378600433,862
11275378842119,11275378842829,710
11275379094588,11275379095502,914
11275379339443,11275379340127,684
11275379589512,11275379590400,888
11275379830995,11275379831697,702
11275380076712,11275380077583,871
11275380321460,11275380322153,693
11275380568810,11275380569701,891
11275380813013,11275380813753,740
11275381059005,11275381059892,887
11275381302493,11275381303243,750
11275381549925,11275381550794,869
11275381794760,11275381795503,743
11275382037592,11275382038485,893
11275382290262,11275382290988,726
11275382536898,11275382537822,924
11275382781918,11275382782593,675
11275383034079,11275383034963,884
11275383278267,11275383279003,736
11275383520442,11275383521334,892
11275383764677,11275383765410,733
11275384015600,11275384016513,913
11275384259843,11275384260580,737
11275384517683,11275384518565,882
11275384762402,11275384763134,732
11275385010031,11275385010968,937
11275385253310,11275385254043,733
11275385496762,11275385497672,910
11275385745398,11275385746149,751
11275385994480,11275385995376,896
11275386237227,11275386237972,745
11275386481738,11275386482599,861
11275386724860,11275386725593,733
11275386971596,11275386972482,886
11275387222023,11275387222742,719
11275387467558,11275387468436,878
11275387712528,11275387713259,731
11275387958094,11275387958989,895
11275388203264,11275388203979,715
11275388448914,11275388449792,878
11275388694612,11275388695337,725
11275388949486,11275388950371,885
11275389194384,11275389195067,683
11275389442018,11275389442896,878
11275389685422,11275389686113,691
11275389930279,11275389931146,867
11275390178220,11275390178928,708
11275390424191,11275390425049,858
11275390732415,11275390733177,762
11275391006397,11275391007256,859
11275391230430,11275391231085,655
11275391449881,11275391450664,783
11275391666614,11275391667241,627
11275391887778,11275391888588,810
11275392102175,11275392102828,653
11275392346242,11275392347060,818
11275392566839,11275392567508,669
11275392787589,11275392788370,781
11275393001134,11275393001761,627
11275393217254,11275393218018,764
11275393431761,11275393432345,584
11275393651124,11275393651908,784
11275393867581,11275393868222,641
11275394083082,11275394083858,776
11275394297200,11275394297850,650
11275394517098,11275394517900,802
11275394732707,11275394733327,620
11275394954161,11275394954912,751
11275395170945,11275395171636,691
11275395385915,11275395386709,794
11275395606812,11275395607449,637
11275395822682,11275395823465,783
11275396039638,11275396040308,670
11275396257671,11275396258478,807
11275396486043,11275396486681,638
11275396702332,11275396703125,793
11275396919355,11275396920042,687
11275397136499,11275397137339,840
11275397347043,11275397347695,652
11275397566603,11275397567437,834
11275397781076,11275397781747,671
11275397996690,11275397997486,796
11275398211073,11275398215869,4796
11275398434630,11275398435437,807
11275398648274,11275398648958,684
11275398863947,11275398864745,798
11275399084511,11275399085151,640
11275399302014,11275399302818,804
11275399546868,11275399547564,696
11275399767292,11275399768102,810
11275399985440,11275399986043,603
11275400200822,11275400201610,788
11275400421303,11275400421919,616
11275400636524,11275400637322,798
11275400850280,11275400850930,650
11275401068590,11275401069376,786
11275401283109,11275401283710,601
11275401511802,11275401512569,767
11275401725378,11275401725996,618
11275401941257,11275401942015,758
11275402156174,11275402156813,639
11275402376900,11275402377712,812
11275402592793,11275402593435,642
11275402810374,11275402812267,1893
11275403024882,11275403025467,585
11275403262174,11275403262939,765
11275403475865,11275403477411,1546
11275403695854,11275403696643,789
11275403909961,11275403910590,629
11275404135187,11275404136034,847
11275404348677,11275404349346,669
11275404564981,11275404565826,845
11275404780112,11275404780773,661
11275404996180,11275404996956,776
11275405207535,11275405208159,624
11275405426255,11275405427088,833
11275405648879,11275405649510,631
11275405865680,11275405866488,808
11275406079634,11275406080270,636
11275406296866,11275406297642,776
11275406511301,11275406511920,619
11275406727013,11275406727821,808
11275406941773,11275406942410,637
11275407155984,11275407156761,777
11275407371517,11275407372162,645
11275407587343,11275407588152,809
11275407799354,11275407799971,617
11275408013514,11275408014333,819
11275408228714,11275408229375,661
11275408442996,11275408443775,779
11275408658628,11275408659239,611
11275408878885,11275408879686,801
11275409093222,11275409093807,585
11275409308866,11275409309641,775
11275409525562,11275409526172,610
11275409741084,11275409741877,793
11275409955696,11275409956335,639
11275410173209,11275410173986,777
11275410388883,11275410389522,639
11275410608565,11275410609324,759
11275410822961,11275410823594,633
11275411038539,11275411039305,766
11275411251825,11275411252445,620
11275411467777,11275411468560,783
11275411681926,11275411682571,645
11275411898104,11275411898885,781
11275412110671,11275412111285,614
11275412328700,11275412329521,821
11275412547481,11275412548113,632
11275412762582,11275412763369,787
11275412976068,11275412976662,594
11275413197183,11275413197931,748
11275413412632,11275413413204,572
11275413627870,11275413628611,741
11275413842449,11275413843050,601
11275414056111,11275414056887,776
11275414273160,11275414273824,664
11275414489132,11275414489931,799
11275414702242,11275414702888,646
11275414919030,11275414919812,782
11275415132215,11275415132825,610
11275415353235,11275415354034,799
11275415571240,11275415571879,639
11275415790217,11275415791001,784
11275416004657,11275416005346,689
11275416224216,11275416224988,772
11275416459044,11275416459711,667
11275416679937,11275416680745,808
11275416895189,11275416895842,653
11275417110006,11275417110777,771
11275417326176,11275417326812,636
11275417543588,11275417544349,761
11275417759202,11275417759800,598
11275417976596,11275417977369,773
11275418196885,11275418197522,637
11275418415667,11275418416425,758
11275418631971,11275418632570,599
11275418848537,11275418849263,726
11275419070924,11275419071511,587
11275419288865,11275419289637,772
11275419504469,11275419505072,603
11275419726340,11275419727134,794
11275419943000,11275419943618,618
11275420169099,11275420169843,744
11275420407538,11275420408198,660
11275420626384,11275420627175,791
11275420846937,11275420847605,668
11275421067501,11275421068285,784
11275421280235,11275421280886,651
11275421498683,11275421499474,791
11275421712757,11275421713395,638
11275421930516,11275421931265,749
11275422148948,11275422149539,591
11275422438849,11275422439908,1059
11275422665681,11275422666318,637
11275422892699,11275422893489,790
11275423115846,11275423116497,651
11275423339017,11275423339782,765
11275423587231,11275423587885,654
11275423838845,11275423839724,879
11275424084185,11275424084896,711
11275424335757,11275424336597,840
11275424581970,11275424582699,729
11275424831240,11275424832122,882
11275425075939,11275425076664,725
11275425321061,11275425321944,883
11275425586995,11275425587888,893
11275425840409,11275425841377,968
11275426092268,11275426092988,720
11275426342562,11275426343440,878
11275426595011,11275426595728,717
11275426842944,11275426843857,913
11275427092092,11275427092816,724
11275427342722,11275427343693,971
11275427586847,11275427587560,713
11275427838537,11275427839461,924
11275428080480,11275428081227,747
11275428341910,11275428342797,887
11275428585890,11275428586614,724
11275428843624,11275428844516,892
11275429081061,11275429081763,702
11275429304162,11275429304992,830
11275429521425,11275429522081,656
11275429743221,11275429744035,814
11275429960864,11275429961545,681
11275430178704,11275430179517,813
11275430394873,11275430395509,636
11275430614774,11275430615535,761
11275430859812,11275430860524,712
11275431103676,11275431104584,908
11275431348917,11275431349589,672
11275431593319,11275431594197,878
11275431843046,11275431843741,695
11275432090558,11275432091471,913
11275432363205,11275432363945,740
11275432613746,11275432614659,913
11275432862131,11275432862868,737
11275433110262,11275433111157,895
11275433362956,11275433363698,742
11275433630782,11275433631645,863
11275433878654,11275433879367,713
11275434128240,11275434129120,880
11275434371114,11275434371815,701
11275434620303,11275434621179,876
11275434901946,11275434902657,711
11275435146505,11275435147398,893
11275435391576,11275435392309,733
11275435650135,11275435651015,880
11275435894150,11275435894859,709
11275436137361,11275436138253,892
11275436382696,11275436383454,758
11275436627420,11275436628313,893
11275436869504,11275436870212,708
11275437117608,11275437118481,873
11275437359174,11275437359888,714
11275437606455,11275437607323,868
11275437849895,11275437850590,695
11275438093693,11275438094518,825
11275438340486,11275438341195,709
11275438591473,11275438592325,852
11275438836435,11275438837155,720
11275439089176,11275439090047,871
11275439336151,11275439336863,712
11275439579180,11275439580026,846
11275439824418,11275439825126,708
11275440068308,11275440069184,876
11275440311314,11275440312001,687
11275440562557,11275440563386,829
11275440808485,11275440809204,719
11275441056157,11275441057035,878
11275441299358,11275441300058,700
11275441544523,11275441545371,848
11275441791054,11275441791754,700
11275442037951,11275442038853,902
11275442294701,11275442295421,720
11275442546088,11275442546990,902
11275442789925,11275442790668,743
11275443038475,11275443039352,877
11275443280019,11275443280748,729
11275443529255,11275443530105,850
11275443772693,11275443773380,687
11275444019688,11275444020569,881
11275444262934,11275444263633,699
11275444506410,11275444507314,904
11275444749868,11275444750589,721
11275444993222,11275444994108,886
11275445238949,11275445239637,688
11275445483978,11275445484862,884
11275445735892,11275445736566,674
11275445980955,11275445981824,869
11275446225794,11275446226488,694
11275446472539,11275446473401,862
11275446715935,11275446716625,690
11275446959636,11275446960505,869
11275447207181,11275447207890,709
11275447454425,11275447455307,882
11275447696606,11275447697313,707
11275447942371,11275447943206,835
11275448185385,11275448186099,714
11275448433899,11275448434728,829
11275448676018,11275448676723,705
11275448929416,11275448930235,819
11275449175126,11275449175839,713
11275449424472,11275449425348,876
11275449667464,11275449668157,693
11275449914834,11275449915675,841
11275450158663,11275450159360,697
11275450404222,11275450405049,827
11275450650231,11275450650906,675
11275450897038,11275450897855,817
11275451139364,11275451140087,723
11275451386815,11275451387700,885
11275451632365,11275451633078,713
11275451876836,11275451877718,882
11275452119161,11275452119859,698
11275452374213,11275452375127,914
11275452630624,11275452631308,684
11275452880770,11275452881642,872
11275453123207,11275453123943,736
11275453367831,11275453368753,922
11275453615528,11275453616237,709
11275453860971,11275453861884,913
11275454104309,11275454105007,698
11275454349694,11275454350564,870
11275454592875,11275454593625,750
11275454837456,11275454838349,893
11275455083779,11275455084504,725
11275455329621,11275455330493,872
11275455589993,11275455590684,691
11275455837105,11275455837994,889
11275456092550,11275456093253,703
11275456340118,11275456340994,876
11275456580455,11275456581185,730
11275456824009,11275456824911,902
11275457067822,11275457068545,723
11275457314609,11275457315465,856
11275457555986,11275457556721,735
11275457801269,11275457802130,861
11275458043218,11275458043946,728
11275458290664,11275458291563,899
11275458533861,11275458534605,744
11275458776325,11275458777226,901
11275459030887,11275459031612,725
11275459278812,11275459279699,887
11275459523512,11275459524217,705
11275459768408,11275459769286,878
11275460013322,11275460013998,676
11275460256965,11275460257832,867
11275460502945,11275460503612,667
11275460748050,11275460748917,867
11275460992327,11275460993034,707
11275461237695,11275461238583,888
11275461482529,11275461483247,718
11275461727587,11275461728455,868
11275461968005,11275461968711,706
11275462222265,11275462223130,865
11275462467997,11275462468706,709
11275462716132,11275462717033,901
11275462958899,11275462959621,722
11275463203917,11275463204813,896
11275463448208,11275463448933,725
11275463695397,11275463696254,857
11275463942796,11275463943496,700
11275464189076,11275464189919,843
11275464434071,11275464434761,690
11275464677421,11275464678258,837
11275464925320,11275464926051,731
11275465173941,11275465174826,885
11275465418262,11275465418952,690
11275465670799,11275465671666,867
11275465920246,11275465920949,703
11275466165891,11275466166749,858
11275466414687,11275466415389,702
11275466658362,11275466659194,832
11275466902615,11275466903318,703
11275467148576,11275467149431,855
11275467396012,11275467396737,725
11275467639298,11275467640164,866
11275467887176,11275467887886,710
11275468134657,11275468135498,841
11275468376155,11275468376840,685
11275468621330,11275468622157,827
11275468866465,11275468867170,705
11275469121029,11275469121863,834
11275469376658,11275469377332,674
11275469623753,11275469624623,870
11275469866836,11275469867517,681
11275470112483,11275470113326,843
11275470370243,11275470370929,686
11275470614361,11275470615219,858
11275470858652,11275470859348,696
11275471103175,11275471104025,850
11275471344221,11275471344918,697
11275471616463,11275471617319,856
11275471865944,11275471866653,709
11275472108920,11275472109779,859
11275472360918,11275472361643,725
11275472608951,11275472609835,884
11275472852524,11275472853222,698
11275473094803,11275473096712,1909
11275473340718,11275473341406,688
11275473583461,11275473584317,856
11275473827547,11275473828240,693
11275474071026,11275474071857,831
11275474316062,11275474316769,707
11275474559706,11275474560558,852
11275474803636,11275474804358,722
11275475047025,11275475047895,870
11275475292051,11275475292763,712
11275475535281,11275475536131,850
11275475786811,11275475787528,717
11275476033256,11275476034134,878
11275476275607,11275476276330,723
11275476522261,11275476523143,882
11275476764299,11275476765018,719
11275477007878,11275477008736,858
11275477248599,11275477249274,675
11275477493987,11275477494869,882
11275477738087,11275477738802,715
11275477981613,11275477982495,882
11275478222851,11275478223568,717
11275478465780,11275478466650,870
11275478712816,11275478713537,721
11275478962258,11275478963156,898
11275479206927,11275479207653,726
11275479452262,11275479453190,928
11275479696990,11275479697728,738
11275479940041,11275479940909,868
11275480186730,11275480187467,737
11275480432677,11275480433571,894
11275480680504,11275480681212,708
11275480920782,11275480921637,855
11275481164985,11275481165677,692
11275481407767,11275481408615,848
11275481650254,11275481650939,685
11275481898580,11275481899458,878
11275482139475,11275482140148,673
11275482390642,11275482391481,839
11275482635216,11275482635915,699
11275482880967,11275482881832,865
11275483123390,11275483124101,711
11275483393301,11275483394132,831
11275483636883,11275483637570,687
11275483880808,11275483881665,857
11275484127995,11275484128700,705
11275484377270,11275484378114,844
11275484624633,11275484625343,710
11275484871515,11275484872387,872
11275485115528,11275485116236,708
11275485359197,11275485360071,874
11275485614158,11275485614857,699
11275485859398,11275485860274,876
11275486102485,11275486103200,715
11275486348234,11275486349086,852
11275486590774,11275486591501,727
11275486833722,11275486834607,885
11275487076042,11275487076748,706
11275487322123,11275487322977,854
11275487565220,11275487565923,703
11275487809258,11275487810125,867
11275488051127,11275488051823,696
11275488293565,11275488294438,873
11275488556365,11275488557099,734
11275488800728,11275488801615,887
11275489049805,11275489050500,695
11275489304552,11275489305421,869
11275489550141,11275489550854,713
11275489798545,11275489799433,888
11275490041006,11275490041720,714
11275490285609,11275490286455,846
11275490531931,11275490532620,689
11275490774160,11275490775047,887
11275491017302,11275491017989,687
11275491264576,11275491265468,892
11275491503994,11275491504727,733
11275491750152,11275491751033,881
11275491993959,11275491994666,707
11275492246143,11275492247009,866
11275492490160,11275492490864,704
11275492737438,11275492738335,897
11275492979690,11275492980395,705
11275493225411,11275493226270,859
11275493487137,11275493487809,672
11275493730419,11275493731291,872
11275493975491,11275493976185,694
11275494220414,11275494221282,868
11275494467448,11275494468154,706
11275494711167,11275494712024,857
11275494957314,11275494958040,726
11275495207400,11275495208276,876
11275495449489,11275495450157,668
11275495702891,11275495703753,862
11275495948130,11275495948825,695
11275496195804,11275496196710,906
11275496442244,11275496442933,689
11275496686555,11275496687456,901
11275496929436,11275496930129,693
11275497175312,11275497176201,889
11275497423532,11275497424272,740
11275497669152,11275497670032,880
11275497910246,11275497910968,722
11275498172412,11275498173280,868
11275498417631,11275498418353,722
11275498663184,11275498664047,863
11275498914304,11275498915002,698
11275499160519,11275499161375,856
11275499408146,11275499408851,705
11275499652006,11275499652841,835
11275499898341,11275499899025,684
11275500143144,11275500143994,850
11275500389707,11275500390383,676
11275500634378,11275500635233,855
11275500878100,11275500878793,693
11275501124156,11275501125014,858
11275501371166,11275501371853,687
11275501614580,11275501615418,838
11275501857877,11275501858546,669
11275502104545,11275502105363,818
11275502354635,11275502355283,648
11275502603392,11275502604254,862
11275502848720,11275502849382,662
11275503093726,11275503094546,820
11275503336024,11275503336723,699
11275503580251,11275503581087,836
11275503825963,11275503826645,682
11275504072203,11275504073034,831
11275504329316,11275504329987,671
11275504573446,11275504574311,865
11275504816076,11275504816759,683
11275505061221,11275505062045,824
11275505304006,11275505304677,671
11275505562444,11275505563269,825
11275505853231,11275505853878,647
11275506101654,11275506102492,838
11275506358451,11275506359148,697
11275506604128,11275506604946,818
11275506845924,11275506846591,667
11275507164157,11275507165050,893
11275507447184,11275507447889,705
11275507696372,11275507697228,856
11275507938195,11275507938890,695
11275508184972,11275508185814,842
11275508430387,11275508431097,710
11275508674401,11275508675262,861
11275508927016,11275508927734,718
11275509175722,11275509176597,875
11275509429652,11275509430358,706
11275509675831,11275509676657,826
11275509920635,11275509921302,667
11275510168260,11275510169112,852
11275510444264,11275510444974,710
11275510690441,11275510691305,864
11275510943861,11275510944526,665
11275511190847,11275511191701,854
11275511432586,11275511433289,703
11275511681383,11275511682239,856
11275511923798,11275511924504,706
11275512168978,11275512169810,832
11275512428962,11275512429654,692
11275512678006,11275512678875,869
11275512927649,11275512928370,721
11275513176549,11275513177418,869
11275513420329,11275513421020,691
11275513667606,11275513668466,860
11275513915293,11275513915960,667
11275514161117,11275514161938,821
11275514408158,11275514408825,667
11275514657285,11275514658170,885
11275514900854,11275514901568,714
11275515148323,11275515149200,877
11275515392910,11275515393623,713
11275515648019,11275515648867,848
11275515895091,11275515895808,717
11275516143271,11275516144146,875
11275516388839,11275516389523,684
11275516637058,11275516637874,816
11275516881621,11275516882336,715
11275517125508,11275517126333,825
11275517374865,11275517375599,734
11275517619020,11275517619860,840
11275517860478,11275517861174,696
11275518106447,11275518107292,845
11275518350601,11275518351279,678
11275518596190,11275518597005,815
11275518844539,11275518845232,693
11275519351380,11275519352216,836
11275519595147,11275519595858,711
11275519833060,11275519833897,837
11275520065423,11275520066121,698
11275520303696,11275520304521,825
11275520540626,11275520541329,703
11275520775239,11275520776084,845
11275521009970,11275521010672,702
11275521257696,11275521258498,802
11275521492632,11275521493313,681
11275521728661,11275521729518,857
11275521961690,11275521962367,677
11275522195117,11275522195949,832
11275522463263,11275522463927,664
11275522702719,11275522703572,853
11275522937004,11275522937694,690
11275523176797,11275523177629,832
11275523414013,11275523414712,699
11275523646544,11275523647374,830
11275523883866,11275523884514,648
11275524118032,11275524118875,843
11275524351165,11275524351841,676
11275524587642,11275524588478,836
11275524819871,11275524820540,669
11275525053458,11275525054268,810
11275525293507,11275525294210,703
11275525526803,11275525527612,809
11275525767899,11275525768606,707
11275526006244,11275526007059,815
11275526240046,11275526240693,647
11275526483145,11275526483964,819
11275526718856,11275526719529,673
11275526951506,11275526952364,858
11275527181610,11275527182302,692
11275527423694,11275527424496,802
11275527655927,11275527656595,668
11275527888636,11275527889474,838
11275528123836,11275528124485,649
11275528356420,11275528357241,821
11275528590775,11275528591433,658
11275528823401,11275528824236,835
11275529060529,11275529061213,684
11275529296985,11275529297836,851
11275529530829,11275529531535,706
11275529764693,11275529765543,850
11275530000667,11275530001402,735
11275530233144,11275530234010,866
11275530468727,11275530469421,694
11275530705078,11275530705906,828
11275530938030,11275530938762,732
11275531171570,11275531172417,847
11275531407667,11275531408398,731
11275531640373,11275531641251,878
11275531871321,11275531872031,710
11275532107221,11275532108073,852
11275532346231,11275532346930,699
11275532584405,11275532585245,840
11275532819879,11275532820589,710
11275533053849,11275533054683,834
11275533286753,11275533287405,652
11275533524250,11275533525073,823
11275533754300,11275533754984,684
11275533987795,11275533988645,850
11275534222466,11275534223147,681
11275534459649,11275534460498,849
11275534692361,11275534693054,693
11275534928725,11275534929552,827
11275535160192,11275535160874,682
11275535396282,11275535397137,855
11275535639171,11275535639878,707
11275535874704,11275535875560,856
11275536110035,11275536110713,678
11275536343261,11275536344109,848
11275536575534,11275536576221,687
11275536812139,11275536812994,855
11275537044018,11275537044713,695
11275537277198,11275537278050,852
11275537519068,11275537519772,704
11275537752076,11275537752920,844
11275537993946,11275537994615,669
11275538237954,11275538238826,872
11275538480465,11275538481128,663
11275538727729,11275538728590,861
11275538998385,11275538999100,715
11275539246000,11275539246818,818
11275539491008,11275539491728,720
11275539737182,11275539738005,823
11275539982973,11275539983661,688
11275540228740,11275540229613,873
11275540473338,11275540474028,690
11275540716415,11275540717262,847
11275540961801,11275540962500,699
11275541211755,11275541212614,859
11275541455325,11275541455998,673
11275541697797,11275541698615,818
11275541947395,11275541948071,676
11275542194277,11275542195100,823
11275542444154,11275542444827,673
11275542692081,11275542692936,855
11275542937608,11275542938300,692
11275543187374,11275543188228,854
11275543432027,11275543432704,677
11275543677160,11275543678021,861
11275543922104,11275543922785,681
11275544167245,11275544168089,844
11275544437771,11275544438461,690
11275544682668,11275544683528,860
11275544929043,11275544929742,699
11275545171808,11275545172638,830
11275545424009,11275545424677,668
11275545676975,11275545677840,865
11275545922550,11275545923252,702
11275546167466,11275546168324,858
11275546411305,11275546411998,693
11275546683515,11275546684376,861
11275546925976,11275546926686,710
11275547168763,11275547169664,901
11275547413771,11275547414458,687
11275547655520,11275547656401,881
11275547900536,11275547901218,682
11275548144610,11275548145495,885
11275548388530,11275548389200,670
11275548631238,11275548632108,870
11275548882627,11275548883309,682
11275549125738,11275549126625,887
11275549384388,11275549385124,736
11275549629097,11275549629925,828
11275549869627,11275549870340,713
11275550115844,11275550116671,827
11275550361800,11275550362501,701
11275550604901,11275550605741,840
11275550848527,11275550849226,699
11275551092531,11275551093360,829
11275551333168,11275551333858,690
11275551579695,11275551580572,877
11275551822440,11275551823154,714
11275552065447,11275552066287,840
11275552315085,11275552315748,663
11275552564381,11275552565258,877
11275552809290,11275552810008,718
11275553056041,11275553056892,851
11275553300768,11275553301486,718
11275553542474,11275553543365,891
11275553786488,11275553787165,677
11275554029052,11275554029920,868
11275554271221,11275554271952,731
11275554514006,11275554514880,874
11275554759894,11275554760610,716
11275555001741,11275555002600,859
11275555244553,11275555245247,694
11275555487318,11275555488206,888
11275555740522,11275555741218,696
11275555997786,11275555998654,868
11275556247834,11275556248538,704
11275556493615,11275556494511,896
11275556734578,11275556735297,719
11275556982467,11275556983335,868
11275557224651,11275557225337,686
11275557468039,11275557468885,846
11275557708573,11275557709240,667
11275557951107,11275557951965,858
11275558196508,11275558197187,679
11275558443380,11275558444235,855
11275558685614,11275558686292,678
11275558938623,11275558939457,834
11275559183551,11275559184250,699
11275559440645,11275559441515,870
11275559686974,11275559687682,708
11275559932407,11275559933257,850
11275560177094,11275560177789,695
11275560420651,11275560421498,847
11275560663766,11275560664468,702
11275560906118,11275560906963,845
11275561149907,11275561150617,710
11275561392467,11275561393315,848
11275561636259,11275561636966,707
11275561880017,11275561880879,862
11275562122249,11275562122967,718
11275562387303,11275562388146,843
11275562634061,11275562634771,710
11275562877945,11275562878818,873
11275563121404,11275563122117,713
11275563381294,11275563382164,870
11275563625553,11275563626293,740
11275563870043,11275563870909,866
11275564111986,11275564112694,708
11275564356140,11275564356999,859
11275564600754,11275564601459,705
11275564850108,11275564850951,843
11275565091609,11275565092313,704
11275565337691,11275565338533,842
11275565586994,11275565587675,681
11275565832099,11275565832986,887
11275566075811,11275566076519,708
11275566321720,11275566322594,874
11275566567133,11275566567862,729
11275566813483,11275566814345,862
11275567055489,11275567056188,699
11275567301213,11275567302070,857
11275567542729,11275567543425,696
11275567785618,11275567786447,829
11275568030731,11275568031428,697
11275568277327,11275568278166,839
11275568519333,11275568520002,669
11275568765402,11275568766245,843
11275569023305,11275569023996,691
11275569267624,11275569268486,862
11275569512590,11275569513238,648
11275569757863,11275569758702,839
11275570002827,11275570003504,677
11275570249251,11275570250096,845
11275570489614,11275570490313,699
11275570733463,11275570734340,877
11275570977204,11275570977911,707
11275571223564,11275571224451,887
11275571465115,11275571465816,701
11275571709753,11275571710595,842
11275571951379,11275571952073,694
11275572197671,11275572198519,848
11275572450172,11275572450890,718
11275572696073,11275572696919,846
11275572939111,11275572939822,711
11275573187539,11275573188391,852
11275573433804,11275573434511,707
11275573677716,11275573678571,855
11275573921453,11275573922130,677
11275574165531,11275574166395,864
11275574412255,11275574412936,681
11275574655693,11275574656527,834
11275574898056,11275574898750,694
11275575142986,11275575143826,840
11275575387348,11275575388050,702
11275575639099,11275575639923,824
11275575885723,11275575886408,685
11275576133175,11275576134018,843
11275576379810,11275576380493,683
11275576633271,11275576634126,855
11275576875445,11275576876101,656
11275577122164,11275577123024,860
11275577364211,11275577364880,669
11275577608385,11275577609251,866
11275577852534,11275577853217,683
11275578098464,11275578099338,874
11275578340503,11275578341125,622
11275578584895,11275578585713,818
11275578830741,11275578831360,619
11275579083354,11275579084209,855
11275579327865,11275579328527,662
11275579573216,11275579574066,850
11275579815202,11275579815910,708
11275580062104,11275580062946,842
11275580306613,11275580307301,688
11275580550912,11275580551787,875
11275580796116,11275580796846,730
11275581041983,11275581042818,835
11275581284615,11275581285308,693
11275581527322,11275581528158,836
11275581770193,11275581770864,671
11275582014727,11275582015555,828
11275582267137,11275582267805,668
11275582512702,11275582513556,854
11275582756825,11275582757521,696
11275583003420,11275583004253,833
11275583251829,11275583252555,726
11275583497879,11275583498733,854
11275583737509,11275583738172,663
11275583985046,11275583985896,850
11275584228012,11275584228692,680
11275584474433,11275584475270,837
11275584719197,11275584719911,714
11275584967273,11275584968129,856
11275585211994,11275585212677,683
11275585464333,11275585465216,883
11275585715123,11275585715799,676
11275585964685,11275585965564,879
11275586214453,11275586215171,718
11275586459657,11275586460499,842
11275586708204,11275586708907,703
11275586955023,11275586955912,889
11275587198414,11275587199135,721
11275587443027,11275587443881,854
11275587687900,11275587688610,710
11275587936496,11275587937333,837
11275588181816,11275588182504,688
11275588426174,11275588427010,836
11275588670577,11275588671230,653
11275588926499,11275588927305,806
11275589169868,11275589170552,684
11275589414825,11275589415659,834
11275589660485,11275589661200,715
11275589905264,11275589906141,877
11275590149578,11275590150255,677
11275590396147,11275590396997,850
11275590639672,11275590640354,682
11275590885489,11275590886316,827
11275591129360,11275591130004,644
11275591373818,11275591374638,820
11275591615569,11275591616209,640
11275591861305,11275591862111,806
11275592113168,11275592113837,669
11275592364198,11275592365040,842
11275592608951,11275592609643,692
11275592855686,11275592856515,829
11275593102674,11275593103350,676
11275593349310,11275593350160,850
11275593592317,11275593593006,689
11275593838080,11275593838877,797
11275594081106,11275594081753,647
11275594369246,11275594370081,835
11275594624441,11275594625107,666
11275594870250,11275594871086,836
11275595116745,11275595117405,660
11275595363242,11275595364087,845
11275595614349,11275595615024,675
11275595861625,11275595862449,824
11275596107913,11275596108636,723
11275596351121,11275596351990,869
11275596596989,11275596597694,705
11275596843185,11275596844021,836
11275597087385,11275597088067,682
11275597334435,11275597335278,843
11275597581751,11275597582445,694
11275597828256,11275597829094,838
11275598071070,11275598071744,674
11275598318010,11275598318864,854
11275598563529,11275598564234,705
11275598812520,11275598813342,822
11275599061692,11275599062388,696
11275599307002,11275599307834,832
11275599550964,11275599551653,689
11275599798446,11275599799298,852
11275600043425,11275600044118,693
11275600292022,11275600292891,869
11275600538975,11275600539683,708
11275600784686,11275600785518,832
11275601031037,11275601031719,682
11275601275810,11275601276672,862
11275601520637,11275601521327,690
11275601764247,11275601765104,857
11275602009921,11275602010603,682
11275602265016,11275602265866,850
11275602509877,11275602510593,716
11275602754608,11275602755456,848
11275603001189,11275603001871,682
11275603246327,11275603247172,845
11275603490323,11275603491026,703
11275603734883,11275603735725,842
11275603979577,11275603980237,660
11275604225207,11275604226039,832
11275604468649,11275604469360,711
11275604713972,11275604714832,860
11275604955908,11275604956590,682
11275605198656,11275605199476,820
11275605447541,11275605448234,693
11275605698917,11275605699741,824
11275605945794,11275605946483,689
11275606191942,11275606192787,845
11275606437398,11275606438087,689
11275606682720,11275606683582,862
11275606925777,11275606926461,684
11275607171706,11275607172575,869
11275607419130,11275607419810,680
11275607664448,11275607665306,858
11275607907823,11275607908532,709
11275608151966,11275608152799,833
11275608396645,11275608397362,717
11275608642322,11275608643196,874
11275608894079,11275608894762,683
11275609140687,11275609141524,837
11275609386329,11275609387018,689
11275609632390,11275609633253,863
11275609890099,11275609890752,653
11275610152150,11275610152980,830
11275610405001,11275610405688,687
11275610653080,11275610653928,848
11275610898793,11275610899499,706
11275611148163,11275611149007,844
11275611404970,11275611405676,706
11275611661938,11275611662794,856
11275611914824,11275611915531,707
11275612163467,11275612164328,861
11275612418303,11275612418972,669
11275612671370,11275612672213,843
11275612914154,11275612914835,681
11275613160334,11275613161180,846
11275613405959,11275613406674,715
11275613653350,11275613654185,835
11275613898041,11275613898726,685
11275614149172,11275614150016,844
11275614395510,11275614396190,680
11275614641241,11275614642073,832
11275614885940,11275614886655,715
11275615129138,11275615129975,837
11275615376672,11275615377349,677
11275615630431,11275615631289,858
11275615878217,11275615878890,673
11275616122926,11275616123762,836
11275616369525,11275616370185,660
11275616614840,11275616615667,827
11275616861705,11275616862361,656
11275617105853,11275617106684,831
11275617353282,11275617353967,685
11275617602192,11275617603008,816
11275617844680,11275617845365,685
11275618091425,11275618092257,832
11275618337970,11275618338663,693
11275618584309,11275618585169,860
11275618825950,11275618826633,683
11275619078484,11275619079360,876
11275619333277,11275619333977,700
11275619610280,11275619611147,867
11275619854739,11275619855458,719
11275620099576,11275620100444,868
11275620344756,11275620345480,724
11275620588161,11275620589019,858
11275620832759,11275620833483,724
11275621077542,11275621078390,848
11275621322977,11275621323691,714
11275621566318,11275621567188,870
11275621808561,11275621809265,704
11275622051568,11275622052406,838
11275622303088,11275622303791,703
11275622551298,11275622552142,844
11275622795450,11275622796162,712
11275623039912,11275623040758,846
11275623281480,11275623282159,679
11275623525707,11275623526583,876
11275623769415,11275623770103,688
11275624013761,11275624014615,854
11275624257831,11275624258514,683
11275624504643,11275624505500,857
11275624748177,11275624748860,683
11275624990702,11275624991536,834
11275625234539,11275625235257,718
11275625480520,11275625481376,856
11275625732076,11275625732786,710
11275625977809,11275625978640,831
11275626315208,11275626315933,725
11275626562079,11275626562994,915
11275626807240,11275626807973,733
11275627051793,11275627052659,866
11275627295963,11275627296644,681
11275627542660,11275627543522,862
11275627785691,11275627786369,678
11275628030665,11275628031495,830
11275628276350,11275628277055,705
11275628520197,11275628521068,871
11275628766207,11275628766909,702
11275629021441,11275629022271,830
11275629266630,11275629267310,680
11275629509322,11275629510166,844
11275629754266,11275629754963,697
11275629997315,11275629998161,846
11275630241508,11275630242223,715
11275630483753,11275630484597,844
11275630726536,11275630727225,689
11275630972817,11275630973642,825
11275631218838,11275631219528,690
11275631462430,11275631463231,801
11275631705041,11275631705696,655
11275631953426,11275631954265,839
11275632195568,11275632196271,703
11275632448977,11275632449775,798
11275632692020,11275632692710,690
11275632939044,11275632939873,829
11275633179883,11275633180547,664
11275633430764,11275633431594,830
11275633674997,11275633675648,651
11275633920418,11275633921261,843
11275634164630,11275634165316,686
11275634416028,11275634416843,815
11275634659574,11275634660267,693
11275634901274,11275634902127,853
11275635149740,11275635150473,733
11275635395652,11275635396494,842
11275635650918,11275635651611,693
11275635894637,11275635895459,822
11275636140400,11275636141089,689
11275636386877,11275636387716,839
11275636629094,11275636629767,673
11275636872877,11275636873739,862
11275637117243,11275637117938,695
11275637453904,11275637455074,1170
11275637723631,11275637724332,701
11275637953911,11275637954782,871
11275638172015,11275638172698,683
11275638393097,11275638393897,800
11275638611752,11275638612374,622
11275638831225,11275638832034,809
11275639061028,11275639061686,658
11275639285749,11275639286574,825
11275639504073,11275639504707,634
11275639724030,11275639724768,738
11275639938020,11275639938657,637
11275640155224,11275640156013,789
11275640372588,11275640373205,617
11275640594380,11275640595148,768
11275640808149,11275640808786,637
11275641025452,11275641026232,780
11275641241729,11275641242356,627
11275641462063,11275641462813,750
11275641678711,11275641679347,636
11275641894650,11275641895447,797
11275642111712,11275642112344,632
11275642343178,11275642344014,836
11275642561984,11275642562704,720
11275642780675,11275642781456,781
11275642995936,11275642996577,641
11275643215103,11275643215828,725
11275643442741,11275643443382,641
11275643664520,11275643665289,769
11275643888731,11275643889381,650
11275644128239,11275644129061,822
11275644356638,11275644357300,662
11275644579169,11275644579933,764
11275644796590,11275644797251,661
11275645014492,11275645015292,800
11275645230366,11275645231009,643
11275645451070,11275645451869,799
11275645678541,11275645679199,658
11275645915970,11275645916804,834
11275646135214,11275646135906,692
11275646357882,11275646358702,820
11275646573228,11275646573888,660
11275646795365,11275646796121,756
11275647009459,11275647010077,618
11275647229200,11275647229975,775
11275647446968,11275647447604,636
11275647662817,11275647663958,1141
11275647878379,11275647879045,666
11275648095172,11275648095944,772
11275648311353,11275648311971,618
11275648529397,11275648530169,772
11275648742719,11275648743378,659
11275648971171,11275648971960,789
11275649194120,11275649194810,690
11275649415865,11275649416644,779
11275649634981,11275649635594,613
11275649853729,11275649854458,729
11275650069811,11275650070437,626
11275650290581,11275650291316,735
11275650506909,11275650507519,610
11275650726156,11275650726936,780
11275650940911,11275650941515,604
11275651166342,11275651167066,724
11275651396889,11275651397503,614
11275651617487,11275651618232,745
11275651831623,11275651832243,620
11275652048777,11275652049562,785
11275652276056,11275652276733,677
11275652520251,11275652521027,776
11275652737210,11275652737809,599
11275652957982,11275652958755,773
11275653177465,11275653178080,615
11275653397167,11275653397957,790
11275653613488,11275653614172,684
11275653830723,11275653831498,775
11275654048146,11275654048807,661
11275654274591,11275654275383,792
11275654491615,11275654492241,626
11275654708164,11275654708922,758
11275654924099,11275654924750,651
11275655142761,11275655143586,825
11275655359645,11275655360309,664
11275655590185,11275655590987,802
11275655813761,11275655814381,620
11275656033067,11275656033868,801
11275656252276,11275656252939,663
11275656471191,11275656471979,788
11275656687031,11275656687674,643
11275656906701,11275656907482,781
11275657122149,11275657122776,627
11275657345438,11275657346226,788
11275657560431,11275657561026,595
11275657776069,11275657776831,762
11275657990951,11275657991585,634
11275658212354,11275658213134,780
11275658427628,11275658428294,666
11275658644152,11275658644922,770
11275658862425,11275658863070,645
11275659101423,11275659102242,819
11275659317726,11275659318399,673
11275659540904,11275659541685,781
11275659759933,11275659760562,629
11275659977559,11275659978321,762
11275660196222,11275660196895,673
11275660415494,11275660416270,776
11275660632846,11275660633513,667
11275660852399,11275660853196,797
11275661068165,11275661068816,651
11275661327653,11275661328451,798
11275661547258,11275661547912,654
11275661764933,11275661765718,785
11275661980914,11275661981587,673
11275662201857,11275662202649,792
11275662435420,11275662436093,673
11275662655059,11275662655887,828
11275662870970,11275662871650,680
11275663091080,11275663091879,799
11275663307530,11275663308195,665
11275663524167,11275663524919,752
11275663736569,11275663737190,621
11275663954530,11275663955299,769
11275664172386,11275664173011,625
11275664389521,11275664390311,790
11275664612491,11275664613097,606
11275664831263,11275664832054,791
11275665045557,11275665046213,656
11275665265672,11275665266452,780
11275665480078,11275665480714,636
11275665712360,11275665713157,797
11275665934131,11275665934809,678
11275666188107,11275666188923,816
11275666428768,11275666429480,712
11275666654990,11275666655824,834
11275666875380,11275666876068,688
11275667095943,11275667096761,818
11275667314330,11275667314952,622
11275667530279,11275667531037,758
11275667750166,11275667750791,625
11275667972477,11275667973250,773
11275668192122,11275668192759,637
11275668414504,11275668415264,760
11275668637113,11275668637765,652
11275668858194,11275668858967,773
11275669093474,11275669094129,655
11275669319746,11275669320589,843
11275669542066,11275669542752,686
11275669763961,11275669764755,794
11275669981050,11275669981723,673
11275670205140,11275670205929,789
11275670437724,11275670438357,633
11275670660659,11275670661455,796
11275670876663,11275670877321,658
11275671101654,11275671102474,820
11275671323174,11275671323775,601
11275671541075,11275671541877,802
11275671760182,11275671760820,638
11275671980364,11275671981121,757
11275672200003,11275672200625,622
11275672425575,11275672426329,754
11275672644170,11275672644836,666
11275672860450,11275672861232,782
11275673077584,11275673078241,657
11275673294794,11275673295570,776
11275673514024,11275673514653,629
11275673732762,11275673733533,771
11275673978768,11275673979474,706
11275674228406,11275674229232,826
11275674446496,11275674447158,662
11275674667148,11275674667941,793
11275674882669,11275674883308,639
11275675102202,11275675103014,812
11275675317763,11275675318389,626
11275675534160,11275675534934,774
11275675757856,11275675758514,658
11275675978587,11275675979429,842
11275676193168,11275676193836,668
11275676416996,11275676417794,798
11275676633933,11275676634525,592
11275676852635,11275676853416,781
11275677070599,11275677071189,590
11275677293070,11275677293847,777
11275677508203,11275677508880,677
11275677724373,11275677725153,780
11275677941659,11275677942299,640
11275678157709,11275678158496,787
11275678384998,11275678385589,591
11275678602677,11275678603435,758
11275678819350,11275678819950,600
11275679049549,11275679050346,797
11275679270107,11275679270765,658
11275679496985,11275679497776,791
11275679711357,11275679711979,622
11275679931032,11275679931780,748
11275680151067,11275680151667,600
11275680371575,11275680372357,782
11275680587951,11275680588575,624
11275680807994,11275680808768,774
11275681025584,11275681026218,634
11275681244776,11275681245544,768
11275681461874,11275681462492,618
11275681685437,11275681686194,757
11275681904316,11275681904974,658
11275682121801,11275682122600,799
11275682341308,11275682341996,688
11275682560033,11275682560804,771
11275682775661,11275682776276,615
11275682994046,11275682994803,757
11275683208956,11275683209648,692
11275683428033,11275683428825,792
11275683642441,11275683643076,635
11275683865258,11275683866047,789
11275684090252,11275684090891,639
11275684311098,11275684311893,795
11275684529126,11275684529795,669
11275684748718,11275684749527,809
11275684963293,11275684963916,623
11275685206659,11275685207461,802
11275685427126,11275685427778,652
11275685653439,11275685654222,783
11275685868779,11275685869450,671
11275686084074,11275686084823,749
11275686305234,11275686305846,612
11275686521910,11275686522676,766
11275686734155,11275686734766,611
11275686950237,11275686951010,773
11275687163557,11275687164191,634
11275687382571,11275687383327,756
11275687594818,11275687595458,640
11275687810349,11275687811130,781
11275688024217,11275688024840,623
11275688253217,11275688254015,798
11275688465378,11275688466006,628
11275688683586,11275688684375,789
11275688901595,11275688902248,653
11275689130888,11275689131714,826
11275689346565,11275689347244,679
11275689565287,11275689566048,761
11275689780315,11275689780944,629
11275689994914,11275689995720,806
11275690211724,11275690212336,612
11275690427243,11275690428013,770
11275690642463,11275690643077,614
11275690858123,11275690858895,772
11275691073180,11275691073829,649
11275691288814,11275691289609,795
11275691504747,11275691505378,631
11275691720000,11275691720785,785
11275691934689,11275691935326,637
11275692152134,11275692152878,744
11275692375692,11275692376372,680
11275692593790,11275692594558,768
11275692806792,11275692807437,645
11275693025436,11275693026226,790
11275693238952,11275693239602,650
11275693453148,11275693453933,785
11275693666081,11275693666737,656
11275693882091,11275693882873,782
11275694104605,11275694105308,703
11275694323046,11275694323846,800
11275694537742,11275694538356,614
11275694755880,11275694756703,823
11275694978247,11275694978883,636
11275695196133,11275695196901,768
11275695408522,11275695409116,594
11275695632046,11275695632812,766
11275695853683,11275695854313,630
11275696069821,11275696070575,754
11275696282308,11275696282951,643
11275696498003,11275696498760,757
11275696713806,11275696714425,619
11275696931088,11275696931839,751
11275697146242,11275697146870,628
11275697361458,11275697362225,767
11275697577066,11275697577663,597
11275697794430,11275697795180,750
11275698009850,11275698010478,628
11275698227485,11275698228261,776
11275698448312,11275698448931,619
11275698663752,11275698664513,761
11275698883536,11275698884184,648
11275699112164,11275699112956,792
11275699336494,11275699337143,649
11275699553254,11275699554045,791
11275699770018,11275699770632,614
11275699987351,11275699988139,788
11275700200195,11275700200816,621
11275700416474,11275700417243,769
11275700630302,11275700630928,626
11275700852407,11275700853164,757
11275701064282,11275701064934,652
11275701280985,11275701281748,763
11275701495672,11275701496285,613
11275701717609,11275701718401,792
11275701930536,11275701931184,648
11275702146761,11275702147504,743
11275702364728,11275702365390,662
11275702584013,11275702584780,767
11275702801415,11275702802033,618
11275703017690,11275703018469,779
11275703230883,11275703231517,634
11275703452041,11275703452790,749
11275703667706,11275703668327,621
11275703884558,11275703885319,761
11275704110189,11275704110829,640
11275704328148,11275704328976,828
11275704544390,11275704545017,627
11275704763583,11275704764341,758
11275704977950,11275704978639,689
11275705194823,11275705195605,782
11275705409073,11275705409728,655
11275705632793,11275705633613,820
11275705857099,11275705857744,645
11275706077090,11275706077870,780
11275706290230,11275706290877,647
11275706506960,11275706507720,760
11275706723159,11275706723788,629
11275706941100,11275706941872,772
11275707155002,11275707155598,596
11275707372418,11275707373190,772
11275707587898,11275707588514,616
11275707807347,11275707808111,764
11275708020296,11275708020943,647
11275708234629,11275708235414,785
11275708452104,11275708452730,626
11275708668167,11275708668903,736
11275708885981,11275708886646,665
11275709110563,11275709111380,817
11275709328950,11275709329579,629
11275709546899,11275709547641,742
11275709760293,11275709760910,617
11275709977996,11275709978751,755
11275710193279,11275710193873,594
11275710419903,11275710420654,751
11275710635192,11275710635785,593
11275710853346,11275710854098,752
11275711068851,11275711069436,585
11275711288711,11275711289447,736
11275711503517,11275711504136,619
11275711722813,11275711723578,765
11275711936531,11275711937160,629
11275712152594,11275712153347,753
11275712373667,11275712374303,636
11275712591375,11275712592174,799
11275712804571,11275712805212,641
11275713023734,11275713024504,770
11275713239472,11275713240132,660
11275713458570,11275713459327,757
11275713671000,11275713671618,618
11275713890438,11275713891153,715
11275714116249,11275714116923,674
11275714341838,11275714342615,777
11275714555386,11275714556019,633
11275714774702,11275714775483,781
11275714990864,11275714991521,657
11275715208155,11275715208919,764
11275715426515,11275715427164,649
11275715671152,11275715671995,843
11275715897017,11275715897687,670
11275716117136,11275716117895,759
11275716338615,11275716342134,3519
11275716560845,11275716561602,757
11275716783565,11275716784190,625
11275717002070,11275717002844,774
11275717226752,11275717227385,633
11275717451745,11275717452487,742
11275717666084,11275717666694,610
11275717884494,11275717885218,724
11275718100522,11275718101146,624
11275718324234,11275718325014,780
11275718539110,11275718539741,631
11275718764239,11275718765035,796
11275718990882,11275718991492,610
11275719216836,11275719217570,734
11275719433921,11275719434527,606
11275719651255,11275719651969,714
11275719866071,11275719866666,595
11275720083383,11275720084130,747
11275720300726,11275720301371,645
11275720518120,11275720518852,732
11275720732782,11275720733376,594
11275720948102,11275720948834,732
11275721166920,11275721167511,591
11275721391109,11275721391834,725
11275721606191,11275721606781,590
11275721822256,11275721823027,771
11275722037241,11275722037824,583
11275722259915,11275722260747,832
11275722493302,11275722493959,657
11275722709778,11275722710511,733
11275722924977,11275722925578,601
11275723144211,11275723144958,747
11275723356269,11275723356850,581
11275723572985,11275723573746,761
11275723788552,11275723789157,605
11275724015264,11275724016003,739
11275724275299,11275724275937,638
11275724495702,11275724496426,724
11275724710138,11275724710722,584
11275724926247,11275724927014,767
11275725140424,11275725141059,635
11275725386956,11275725387718,762
11275725606309,11275725606945,636
11275725824730,11275725825496,766
11275726043071,11275726043716,645
11275726260046,11275726260811,765
11275726477605,11275726478232,627
11275726692718,11275726693481,763
11275726907681,11275726908326,645
11275727126314,11275727127040,726
11275727345299,11275727345876,577
11275727561823,11275727562553,730
11275727778955,11275727779602,647
11275727994223,11275727994959,736
11275728210836,11275728211473,637
11275728427153,11275728427919,766
11275728644377,11275728644991,614
11275728861818,11275728862569,751
11275729141559,11275729142179,620
11275729382373,11275729383165,792
11275729598168,11275729598772,604
11275729814101,11275729814822,721
11275730027403,11275730027995,592
11275730247723,11275730248473,750
11275730466181,11275730466789,608
11275730680391,11275730681150,759
11275730894146,11275730894744,598
11275731114232,11275731114948,716
11275731326951,11275731327534,583
11275731545291,11275731546040,749
11275731759326,11275731759922,596
11275731976660,11275731977409,749
11275732194162,11275732194759,597
11275732416768,11275732417524,756
11275732630678,11275732631281,603
11275732849691,11275732850442,751
11275733065988,11275733066593,605
11275733281316,11275733282075,759
11275733498133,11275733498747,614
11275733712557,11275733713349,792
11275733937320,11275733937975,655
11275734158270,11275734159067,797
11275734373114,11275734373731,617
11275734589225,11275734589972,747
11275734804587,11275734805193,606
11275735024022,11275735024758,736
11275735239699,11275735240319,620
11275735454947,11275735455708,761
11275735675665,11275735676316,651
11275735897254,11275735898008,754
11275736109870,11275736110478,608
11275736327004,11275736327759,755
11275736546118,11275736546701,583
11275736764290,11275736765003,713
11275736978521,11275736979116,595
11275737196682,11275737197419,737
11275737411605,11275737412178,573
11275737628145,11275737628871,726
11275737848228,11275737848800,572
11275738065310,11275738066032,722
11275738281322,11275738281932,610
11275738496572,11275738497336,764
11275738710303,11275738710916,613
11275738942536,11275738943346,810
11275739164971,11275739165611,640
11275739381270,11275739382049,779
11275739597540,11275739598161,621
11275739818590,11275739819386,796
11275740031827,11275740032430,603
11275740249254,11275740250035,781
11275740465939,11275740466540,601
11275740682950,11275740683738,788
11275740901176,11275740901853,677
11275741119184,11275741119933,749
11275741334090,11275741334695,605
11275741552213,11275741553005,792
11275741769366,11275741769970,604
11275741987134,11275741987909,775
11275742203511,11275742204114,603
11275742427954,11275742428707,753
11275742644147,11275742644776,629
11275742865375,11275742866139,764
11275743085639,11275743086298,659
11275743307677,11275743308459,782
11275743524478,11275743525149,671
11275743742841,11275743743629,788
11275743966290,11275743966951,661
11275744186939,11275744187721,782
11275744419798,11275744420460,662
11275744638348,11275744639158,810
11275744853817,11275744854460,643
11275745068782,11275745069554,772
11275745284851,11275745285484,633
11275745501941,11275745502701,760
11275745725815,11275745726483,668
11275745942330,11275745943127,797
11275746158464,11275746159078,614
11275746373579,11275746374360,781
11275746614688,11275746615319,631
11275746831033,11275746831776,743
11275747047399,11275747048009,610
11275747268315,11275747269090,775
11275747480129,11275747480729,600
11275747697957,11275747698729,772
11275747917413,11275747918059,646
11275748135586,11275748136326,740
11275748352983,11275748353593,610
11275748569293,11275748570034,741
11275748781776,11275748782338,562
11275749014132,11275749014957,825
11275749247356,11275749247985,629
11275749464913,11275749466703,1790
11275749679932,11275749680566,634
11275749897989,11275749898711,722
11275750114646,11275750115246,600
11275750331252,11275750332002,750
11275750544924,11275750545568,644
11275750760692,11275750761437,745
11275750977652,11275750978253,601
11275751190519,11275751191291,772
11275751408807,11275751409406,599
11275751625386,11275751626130,744
11275751842077,11275751842666,589
11275752054582,11275752055331,749
11275752289639,11275752290253,614
11275752509565,11275752510302,737
11275752723748,11275752724318,570
11275752941027,11275752941737,710
11275753156549,11275753157111,562
11275753372217,11275753372928,711
11275753587386,11275753588008,622
11275753845890,11275753846727,837
11275754096659,11275754097323,664
11275754343803,11275754344666,863
11275754586534,11275754587234,700
11275754833021,11275754833876,855
11275755120004,11275755120702,698
11275755376369,11275755377456,1087
11275755681195,11275755682096,901
11275755950652,11275755951790,1138
11275756212133,11275756212851,718
11275756487120,11275756488114,994
11275756747538,11275756748279,741
11275756996023,11275756996872,849
11275757249522,11275757250176,654
11275757493640,11275757494476,836
11275757735988,11275757736651,663
11275757991823,11275757993056,1233
11275758251528,11275758252207,679
11275758501168,11275758502016,848
11275758749311,11275758749989,678
11275759008147,11275759009034,887
11275759253118,11275759253834,716
11275759498812,11275759499651,839
11275759746947,11275759747611,664
11275759992750,11275759993574,824
11275760237174,11275760237857,683
11275760498872,11275760499679,807
11275760742824,11275760743479,655
11275760987054,11275760987899,845
11275761249041,11275761249741,700
11275761492580,11275761493424,844
11275761735550,11275761736232,682
11275761982455,11275761983327,872
11275762234090,11275762234727,637
11275762481793,11275762482615,822
11275762723741,11275762724443,702
11275762968916,11275762969772,856
11275763212047,11275763212737,690
11275763457081,11275763457921,840
11275763700800,11275763701505,705
11275763947715,11275763948582,867
11275764192417,11275764193129,712
11275764439286,11275764440136,850
11275764682543,11275764683232,689
11275764926591,11275764927425,834
11275765174120,11275765174789,669
11275765418891,11275765419735,844
11275765669821,11275765670490,669
11275765916819,11275765917666,847
11275766160334,11275766161020,686
11275766407300,11275766408189,889
11275766651909,11275766652629,720
11275766896249,11275766897089,840
11275767149242,11275767149944,702
11275767395707,11275767396542,835
11275767636693,11275767637354,661
11275767884023,11275767884838,815
11275768130467,11275768131149,682
11275768376077,11275768376929,852
11275768617675,11275768618378,703
11275768863544,11275768864431,887
11275769119143,11275769119843,700
11275769387919,11275769388803,884
11275769633851,11275769634558,707
11275769880313,11275769881236,923
11275770121682,11275770122372,690
11275770371578,11275770372471,893
11275770619910,11275770620635,725
11275770865326,11275770866176,850
11275771112932,11275771113622,690
11275771366891,11275771367748,857
11275771609591,11275771610267,676
11275771855026,11275771855874,848
11275772099308,11275772100022,714
11275772369847,11275772370694,847
11275772613479,11275772614144,665
11275772862048,11275772862885,837
11275773105709,11275773106380,671
11275773353854,11275773354703,849
11275773596055,11275773596716,661
11275773842571,11275773843395,824
11275774087943,11275774088613,670
11275774345639,11275774346433,794
11275774588508,11275774589173,665
11275774834920,11275774835730,810
11275775080236,11275775080881,645
11275775324869,11275775325659,790
11275775578201,11275775578869,668
11275775825054,11275775825885,831
11275776067485,11275776068152,667
11275776312656,11275776313503,847
11275776557540,11275776558256,716
11275776803821,11275776804663,842
11275777046323,11275777047022,699
11275777292046,11275777292895,849
11275777536697,11275777537337,640
11275777780836,11275777781709,873
11275778024013,11275778024717,704
11275778268199,11275778268992,793
11275778515239,11275778515910,671
11275778759728,11275778760574,846
11275779013419,11275779014124,705
11275779269043,11275779269879,836
11275779516144,11275779516838,694
11275779762168,11275779762998,830
11275780004268,11275780004989,721
11275780248426,11275780249247,821
11275780492770,11275780493443,673
11275780743693,11275780744569,876
11275780985902,11275780986577,675
11275781228440,11275781229273,833
11275781469776,11275781470489,713
11275781716345,11275781717243,898
11275781961127,11275781961853,726
11275782204997,11275782211031,6034
11275782460739,11275782461425,686
11275782707620,11275782708473,853
11275782951384,11275782952084,700
11275783199283,11275783200162,879
11275783447884,11275783448583,699
11275783692779,11275783693680,901
11275783936682,11275783937352,670
11275784181654,11275784182500,846
11275784424857,11275784425546,689
11275784671317,11275784672187,870
11275784919370,11275784920079,709
11275785163092,11275785163973,881
11275785406332,11275785407049,717
11275785660290,11275785661146,856
11275785902977,11275785903681,704
11275786147984,11275786148872,888
11275786390623,11275786391300,677
11275786634375,11275786635239,864
11275786877927,11275786878639,712
11275787123976,11275787124875,899
11275787365768,11275787366482,714
11275787611906,11275787612792,886
11275787854891,11275787855578,687
11275788098845,11275788099720,875
11275788357285,11275788358000,715
11275788602080,11275788602960,880
11275788846347,11275788847028,681
11275789101532,11275789102388,856
11275789361589,11275789362277,688
11275789609218,11275789610067,849
11275789850569,11275789851274,705
11275790095801,11275790096637,836
11275790338914,11275790339646,732
11275790586378,11275790587294,916
11275790830706,11275790831417,711
11275791074811,11275791075706,895
11275791333119,11275791333826,707
11275791579678,11275791580546,868
11275791867746,11275791868444,698
11275792110854,11275792111721,867
11275792368500,11275792369210,710
11275792614318,11275792615199,881
11275792860402,11275792861090,688
11275793104752,11275793105611,859
11275793351637,11275793352303,666
11275793595875,11275793596746,871
11275793840503,11275793841248,745
11275794084756,11275794085593,837
11275794327969,11275794332818,4849
11275794577673,11275794578566,893
11275794826758,11275794827456,698
11275795074143,11275795075018,875
11275795318344,11275795319063,719
11275795574553,11275795575376,823
11275795819461,11275795820139,678
11275796071742,11275796072583,841
11275796317481,11275796318170,689
11275796568772,11275796569608,836
11275796813271,11275796813948,677
11275797060299,11275797061132,833
11275797303214,11275797303876,662
11275797554617,11275797555468,851
11275797798243,11275797798906,663
11275798040394,11275798041209,815
11275798292371,11275798293051,680
11275798539036,11275798539910,874
11275798780619,11275798781281,662
11275799038801,11275799039660,859
11275799290735,11275799291438,703
11275799534445,11275799535305,860
11275799777444,11275799778114,670
11275800019595,11275800020445,850
11275800264450,11275800265109,659
11275800523853,11275800524749,896
11275800766029,11275800766748,719
11275801008120,11275801008949,829
11275801254810,11275801255510,700
11275801502701,11275801503537,836
11275801748324,11275801749007,683
11275801994747,11275801995585,838
11275802248000,11275802248690,690
11275802493635,11275802494511,876
11275802740112,11275802740792,680
11275802984524,11275802985366,842
11275803229261,11275803229959,698
11275803474427,11275803475262,835
11275803716463,11275803717092,629
11275803961164,11275803962041,877
11275804204321,11275804205012,691
11275804452520,11275804453391,871
11275804698250,11275804698928,678
11275804947114,11275804947960,846
11275805189952,11275805190642,690
11275805432979,11275805433829,850
11275805718353,11275805719055,702
11275805963242,11275805964086,844
11275806195629,11275806196262,633
11275806444122,11275806444960,838
11275806665113,11275806665767,654
11275806887854,11275806888606,752
11275807110194,11275807110784,590
11275807334523,11275807335300,777
11275807558225,11275807558815,590
11275807780714,11275807781522,808
11275808004595,11275808005208,613
11275808228510,11275808229283,773
11275808448344,11275808448922,578
11275808674684,11275808675456,772
11275808908901,11275808909549,648
11275809137146,11275809137933,787
11275809357083,11275809357698,615
11275809583461,11275809584234,773
11275809807984,11275809808600,616
11275810033580,11275810034333,753
11275810275552,11275810276140,588
11275810502595,11275810503324,729
11275810723209,11275810723791,582
11275810949680,11275810950378,698
11275811177062,11275811177655,593
11275811405838,11275811406572,734
11275811635438,11275811636052,614
11275811860594,11275811861361,767
11275812086175,11275812086778,603
11275812316130,11275812316855,725
11275812541741,11275812542332,591
11275812765269,11275812766010,741
11275812989214,11275812989849,635
11275813214595,11275813215382,787
11275813438631,11275813439252,621
11275813667042,11275813667795,753
11275813892763,11275813893396,633
11275814117298,11275814118071,773
11275814339374,11275814340014,640
11275814566559,11275814567347,788
11275814792734,11275814793336,602
11275815019174,11275815019975,801
11275815242376,11275815242991,615
11275815468348,11275815469105,757
11275815699984,11275815700640,656
11275815930970,11275815931745,775
11275816154956,11275816155563,607
11275816380938,11275816381704,766
11275816600663,11275816601299,636
11275816828246,11275816829017,771
11275817053358,11275817053945,587
11275817279986,11275817280742,756
11275817509535,11275817510156,621
11275817734591,11275817735314,723
11275817957747,11275817958401,654
11275818182119,11275818182913,794
11275818416780,11275818417344,564
11275818640713,11275818641471,758
11275818862874,11275818863486,612
11275819092322,11275819093095,773
11275819310232,11275819310829,597
11275819535295,11275819536016,721
11275819756961,11275819757575,614
11275819978743,11275819979484,741
11275820199011,11275820199605,594
11275820420723,11275820421472,749
11275820642849,11275820643452,603
11275820863271,11275820864000,729
11275821081339,11275821081918,579
11275821311116,11275821311852,736
11275821532630,11275821533194,564
11275821777885,11275821778601,716
11275822003151,11275822003718,567
11275822238308,11275822239116,808
11275822473530,11275822474203,673
11275822697021,11275822697790,769
11275822916123,11275822916737,614
11275823140378,11275823141157,779
11275823357763,11275823358358,595
11275823577316,11275823578060,744
11275823796740,11275823797358,618
11275824016216,11275824016982,766
11275824238392,11275824239019,627
11275824457760,11275824458513,753
11275824674472,11275824675080,608
11275824893845,11275824894592,747
11275825115343,11275825115953,610
11275825333410,11275825334126,716
11275825562246,11275825562858,612
11275825806285,11275825807073,788
11275826032306,11275826032917,611
11275826257169,11275826257933,764
11275826482491,11275826483072,581
11275826703358,11275826704121,763
11275826921292,11275826921898,606
11275827146596,11275827147366,770
11275827364079,11275827364686,607
11275827589284,11275827590074,790
11275827810645,11275827811247,602
11275828032398,11275828033132,734
11275828253266,11275828253872,606
11275828477295,11275828478049,754
11275828697214,11275828697837,623
11275828928456,11275828929227,771
11275829149555,11275829150148,593
11275829371990,11275829372792,802
11275829590467,11275829591121,654
11275829808940,11275829809746,806
11275830027001,11275830027612,611
11275830248066,11275830248823,757
11275830466197,11275830466775,578
11275830683540,11275830684281,741
11275830901332,11275830901891,559
11275831123230,11275831123976,746
11275831343978,11275831344588,610
11275831569342,11275831570158,816
11275831793493,11275831794116,623
11275832020760,11275832021516,756
11275832255066,11275832255747,681
11275832475324,11275832476120,796
11275832689920,11275832690534,614
11275832908200,11275832908939,739
11275833123866,11275833124482,616
11275833339944,11275833340695,751
11275833555640,11275833556212,572
11275833773116,11275833773860,744
11275834011365,11275834011965,600
11275834229288,11275834230032,744
11275834443180,11275834443776,596
11275834660293,11275834661033,740
11275834876525,11275834877119,594
11275835096698,11275835097488,790
11275835313342,11275835313916,574
11275835532466,11275835533202,736
11275835760770,11275835761355,585
11275835986292,11275835987068,776
11275836201366,11275836201973,607
11275836420391,11275836421139,748
11275836637943,11275836638568,625
11275836857317,11275836858088,771
11275837071344,11275837071984,640
11275837292255,11275837293005,750
11275837515718,11275837516311,593
11275837731178,11275837731947,769
11275837948296,11275837948904,608
11275838165479,11275838166206,727
11275838378922,11275838379527,605
11275838594164,11275838594933,769
11275838807990,11275838808608,618
11275839032882,11275839033655,773
11275839250255,11275839250908,653
11275839466653,11275839467403,750
11275839682022,11275839682614,592
11275839903346,11275839904078,732
11275840118573,11275840119179,606
11275840333755,11275840334499,744
11275840548521,11275840549108,587
11275840769500,11275840770229,729
11275840982743,11275840983350,607
11275841200717,11275841201490,773
11275841413931,11275841414545,614
11275841635618,11275841636360,742
11275841853930,11275841854495,565
11275842070414,11275842071192,778
11275842292527,11275842293146,619
11275842511771,11275842512530,759
11275842728290,11275842728921,631
11275842945494,11275842946264,770
11275843159016,11275843159594,578
11275843375027,11275843375783,756
11275843591885,11275843592500,615
11275843810072,11275843810803,731
11275844025782,11275844026363,581
11275844247414,11275844248178,764
11275844468829,11275844469433,604
11275844687715,11275844688476,761
11275844904136,11275844904737,601
11275845124907,11275845125686,779
11275845344004,11275845344585,581
11275845570030,11275845570769,739
11275845786894,11275845787503,609
11275846006684,11275846007409,725
11275846226498,11275846227075,577
11275846447030,11275846447810,780
11275846662397,11275846663005,608
11275846892009,11275846892823,814
11275847113045,11275847113667,622
11275847331865,11275847332620,755
11275847553562,11275847554196,634
11275847780820,11275847781615,795
11275848000172,11275848000810,638
11275848218065,11275848218799,734
11275848438699,11275848439298,599
11275848663919,11275848664690,771
11275848885743,11275848886369,626
11275849103074,11275849103795,721
11275849319386,11275849319991,605
11275849538887,11275849539590,703
11275849758548,11275849759133,585
11275849977571,11275849978320,749
11275850198781,11275850199413,632
11275850420951,11275850421711,760
11275850643908,11275850644487,579
11275850867896,11275850868646,750
11275851088326,11275851088917,591
11275851346577,11275851347401,824
11275851579088,11275851579751,663
11275851799879,11275851800639,760
11275852018729,11275852019366,637
11275852244951,11275852245719,768
11275852464747,11275852465373,626
11275852701505,11275852702307,802
11275852930109,11275852930763,654
11275853158826,11275853159601,775
11275853385818,11275853386374,556
11275853609442,11275853610188,746
11275853825882,11275853826454,572
11275854045865,11275854046614,749
11275854263762,11275854264389,627
11275854483183,11275854483957,774
11275854702639,11275854703260,621
11275854921575,11275854922320,745
11275855139717,11275855140340,623
11275855358567,11275855359332,765
11275855588476,11275855589127,651
11275855810086,11275855810840,754
11275856026931,11275856027522,591
11275856242154,11275856242967,813
11275856458822,11275856459417,595
11275856678796,11275856679527,731
11275856896118,11275856896743,625
11275857114201,11275857114953,752
11275857327977,11275857328568,591
11275857548012,11275857548738,726
11275857762537,11275857763140,603
11275857979693,11275857980463,770
11275858195444,11275858196076,632
11275858415754,11275858416459,705
11275858631336,11275858631945,609
11275858850069,11275858850808,739
11275859072805,11275859073410,605
11275859292128,11275859292862,734
11275859506270,11275859506888,618
11275859723335,11275859724076,741
11275859938797,11275859939430,633
11275860158857,11275860159609,752
11275860375429,11275860376039,610
11275860593804,11275860594580,776
11275860807526,11275860808119,593
11275861026504,11275861027270,766
11275861244493,11275861245071,578
11275861462708,11275861463414,706
11275861680374,11275861680941,567
11275861895452,11275861896141,689
11275862109603,11275862110183,580
11275862335354,11275862336131,777
11275862555737,11275862556329,592
11275862774653,11275862775411,758
11275862992339,11275862992935,596
11275863212339,11275863213081,742
11275863430110,11275863430706,596
11275863654733,11275863655496,763
11275863868824,11275863869438,614
11275864087426,11275864088179,753
11275864303657,11275864304229,572
11275864521263,11275864522012,749
11275864738585,11275864739162,577
11275864953018,11275864953741,723
11275865168308,11275865168905,597
11275865389131,11275865389901,770
11275865607522,11275865608157,635
11275865866994,11275865867730,736
11275866086005,11275866086644,639
11275866304106,11275866304861,755
11275866518220,11275866518822,602
11275866733402,11275866734159,757
11275866951001,11275866951616,615
11275867166632,11275867167379,747
11275867382875,11275867383505,630
11275867600198,11275867600940,742
11275867816985,11275867817565,580
11275868033684,11275868034453,769
11275868253899,11275868254482,583
11275868470758,11275868471484,726
11275868686519,11275868687125,606
11275868907809,11275868908588,779
11275869122460,11275869123076,616
11275869351725,11275869352461,736
11275869565663,11275869566299,636
11275869787930,11275869788686,756
11275870004515,11275870005128,613
11275870223108,11275870223901,793
11275870439571,11275870440154,583
11275870656728,11275870657485,757
11275870872164,11275870872771,607
11275871102850,11275871103618,768
11275871318871,11275871319483,612
11275871536676,11275871537419,743
11275871753559,11275871754170,611
11275871970172,11275871970950,778
11275872188628,11275872189241,613
11275872412593,11275872413357,764
11275872629741,11275872630402,661
11275872847553,11275872848316,763
11275873066342,11275873066959,617
11275873282978,11275873283758,780
11275873498681,11275873499300,619
11275873717359,11275873718117,758
11275873933085,11275873933685,600
11275874150481,11275874151223,742
11275874377245,11275874377861,616
11275874592878,11275874593608,730
11275874809728,11275874810361,633
11275875028985,11275875029735,750
11275875243406,11275875244017,611
11275875460075,11275875460841,766
11275875679627,11275875680271,644
11275875898451,11275875899224,773
11275876114092,11275876114715,623
11275876330481,11275876331209,728
11275876546298,11275876546869,571
11275876764117,11275876764871,754
11275876980574,11275876981151,577
11275877198679,11275877199416,737
11275877414082,11275877414693,611
11275877632686,11275877633442,756
11275877845781,11275877846413,632
11275878066244,11275878067016,772
11275878283628,11275878284301,673
11275878503398,11275878504174,776
11275878718963,11275878719584,621
11275878940700,11275878941476,776
11275879157780,11275879158447,667
11275879372836,11275879373603,767
11275879587232,11275879587849,617
11275879805943,11275879806757,814
11275880023952,11275880024572,620
11275880238648,11275880239408,760
11275880459062,11275880459699,637
11275880675974,11275880676757,783
11275880893877,11275880894463,586
11275881110843,11275881111573,730
11275881325531,11275881326101,570
11275881543329,11275881544081,752
11275881755964,11275881756537,573
11275881976205,11275881976919,714
11275882189223,11275882189814,591
11275882418131,11275882418861,730
11275882633999,11275882634605,606
11275882853575,11275882854299,724
11275883065083,11275883065694,611
11275883287451,11275883288191,740
11275883502302,11275883502910,608
11275883719276,11275883720017,741
11275883959209,11275883959854,645
11275884181201,11275884181943,742
11275884400190,11275884400791,601
11275884614927,11275884616755,1828
11275884831640,11275884832279,639
11275885047896,11275885048670,774
11275885263841,11275885267361,3520
11275885486048,11275885486825,777
11275885706141,11275885706776,635
11275885924590,11275885925366,776
11275886139763,11275886140376,613
11275886357243,11275886357988,745
11275886570908,11275886571453,545
11275886787427,11275886788147,720
11275887002013,11275887002567,554
11275887221006,11275887221721,715
11275887448951,11275887449515,564
11275887665717,11275887666442,725
11275887879141,11275887879710,569
11275888097993,11275888098716,723
11275888312715,11275888313292,577
11275888530999,11275888531714,715
11275888743853,11275888744431,578
11275888964068,11275888964840,772
11275889183527,11275889184131,604
11275889401337,11275889402097,760
11275889613016,11275889613612,596
11275889828049,11275889828763,714
11275890044726,11275890045291,565
11275890260404,11275890261168,764
11275890473708,11275890474265,557
11275890690731,11275890691485,754
11275890903910,11275890904532,622
11275891122636,11275891123362,726
11275891339341,11275891339966,625
11275891554000,11275891554746,746
11275891769781,11275891770405,624
11275891987295,11275891988052,757
11275892201109,11275892201658,549
11275892423923,11275892424651,728
11275892637757,11275892638362,605
11275892851869,11275892852589,720
11275893068312,11275893068911,599
11275893288977,11275893289691,714
11275893501600,11275893502181,581
11275893719001,11275893719730,729
11275893934776,11275893935369,593
11275894151100,11275894151810,710
11275894381525,11275894382110,585
11275894599498,11275894600214,716
11275894812690,11275894813295,605
11275895034076,11275895034798,722
11275895255707,11275895256344,637
11275895475516,11275895476256,740
11275895699548,11275895700147,599
11275895921576,11275895922326,750
11275896135452,11275896136030,578
11275896353724,11275896354446,722
11275896566728,11275896567258,530
11275896783176,11275896783865,689
11275897000309,11275897000877,568
11275897218154,11275897218901,747
11275897433884,11275897434495,611
11275897649170,11275897649882,712
11275897864962,11275897865539,577
11275898082230,11275898082959,729
11275898294918,11275898295471,553
11275898512148,11275898512895,747
11275898729754,11275898730330,576
11275898951243,11275898951969,726
11275899169361,11275899169992,631
11275899387998,11275899388751,753
11275899600508,11275899601102,594
11275899818500,11275899819236,736
11275900030923,11275900031512,589
11275900247769,11275900248499,730
11275900461194,11275900461819,625
11275900679552,11275900680322,770
11275900893016,11275900893604,588
11275901108763,11275901109508,745
11275901322817,11275901323398,581
11275901538922,11275901539666,744
11275901755672,11275901756261,589
11275901973402,11275901974153,751
11275902187400,11275902187990,590
11275902412983,11275902413742,759
11275902630906,11275902631568,662
11275902847244,11275902847996,752
11275903059977,11275903060603,626
11275903280415,11275903281156,741
11275903505238,11275903505801,563
11275903722163,11275903722936,773
11275903936918,11275903937551,633
11275904153548,11275904154272,724
11275904379758,11275904380342,584
11275904601175,11275904601895,720
11275904815891,11275904816468,577
11275905033502,11275905034272,770
11275905250277,11275905250922,645
11275905469746,11275905470535,789
11275905688862,11275905689482,620
11275905908539,11275905909292,753
11275906122851,11275906123447,596
11275906340220,11275906340974,754
11275906557402,11275906558039,637
11275906776411,11275906777198,787
11275906991334,11275906991932,598
11275907211269,11275907212056,787
11275907424537,11275907425151,614
11275907644299,11275907645049,750
11275907856891,11275907857495,604
11275908074185,11275908074938,753
11275908289190,11275908289796,606
11275908508480,11275908509228,748
11275908723148,11275908723752,604
11275908943563,11275908944329,766
11275909159021,11275909159654,633
11275909376414,11275909377160,746
11275909595389,11275909595988,599
11275909812403,11275909813138,735
11275910028383,11275910028990,607
11275910246877,11275910247630,753
11275910462911,11275910463542,631
11275910680133,11275910680912,779
11275910896142,11275910896757,615
11275911111798,11275911112536,738
11275911344084,11275911344681,597
11275911562858,11275911563616,758
11275911774556,11275911775167,611
11275911992454,11275911993212,758
11275912210731,11275912211325,594
11275912431092,11275912431836,744
11275912644233,11275912644857,624
11275912862867,11275912863644,777
11275913074210,11275913074789,579
11275913294176,11275913294947,771
11275913508045,11275913508678,633
11275913725323,11275913726071,748
11275913940316,11275913940924,608
11275914155635,11275914156392,757
11275914373262,11275914373903,641
11275914592364,11275914593125,761
11275914806140,11275914806774,634
11275915019488,11275915020262,774
11275915237832,11275915238457,625
11275915453108,11275915453875,767
11275915672124,11275915672748,624
11275915889776,11275915890493,717
11275916103476,11275916104077,601
11275916322661,11275916323341,680
11275916536979,11275916537553,574
11275916752808,11275916753554,746
11275916968433,11275916969064,631
11275917188882,11275917189626,744
11275917403722,11275917404309,587
11275917621323,11275917622072,749
11275917834136,11275917834734,598
11275918050964,11275918051703,739
11275918271339,11275918271924,585
11275918489908,11275918490646,738
11275918704849,11275918705496,647
11275918925300,11275918926045,745
11275919141745,11275919142339,594
11275919366804,11275919367536,732
11275919582008,11275919582595,587
11275919801935,11275919802671,736
11275920020481,11275920021107,626
11275920237251,11275920238013,762
11275920452561,11275920453142,581
11275920669787,11275920670539,752
11275920884965,11275920885546,581
11275921102966,11275921103718,752
11275921317465,11275921318052,587
11275921548319,11275921549081,762
11275921764996,11275921765571,575
11275921984850,11275921985625,775
11275922199704,11275922200282,578
11275922421123,11275922421862,739
11275922635561,11275922636198,637
11275922851183,11275922851939,756
11275923071351,11275923071967,616
11275923287316,11275923288097,781
11275923502328,11275923502947,619
11275923718631,11275923719413,782
11275923935177,11275923935790,613
11275924153605,11275924154338,733
11275924367664,11275924368285,621
11275924583833,11275924584607,774
11275924800664,11275924801272,608
11275925019243,11275925020001,758
11275925234787,11275925235402,615
11275925458168,11275925458926,758
11275925678509,11275925679105,596
11275925899525,11275925900250,725
11275926114818,11275926115450,632
11275926331073,11275926331850,777
11275926546968,11275926547577,609
11275926762919,11275926763636,717
11275926978905,11275926979473,568
11275927195228,11275927195952,724
11275927416134,11275927416739,605
11275927632819,11275927633599,780
11275927851014,11275927851625,611
11275928067255,11275928068000,745
11275928283527,11275928284096,569
11275928543755,11275928544516,761
11275928761866,11275928762482,616
11275928987775,11275928988530,755
11275929209422,11275929210033,611
11275929427033,11275929427783,750
11275929641454,11275929642069,615
11275929862171,11275929862918,747
11275930077998,11275930078596,598
11275930295650,11275930296396,746
11275930513375,11275930513982,607
11275930730476,11275930731247,771
11275930946055,11275930946639,584
11275931164203,11275931164964,761
11275931376877,11275931377460,583
11275931592423,11275931593161,738
11275931810507,11275931811103,596
11275932027121,11275932027896,775
11275932247321,11275932248000,679
11275932470835,11275932471605,770
11275932689723,11275932690342,619
11275932907652,11275932908468,816
11275933121931,11275933122544,613
11275933336640,11275933337424,784
11275933552151,11275933552778,627
11275933770844,11275933771632,788
11275933984883,11275933985497,614
11275934202400,11275934203179,779
11275934427031,11275934427604,573
11275934642297,11275934643049,752
11275934859932,11275934860512,580
11275935076032,11275935076807,775
11275935291688,11275935292285,597
11275935510474,11275935511235,761
11275935730625,11275935731295,670
11275935948605,11275935949364,759
11275936162974,11275936163565,591
11275936379438,11275936380190,752
11275936595018,11275936595605,587
11275936814550,11275936815325,775
11275937031461,11275937032042,581
11275937247507,11275937248259,752
11275937465006,11275937465583,577
11275937683378,11275937684133,755
11275937900723,11275937901345,622
11275938116915,11275938117690,775
11275938332535,11275938333142,607
11275938551533,11275938552270,737
11275938767680,11275938768280,600
11275938990026,11275938990826,800
11275939204425,11275939205079,654
11275939426459,11275939427180,721
11275939643319,11275939643890,571
11275939859663,11275939860386,723
11275940075229,11275940075844,615
11275940289410,11275940290173,763
11275940519152,11275940519754,602
11275940736149,11275940736896,747
11275940951581,11275940952168,587
11275941168451,11275941169165,714
11275941382691,11275941383252,561
11275941601497,11275941602206,709
11275941816283,11275941816878,595
11275942032379,11275942033069,690
11275942269679,11275942270285,606
11275942490871,11275942491577,706
11275942704555,11275942705120,565
11275942922063,11275942922795,732
11275943137851,11275943138440,589
11275943358736,11275943359469,733
11275943578968,11275943579605,637
11275943797645,11275943798405,760
11275944014117,11275944014732,615
11275944231292,11275944232034,742
11275944449032,11275944449586,554
11275944663895,11275944664628,733
11275944877606,11275944878197,591
11275945093087,11275945093801,714
11275945307918,11275945308502,584
11275945525685,11275945526406,721
11275945748457,11275945749067,610
11275945963722,11275945964444,722
11275946180235,11275946180801,566
11275946421332,11275946422057,725
11275946638367,11275946638967,600
11275946856056,11275946856787,731
11275947071069,11275947071689,620
11275947290548,11275947291287,739
11275947507789,11275947508342,553
11275947726111,11275947726897,786
11275947942020,11275947942624,604
11275948160798,11275948161540,742
11275948376253,11275948376854,601
11275948593628,11275948594367,739
11275948809191,11275948809806,615
11275949057027,11275949058667,1640
11275949278164,11275949278827,663
11275949493806,11275949494566,760
11275949706233,11275949707873,1640
11275949924747,11275949925490,743
11275950138585,11275950139196,611
11275950354353,11275950355097,744
11275950568711,11275950569270,559
11275950790044,11275950790805,761
11275951007822,11275951008417,595
11275951223940,11275951224687,747
11275951451796,11275951452456,660
11275951669267,11275951670049,782
11275951885939,11275951886541,602
11275952100273,11275952101020,747
11275952324044,11275952324676,632
11275952547815,11275952548570,755
11275952765093,11275952765712,619
11275952981826,11275952982578,752
11275953194366,11275953194991,625
11275953410400,11275953411133,733
11275953626138,11275953626753,615
11275953841421,11275953842163,742
11275954055158,11275954055787,629
11275954271686,11275954272428,742
11275954483900,11275954484501,601
11275954699906,11275954700637,731
11275954910918,11275954911522,604
11275955129197,11275955129945,748
11275955342322,11275955342920,598
11275955565644,11275955566382,738
11275955781691,11275955782328,637
11275955998807,11275955999562,755
11275956213996,11275956214611,615
11275956430332,11275956431067,735
11275956646866,11275956647479,613
11275956864571,11275956865317,746
11275957077885,11275957078503,618
11275957294254,11275957294992,738
11275957525496,11275957526109,613
11275957740607,11275957741340,733
11275957954458,11275957955067,609
11275958170971,11275958171715,744
11275958385544,11275958386169,625
11275958602082,11275958602828,746
11275958817995,11275958818580,585
11275959041196,11275959041962,766
11275959262204,11275959262883,679
11275959481263,11275959482019,756
11275959694817,11275959695391,574
11275959910897,11275959911667,770
11275960124771,11275960125430,659
11275960349161,11275960349928,767
11275960561753,11275960562372,619
11275960778150,11275960778861,711
11275960989952,11275960990529,577
11275961228000,11275961228745,745
11275961442834,11275961443465,631
11275961660021,11275961660768,747
11275961871048,11275961871681,633
11275962088666,11275962089400,734
11275962310155,11275962310800,645
11275962527783,11275962528521,738
11275962743337,11275962743956,619
11275962959441,11275962960171,730
11275963175539,11275963176153,614
11275963392982,11275963393753,771
11275963606630,11275963607180,550
11275963822463,11275963823223,760
11275964036879,11275964037482,603
11275964252902,11275964253650,748
11275964468491,11275964469113,622
11275964687945,11275964688699,754
11275964900666,11275964901257,591
11275965117865,11275965118600,735
11275965336385,11275965337011,626
11275965557090,11275965557854,764
11275965772852,11275965773447,595
11275965990176,11275965990951,775
11275966206239,11275966206791,552
11275966425101,11275966425852,751
11275966637494,11275966638114,620
11275966854168,11275966854911,743
11275967067460,11275967068066,606
11275967285109,11275967285891,782
11275967522227,11275967522843,616
11275967740821,11275967741594,773
11275967951262,11275967951880,618
11275968170874,11275968171611,737
11275968386898,11275968387442,544
11275968601045,11275968601777,732
11275968814867,11275968815501,634
11275969034351,11275969035103,752
11275969260168,11275969260818,650
11275969476556,11275969477324,768
11275969689554,11275969690166,612
11275969905924,11275969906676,752
11275970123153,11275970123753,600
11275970339046,11275970339797,751
11275970552196,11275970552830,634
11275970769713,11275970770475,762
11275970986208,11275970986807,599
11275971200630,11275971201371,741
11275971418933,11275971419528,595
11275971637113,11275971637825,712
11275971850493,11275971851081,588
11275972068323,11275972069069,746
11275972286574,11275972287195,621
11275972508939,11275972509710,771
11275972724902,11275972725489,587
11275972941666,11275972942442,776
11275973155747,11275973156336,589
11275973372834,11275973373580,746
11275973586272,11275973586875,603
11275973802002,11275973802778,776
11275974018840,11275974019458,618
11275974236402,11275974237133,731
11275974449719,11275974450295,576
11275974666699,11275974667429,730
11275974883924,11275974884508,584
11275975099596,11275975100327,731
11275975319905,11275975320490,585
11275975536716,11275975537447,731
11275975756144,11275975756764,620
11275975975648,11275975976411,763
11275976189776,11275976190397,621
11275976409030,11275976409797,767
11275976626018,11275976626614,596
11275976844349,11275976845159,810
11275977062038,11275977062650,612
11275977281447,11275977282220,773
11275977494709,11275977495291,582
11275977712158,11275977712900,742
11275977928042,11275977928649,607
11275978144237,11275978144970,733
11275978361115,11275978361675,560
11275978579677,11275978580456,779
11275978793711,11275978794312,601
11275979015415,11275979016168,753
11275979229971,11275979230618,647
11275979451400,11275979452132,732
11275979674813,11275979675394,581
11275979893124,11275979893855,731
11275980107392,11275980107986,594
11275980324232,11275980324952,720
11275980539219,11275980539836,617
11275980759820,11275980760584,764
11275980979799,11275980980380,581
11275981203165,11275981203897,732
11275981419674,11275981420251,577
11275981638555,11275981639305,750
11275981854603,11275981855228,625
11275982075522,11275982076275,753
11275982301166,11275982301785,619
11275982519915,11275982520691,776
11275982744113,11275982744753,640
11275982963714,11275982964436,722
11275983183006,11275983183598,592
11275983402745,11275983403505,760
11275983624641,11275983625237,596
11275983846714,11275983847449,735
11275984062252,11275984062823,571
11275984286516,11275984287252,736
11275984504978,11275984505561,583
11275984727208,11275984727949,741
11275984944391,11275984944971,580
11275985162490,11275985163246,756
11275985380195,11275985380767,572
11275985603987,11275985604749,762
11275985821433,11275985822058,625
11275986040482,11275986041195,713
11275986263362,11275986263977,615
11275986477810,11275986478540,730
11275986694608,11275986695226,618
11275986910970,11275986911719,749
11275987127340,11275987127931,591
11275987356023,11275987356795,772
11275987573582,11275987574189,607
11275987792528,11275987793269,741
11275988013111,11275988013728,617
11275988231951,11275988232726,775
11275988451492,11275988452071,579
11275988672639,11275988673405,766
11275988894881,11275988895511,630
11275989114284,11275989115062,778
11275989333759,11275989334343,584
11275989554817,11275989555578,761
11275989769117,11275989769737,620
11275989992261,11275989992986,725
11275990213824,11275990214461,637
11275990432064,11275990432824,760
11275990651374,11275990651981,607
11275990868389,11275990869171,782
11275991122845,11275991123529,684
11275991351536,11275991352313,777
11275991572298,11275991572943,645
11275991799363,11275991800152,789
11275992016100,11275992016737,637
11275992245700,11275992246481,781
11275992469465,11275992470086,621
11275992689737,11275992690487,750
11275992908903,11275992909536,633
11275993128727,11275993129495,768
11275993344935,11275993345539,604
11275993566927,11275993567677,750
11275993790402,11275993790991,589
11275994010538,11275994011276,738
11275994230210,11275994230855,645
11275994474043,11275994474803,760
11275994692187,11275994692794,607
11275994912030,11275994912773,743
11275995134233,11275995134833,600
11275995354505,11275995355268,763
11275995579377,11275995579972,595
11275995798715,11275995799489,774
11275996016579,11275996017209,630
11275996235662,11275996236409,747
11275996458893,11275996459488,595
11275996678767,11275996679901,1134
11275996899959,11275996900577,618
11275997120137,11275997120899,762
11275997342120,11275997342742,622
11275997565717,11275997566488,771
11275997779093,11275997779681,588
11275998000494,11275998001255,761
11275998221811,11275998222397,586
11275998443116,11275998443899,783
11275998664240,11275998664803,563
11275998889788,11275998890599,811
11275999109747,11275999110385,638
11275999329568,11275999330348,780
11275999552741,11275999553335,594
11275999771907,11275999772668,761
11275999993244,11275999993825,581
11276000226583,11276000227411,828
11276000446100,11276000446754,654
11276000666699,11276000667552,853
11276000881128,11276000881722,594
11276001098284,11276001099053,769
11276001314728,11276001315360,632
11276001541485,11276001542214,729
11276001755310,11276001755949,639
11276001973334,11276001974081,747
11276002202233,11276002202855,622
11276002427264,11276002428024,760
11276002639778,11276002640399,621
11276002857799,11276002858553,754
11276003073439,11276003074045,606
11276003302248,11276003302978,730
11276003521865,11276003522495,630
11276003738943,11276003739684,741
11276003956000,11276003956592,592
11276004178087,11276004178830,743
11276004399973,11276004400560,587
11276004623177,11276004623937,760
11276004846412,11276004847005,593
11276005065921,11276005066691,770
11276005282686,11276005283277,591
11276005507393,11276005508162,769
11276005728969,11276005729600,631
11276005951743,11276005952534,791
11276006172809,11276006173427,618
11276006394882,11276006395638,756
11276006617708,11276006618343,635
11276006842268,11276006843042,774
11276007058000,11276007058591,591
11276007277593,11276007278345,752
11276007499646,11276007500219,573
11276007723715,11276007724482,767
11276007939987,11276007940571,584
11276008157202,11276008157932,730
11276008374732,11276008375335,603
11276008595329,11276008596061,732
11276008813295,11276008813879,584
11276009036972,11276009037694,722
11276009259146,11276009259758,612
11276009479881,11276009480602,721
11276009695879,11276009696476,597
11276009920785,11276009921513,728
11276010138944,11276010139566,622
11276010362037,11276010362797,760
11276010577166,11276010577772,606
11276010794656,11276010795434,778
11276011012401,11276011013013,612
11276011232215,11276011232976,761
11276011448084,11276011448738,654
11276011668667,11276011669426,759
11276011888373,11276011888991,618
11276012103063,11276012103791,728
11276012324502,11276012325139,637
11276012542157,11276012542899,742
11276012760116,11276012760725,609
11276012977694,11276012978469,775
11276013193998,11276013194594,596
11276013409998,11276013410762,764
11276013628905,11276013629562,657
11276013844267,11276013845005,738
11276014058640,11276014059194,554
11276014278783,11276014279509,726
11276014492653,11276014493251,598
11276014709604,11276014710331,727
11276014925061,11276014925657,596
11276015143741,11276015144511,770
11276015358323,11276015358931,608
11276015580850,11276015581613,763
11276015799081,11276015799713,632
11276016020431,11276016021184,753
11276016250124,11276016250775,651
11276016475074,11276016475842,768
11276016721835,11276016722456,621
11276016946013,11276016946764,751
11276017163994,11276017164582,588
11276017379760,11276017380493,733
11276017596188,11276017596829,641
11276017814695,11276017815427,732
11276018028962,11276018029533,571
11276018242763,11276018243481,718
11276018458200,11276018458818,618
11276018675483,11276018676199,716
11276018894052,11276018894696,644
11276019115586,11276019116320,734
11276019335717,11276019336302,585
11276019555319,11276019556036,717
11276019773681,11276019774298,617
11276019995947,11276019996664,717
11276020208723,11276020209284,561
11276020433287,11276020434030,743
11276020651456,11276020652087,631
11276020868590,11276020870262,1672
11276021085672,11276021086274,602
11276021307030,11276021307790,760
11276021526301,11276021526943,642
11276021743824,11276021744593,769
11276021957997,11276021958608,611
11276022177905,11276022178670,765
11276022409632,11276022410277,645
11276022630758,11276022631490,732
11276022850295,11276022850894,599
11276023071408,11276023072139,731
11276023289980,11276023290593,613
11276023509499,11276023510224,725
11276023727502,11276023728129,627
11276023946245,11276023947006,761
11276024161015,11276024161610,595
11276024380320,11276024381071,751
11276024597822,11276024598446,624
11276024814393,11276024815145,752
11276025029961,11276025030558,597
11276025245935,11276025246650,715
11276025463675,11276025464280,605
11276025684498,11276025685253,755
11276025900721,11276025901366,645
11276026116815,11276026117514,699
11276026332130,11276026332741,611
11276026554144,11276026554873,729
11276026768955,11276026769610,655
11276026987945,11276026988673,728
11276027204441,11276027205046,605
11276027426778,11276027427475,697
11276027643957,11276027644591,634
11276027863550,11276027864308,758
11276028080569,11276028081176,607
11276028303661,11276028304387,726
11276028520342,11276028520992,650
11276028740261,11276028741015,754
11276028957754,11276028958369,615
11276029174503,11276029175279,776
11276029393332,11276029393980,648
11276029610208,11276029610940,732
11276029823484,11276029824096,612
11276030045959,11276030046751,792
11276030262837,11276030263448,611
11276030483240,11276030484016,776
11276030701886,11276030702455,569
11276030921236,11276030921964,728
11276031139832,11276031140428,596
11276031360433,11276031361158,725
11276031576407,11276031576987,580
11276031797527,11276031798281,754
11276032012786,11276032013388,602
11276032239923,11276032240675,752
11276032464540,11276032465119,579
11276032705798,11276032706635,837
11276032928709,11276032929321,612
11276033151106,11276033151852,746
11276033367607,11276033368194,587
11276033586660,11276033587426,766
11276033800652,11276033801239,587
11276034020919,11276034021695,776
11276034237239,11276034237838,599
11276034454156,11276034454876,720
11276034670233,11276034670824,591
11276034888772,11276034889550,778
11276035106451,11276035107020,569
11276035321911,11276035322698,787
11276035536719,11276035537324,605
11276035760675,11276035761423,748
11276035975674,11276035976261,587
11276036194381,11276036195097,716
11276036410757,11276036411404,647
11276036626675,11276036627410,735
11276036841189,11276036841789,600
11276037062179,11276037062911,732
11276037277953,11276037278551,598
11276037494063,11276037494811,748
11276037708801,11276037709368,567
11276037927085,11276037927866,781
11276038143155,11276038143820,665
11276038366400,11276038367180,780
11276038583440,11276038584031,591
11276038800562,11276038801167,605
11276039025233,11276039026012,779
11276039241499,11276039242131,632
11276039458944,11276039459688,744
11276039675572,11276039676187,615
11276039894425,11276039895150,725
11276040108047,11276040108653,606
11276040334375,11276040335129,754
11276040551255,11276040551851,596
11276040768843,11276040769606,763
11276040988746,11276040989368,622
11276041207770,11276041208517,747
11276041421091,11276041421665,574
11276041637700,11276041638278,578
11276041856047,11276041856827,780
11276042072985,11276042073584,599
11276042294837,11276042295617,780
11276042510784,11276042511458,674
11276042727707,11276042728445,738
11276042946018,11276042946615,597
11276043161124,11276043161862,738
11276043377266,11276043377861,595
11276043592527,11276043593253,726
11276043810014,11276043810613,599
11276044029110,11276044029840,730
11276044242978,11276044243597,619
11276044461137,11276044461862,725
11276044679685,11276044680274,589
11276044895364,11276044896085,721
11276045109857,11276045110444,587
11276045328187,11276045328921,734
11276045545575,11276045546193,618
11276045766612,11276045767348,736
11276045983667,11276045984268,601
11276046199543,11276046200302,759
11276046413795,11276046414362,567
11276046633628,11276046634201,573
11276046851914,11276046852622,708
11276047064305,11276047064885,580
11276047286346,11276047286928,582
11276047503112,11276047503850,738
11276047719886,11276047720491,605
11276047935014,11276047935721,707
11276048152529,11276048153073,544
11276048371445,11276048372005,560
11276048593136,11276048593896,760
11276048805848,11276048806501,653
11276049035559,11276049036352,793
11276049249650,11276049250297,647
11276049469967,11276049470742,775
11276049687056,11276049687660,604
11276049905319,11276049905895,576
11276050121889,11276050122624,735
11276050341529,11276050342145,616
11276050560858,11276050561576,718
11276050776765,11276050777349,584
11276051000873,11276051001610,737
11276051213904,11276051214507,603
11276051431354,11276051432109,755
11276051648713,11276051649300,587
11276051867361,11276051867908,547
11276052083161,11276052083896,735
11276052326321,11276052326923,602
11276052547305,11276052548085,780
11276052765284,11276052765889,605
11276052983113,11276052983860,747
11276053199911,11276053200499,588
11276053418886,11276053419622,736
11276053635558,11276053636141,583
11276053854805,11276053855536,731
11276054070303,11276054070872,569
11276054348457,11276054349157,700
11276054569989,11276054570536,547
11276054789965,11276054790669,704
11276055005632,11276055006198,566
11276055225114,11276055225816,702
11276055437907,11276055438436,529
11276055663312,11276055664076,764
11276055878136,11276055878787,651
11276056096913,11276056097671,758
11276056312720,11276056313317,597
11276056531576,11276056532319,743
11276056747973,11276056748566,593
11276056964767,11276056965523,756
11276057179395,11276057179993,598
11276057413538,11276057414133,595
11276057634422,11276057635155,733
11276057849623,11276057850235,612
11276058068093,11276058068837,744
11276058288278,11276058288892,614
11276058639794,11276058640617,823
11276058863927,11276058864566,639
11276059089187,11276059089976,789
11276059313669,11276059314313,644
11276059535005,11276059535725,720
11276059751001,11276059751640,639
11276059967406,11276059968161,755
11276060184572,11276060185240,668
11276060403258,11276060404036,778
11276060620381,11276060621030,649
11276060836673,11276060837456,783
11276061051607,11276061052228,621
11276061283475,11276061284234,759
11276061499623,11276061500213,590
11276061717597,11276061718333,736
11276061929802,11276061930448,646
11276062149540,11276062150295,755
11276062369070,11276062369708,638
11276062588118,11276062588862,744
11276062805575,11276062806204,629
11276063023113,11276063023846,733
11276063239696,11276063240328,632
11276063462723,11276063463488,765
11276063676926,11276063677529,603
11276063897565,11276063898296,731
11276064112640,11276064113285,645
11276064334228,11276064334986,758
11276064554294,11276064554943,649
11276064782311,11276064783084,773
11276065031120,11276065031806,686
11276065266483,11276065267255,772
11276065496596,11276065497285,689
11276065744288,11276065745111,823
11276065994889,11276065995535,646
11276066241297,11276066242120,823
11276066477183,11276066477856,673
11276066740744,11276066741646,902
11276067000870,11276067001651,781
11276067266412,11276067267301,889
11276067570265,11276067570960,695
11276067856427,11276067857593,1166
11276068192052,11276068192849,797
11276068569467,11276068570923,1456
11276068948660,11276068949751,1091
11276069351461,11276069353090,1629
11276069721191,11276069722091,900
11276070052600,11276070053784,1184
11276070367342,11276070368102,760
11276070677485,11276070678541,1056
11276070957730,11276070958409,679
11276071268271,11276071269196,925
11276071614056,11276071615410,1354
11276071946237,11276071947185,948
11276072264276,11276072264917,641
11276072528522,11276072529357,835
11276072790181,11276072790896,715
11276073077113,11276073078348,1235
11276073384124,11276073384872,748
11276073650656,11276073651536,880
11276073908128,11276073908781,653
11276074160498,11276074161342,844
11276074418044,11276074418736,692
11276074673171,11276074674028,857
11276074919454,11276074920143,689
11276075169726,11276075170579,853
11276075421443,11276075422121,678
11276075681042,11276075681904,862
11276075934591,11276075935250,659
11276076188734,11276076189587,853
11276076434952,11276076435648,696
11276076685368,11276076686198,830
11276076933916,11276076934647,731
11276077187478,11276077188351,873
11276077434291,11276077435019,728
11276077689742,11276077690580,838
11276077935558,11276077936285,727
11276078187111,11276078187947,836
11276078440248,11276078440921,673
11276078758241,11276078759107,866
11276079100916,11276079101577,661
11276079390708,11276079391586,878
11276079642093,11276079642720,627
11276079894649,11276079895518,869
11276080145287,11276080145987,700
11276080394622,11276080395517,895
11276080645222,11276080645911,689
11276080894713,11276080895592,879
11276081139935,11276081140655,720
11276081420786,11276081421633,847
11276081682741,11276081683436,695
11276081930048,11276081930898,850
11276082173289,11276082173959,670
11276082466561,11276082467382,821
11276082720939,11276082721620,681
11276082970325,11276082971166,841
11276083217591,11276083218292,701
11276083465230,11276083466078,848
11276083709149,11276083709851,702
11276083961069,11276083961910,841
11276084228986,11276084229666,680
11276084536078,11276084537246,1168
11276084812100,11276084812835,735
11276085080503,11276085081434,931
11276085406019,11276085406705,686
11276085701539,11276085702444,905
11276085981969,11276085982686,717
11276086297870,11276086298717,847
11276086571659,11276086572457,798
11276086851895,11276086852705,810
11276087126397,11276087127085,688
11276087416741,11276087417794,1053
11276087807463,11276087808237,774
11276088083477,11276088084334,857
11276088352769,11276088353448,679
11276088631006,11276088631923,917
11276088912114,11276088912782,668
11276089171573,11276089172422,849
11276089425242,11276089425933,691
11276089676772,11276089677640,868
11276089933909,11276089934580,671
11276090190523,11276090191451,928
11276090467749,11276090468424,675
11276090715383,11276090716262,879
11276090969579,11276090970356,777
11276091219745,11276091221639,1894
11276091467479,11276091468155,676
11276091714959,11276091715843,884
11276091965133,11276091965833,700
11276092222693,11276092223586,893
11276092482688,11276092483343,655
11276092738974,11276092739846,872
11276092985026,11276092985719,693
11276093235644,11276093236524,880
11276093492034,11276093492699,665
11276093744343,11276093745174,831
11276093990745,11276093991410,665
11276094257058,11276094257928,870
11276094505181,11276094505865,684
11276094768252,11276094769140,888
11276095030381,11276095031089,708
11276095306948,11276095307883,935
11276095562407,11276095563043,636
11276095824111,11276095824979,868
11276096075743,11276096076434,691
11276096327261,11276096328095,834
11276096618945,11276096619629,684
11276096949831,11276096950637,806
11276097223107,11276097223794,687
11276097497146,11276097498028,882
11276097745898,11276097746595,697
11276097994498,11276097995340,842
11276098258473,11276098259270,797
11276098512177,11276098513013,836
11276098756396,11276098757095,699
11276099047930,11276099048730,800
11276099292347,11276099292997,650
11276099537190,11276099538031,841
11276099791471,11276099792164,693
11276100037862,11276100038706,844
11276100280849,11276100281510,661
11276100523293,11276100524123,830
11276100764966,11276100765634,668
11276101008296,11276101009138,842
11276101253973,11276101254686,713
11276101498087,11276101498933,846
11276101738516,11276101739167,651
11276101984105,11276101984932,827
11276102241516,11276102242171,655
11276102556140,11276102556964,824
11276102801293,11276102801997,704
11276103047577,11276103048393,816
11276103318859,11276103319547,688
11276103563152,11276103563994,842
11276103806818,11276103807499,681
11276104052046,11276104052884,838
11276104308087,11276104308749,662
11276104551669,11276104552490,821
11276104795535,11276104796218,683
11276105041320,11276105042142,822
11276105282506,11276105283178,672
11276105528433,11276105529275,842
11276105825919,11276105826610,691
11276106087482,11276106088310,828
11276106331150,11276106331827,677
11276106577240,11276106578081,841
11276106823195,11276106823909,714
11276107066675,11276107067522,847
11276107311582,11276107312223,641
11276107556215,11276107557039,824
11276107801584,11276107802235,651
11276108045744,11276108046562,818
11276108289898,11276108290599,701
11276108536809,11276108537645,836
11276108782127,11276108782804,677
11276109066993,11276109067861,868
11276109339330,11276109340023,693
11276109584797,11276109585659,862
11276109827671,11276109828380,709
11276110075416,11276110076263,847
11276110321430,11276110322138,708
11276110570687,11276110571511,824
11276110814285,11276110814968,683
11276111081561,11276111082430,869
11276111356077,11276111356748,671
11276111603881,11276111604749,868
11276111847556,11276111848245,689
11276112094421,11276112095265,844
11276112358565,11276112359212,647
11276112606581,11276112607424,843
11276112857233,11276112857904,671
11276113108152,11276113109109,957
11276113353515,11276113354214,699
11276113601346,11276113602176,830
11276113846173,11276113846853,680
11276114090046,11276114090907,861
11276114352872,11276114353513,641
11276114605087,11276114605953,866
11276114853552,11276114854241,689
11276115099789,11276115100618,829
11276115345303,11276115345962,659
11276115604556,11276115605399,843
11276115851070,11276115851751,681
11276116096794,11276116097682,888
11276116346251,11276116346967,716
11276116601041,11276116601868,827
11276116853177,11276116853838,661
11276117102440,11276117103238,798
11276117352492,11276117353162,670
11276117596697,11276117597555,858
11276117842957,11276117843672,715
11276118091052,11276118091939,887
11276118341853,11276118342618,765
11276118588521,11276118589341,820
11276118833361,11276118834006,645
11276119090160,11276119090947,787
11276119347606,11276119348299,693
11276119593896,11276119594716,820
11276119835504,11276119836191,687
11276120083461,11276120084267,806
11276120336607,11276120337271,664
11276120581782,11276120582600,818
11276120824407,11276120825096,689
11276121071083,11276121071919,836
11276121340850,11276121341548,698
11276121586576,11276121587443,867
11276121830430,11276121831117,687
11276122075989,11276122076851,862
11276122333437,11276122334131,694
11276122578964,11276122579832,868
11276122830549,11276122831259,710
11276123075099,11276123075924,825
11276123319198,11276123319894,696
11276123565201,11276123566077,876
11276123810014,11276123810761,747
11276124053537,11276124054401,864
11276124295109,11276124295811,702
11276124541648,11276124542519,871
11276124785374,11276124786054,680
11276125029155,11276125029998,843
11276125274076,11276125274767,691
11276125536229,11276125537076,847
11276125789958,11276125790650,692
11276126039213,11276126040091,878
11276126284610,11276126285273,663
11276126529680,11276126530500,820
11276126775812,11276126776495,683
11276127019680,11276127020482,802
11276127263767,11276127264425,658
11276127575516,11276127576343,827
11276127819984,11276127820651,667
11276128066821,11276128067645,824
11276128317043,11276128317709,666
11276128562085,11276128562864,779
11276128803542,11276128804213,671
11276129061403,11276129062232,829
11276129321074,11276129321731,657
11276129565911,11276129566782,871
11276129809331,11276129810017,686
11276130057152,11276130057983,831
11276130305538,11276130306177,639
11276130551767,11276130552599,832
11276130795366,11276130795998,632
11276131041555,11276131042331,776
11276131287195,11276131287846,651
11276131531577,11276131532429,852
11276131775738,11276131776417,679
11276132022110,11276132022994,884
11276132277700,11276132278409,709
11276132525069,11276132525921,852
11276132766831,11276132767504,673
11276133014719,11276133015548,829
11276133267587,11276133268261,674
11276133515799,11276133516657,858
11276133762847,11276133763568,721
11276134010318,11276134011179,861
11276134250903,11276134251620,717
11276134498030,11276134498893,863
11276134743594,11276134744274,680
11276134988846,11276134989728,882
11276135230630,11276135231333,703
11276135495458,11276135496363,905
11276135747985,11276135748666,681
11276135996257,11276135997029,772
11276136249877,11276136250563,686
11276136494101,11276136494984,883
11276136740625,11276136741278,653
11276136986627,11276136987497,870
11276137230089,11276137230759,670
11276137473428,11276137474245,817
11276137717817,11276137718507,690
11276137964951,11276137965772,821
11276138206606,11276138207296,690
11276138451462,11276138452298,836
11276138693862,11276138694539,677
11276138950100,11276138950942,842
11276139197650,11276139198334,684
11276139444995,11276139445885,890
11276139687341,11276139688014,673
11276139933549,11276139934397,848
11276140180295,11276140180964,669
11276140426868,11276140427734,866
11276140668974,11276140669658,684
11276140916030,11276140916865,835
11276141160957,11276141161627,670
11276141408542,11276141409373,831
11276141651215,11276141651880,665
11276141897741,11276141898593,852
11276142140965,11276142141663,698
11276142394785,11276142395629,844
11276142637738,11276142638430,692
11276142883738,11276142884591,853
11276143126129,11276143126822,693
11276143383742,11276143384584,842
11276143625489,11276143626188,699
11276143870797,11276143871677,880
11276144115847,11276144116565,718
11276144359421,11276144360257,836
11276144606212,11276144606923,711
11276144851964,11276144852801,837
11276145092798,11276145093521,723
11276145346296,11276145347105,809
11276145600601,11276145601252,651
11276145847573,11276145848412,839
11276146091887,11276146092559,672
11276146363398,11276146364218,820
11276146610094,11276146610755,661
11276146855207,11276146856071,864
11276147099243,11276147099975,732
11276147344667,11276147345494,827
11276147590600,11276147591287,687
11276147838121,11276147838979,858
11276148079864,11276148080554,690
11276148322875,11276148323761,886
11276148565323,11276148565984,661
11276148812403,11276148813232,829
11276149063715,11276149064434,719
11276149310379,11276149311201,822
11276149564404,11276149565058,654
11276149811467,11276149812315,848
11276150059564,11276150060239,675
11276150316936,11276150317807,871
11276150562335,11276150563021,686
11276150806476,11276150807285,809
11276151051236,11276151051876,640
11276151295627,11276151296465,838
11276151551117,11276151551795,678
11276151797208,11276151798060,852
11276152043755,11276152044433,678
11276152298541,11276152299368,827
11276152543422,11276152544086,664
11276152790449,11276152791286,837
11276153033410,11276153034112,702
11276153283607,11276153284436,829
11276153526035,11276153526718,683
11276153770885,11276153771707,822
11276154013118,11276154013789,671
11276154260694,11276154261517,823
11276154504364,11276154505000,636
11276154751251,11276154752046,795
11276154994367,11276154995045,678
11276155239011,11276155239833,822
11276155486750,11276155487421,671
11276155740266,11276155741091,825
11276155984560,11276155985226,666
11276156232586,11276156233396,810
11276156482528,11276156483211,683
11276156726603,11276156727384,781
11276156971663,11276156972326,663
11276157215337,11276157216194,857
11276157470464,11276157471130,666
11276157718880,11276157719667,787
11276157961165,11276157961827,662
11276158205058,11276158205899,841
11276158448827,11276158449486,659
11276158694180,11276158694968,788
11276158949090,11276158949769,679
11276159196107,11276159196953,846
11276159439544,11276159440202,658
11276159685130,11276159685974,844
11276159936541,11276159937219,678
11276160185844,11276160186688,844
11276160430998,11276160431674,676
11276160676562,11276160677378,816
11276160921562,11276160922236,674
11276161166141,11276161166987,846
11276161411084,11276161411757,673
11276161655889,11276161656752,863
11276161900664,11276161901336,672
11276162147240,11276162148088,848
11276162396541,11276162397209,668
11276162644870,11276162645731,861
11276162889326,11276162890068,742
11276163136460,11276163137306,846
11276163422069,11276163422754,685
11276163667957,11276163669836,1879
11276163916121,11276163916835,714
11276164159131,11276164159990,859
11276164406847,11276164408559,1712
11276164651298,11276164652164,866
11276164891417,11276164892098,681
11276165136179,11276165137056,877
11276165379378,11276165380055,677
11276165631701,11276165632549,848
11276165876718,11276165877414,696
11276166135082,11276166135935,853
11276166384996,11276166385686,690
11276166629257,11276166630121,864
11276166874701,11276166875418,717
11276167121881,11276167122739,858
11276167366028,11276167366703,675
11276167625582,11276167626415,833
11276167867734,11276167868401,667
11276168113609,11276168114443,834
11276168353681,11276168354389,708
11276168595867,11276168596737,870
11276168838333,11276168839000,667
11276169088019,11276169088887,868
11276169332241,11276169332938,697
11276169575865,11276169576708,843
11276169820866,11276169821541,675
11276170065181,11276170066052,871
11276170313841,11276170314530,689
11276170556217,11276170557039,822
11276170798854,11276170799531,677
11276171042224,11276171043062,838
11276171298008,11276171298691,683
11276171543742,11276171544583,841
11276171784570,11276171785255,685
11276172027797,11276172028636,839
11276172301449,11276172302107,658
11276172548096,11276172548933,837
11276172790350,11276172791041,691
11276173031492,11276173032285,793
11276173275769,11276173276472,703
11276173524142,11276173524986,844
11276173765158,11276173765853,695
11276174011331,11276174012179,848
11276174255173,11276174255867,694
11276174499021,11276174499873,852
11276174742896,11276174743558,662
11276174985301,11276174986145,844
11276175229202,11276175229871,669
11276175473609,11276175474468,859
11276175725135,11276175725859,724
11276175968618,11276175969485,867
11276176213689,11276176214362,673
11276176458138,11276176458983,845
11276176700836,11276176701508,672
11276176948041,11276176948899,858
11276177191575,11276177192299,724
11276177433698,11276177434546,848
11276177684476,11276177685155,679
11276177930418,11276177931227,809
11276178173891,11276178174555,664
11276178417608,11276178418420,812
11276178660509,11276178661172,663
11276178918931,11276178919767,836
11276179165835,11276179166469,634
11276179412747,11276179413549,802
11276179656502,11276179657202,700
11276179900846,11276179901704,858
11276180145370,11276180146028,658
11276180394307,11276180395139,832
11276180637164,11276180637821,657
11276180879555,11276180880370,815
11276181124401,11276181125039,638
11276181370411,11276181371270,859
11276181613958,11276181614646,688
11276181858828,11276181859668,840
11276182100188,11276182100865,677
11276182351390,11276182352226,836
11276182596214,11276182596860,646
11276182839744,11276182840579,835
11276183082374,11276183083027,653
11276183331522,11276183332372,850
11276183572945,11276183573596,651
11276183817827,11276183818617,790
11276184062362,11276184063065,703
11276184309807,11276184310649,842
11276184552800,11276184553444,644
11276184799436,11276184800255,819
11276185042591,11276185043245,654
11276185286749,11276185287604,855
11276185529643,11276185530307,664
11276185784300,11276185785150,850
11276186026321,11276186026982,661
11276186267995,11276186268825,830
11276186510540,11276186511219,679
11276186762799,11276186763628,829
11276187008893,11276187009580,687
11276187256898,11276187257754,856
11276187499460,11276187500140,680
11276187746858,11276187747720,862
11276187990922,11276187991610,688
11276188236309,11276188237138,829
11276188479096,11276188479780,684
11276188723232,11276188724071,839
11276188974895,11276188975531,636
11276189220658,11276189221498,840
11276189462171,11276189462870,699
11276189707620,11276189708462,842
11276189951574,11276189952258,684
11276190235233,11276190236083,850
11276190482221,11276190482902,681
11276190724970,11276190725824,854
11276190968607,11276190969304,697
11276191215254,11276191216087,833
11276191458833,11276191459577,744
11276191702961,11276191703811,850
11276191949645,11276191950294,649
11276192195431,11276192196258,827
11276192462956,11276192463627,671
11276192709668,11276192710527,859
11276192952354,11276192953015,661
11276193197853,11276193198721,868
11276193443915,11276193444624,709
11276193689738,11276193690561,823
11276193932985,11276193933677,692
11276194178647,11276194179507,860
11276194425912,11276194426615,703
11276194671923,11276194672764,841
11276194918327,11276194919015,688
11276195162577,11276195163427,850
11276195404228,11276195404910,682
11276195659386,11276195660221,835
11276195902454,11276195903117,663
11276196147021,11276196147891,870
11276196390431,11276196391137,706
11276196638260,11276196639117,857
11276196881314,11276196881974,660
11276197124444,11276197125280,836
11276197501565,11276197502279,714
11276197754343,11276197755213,870
11276197997736,11276197998468,732
11276198242649,11276198243504,855
11276198487639,11276198488287,648
11276198732950,11276198733813,863
11276198985975,11276198986673,698
11276199233135,11276199233967,832
11276199474918,11276199475578,660
11276199720934,11276199721802,868
11276199966996,11276199967669,673
11276200209260,11276200210099,839
11276200459672,11276200460352,680
11276200706517,11276200707377,860
11276200953704,11276200954425,721
11276201199371,11276201200217,846
11276201446195,11276201446864,669
11276201689642,11276201690481,839
11276201936419,11276201937087,668
11276202183318,11276202184152,834
11276202433725,11276202434380,655
11276202681881,11276202682769,888
11276202925315,11276202925970,655
11276203173536,11276203174361,825
11276203415737,11276203416389,652
11276203662364,11276203663202,838
11276203905097,11276203905752,655
11276204154697,11276204155543,846
11276204396518,11276204397197,679
11276204644263,11276204645112,849
11276204890084,11276204890745,661
11276205144342,11276205145187,845
11276205387233,11276205387890,657
11276205639511,11276205640366,855
11276205885417,11276205886122,705
11276206129091,11276206129958,867
11276206373249,11276206373960,711
11276206619324,11276206620170,846
11276206864199,11276206864865,666
11276207107651,11276207108487,836
11276207352464,11276207353153,689
11276207599374,11276207600227,853
11276207842853,11276207843545,692
11276208087157,11276208087978,821
11276208328385,11276208329055,670
11276208576695,11276208577532,837
11276208819083,11276208819753,670
11276209068864,11276209069657,793
11276209314757,11276209315428,671
11276209566626,11276209567453,827
11276209810081,11276209810759,678
11276210056687,11276210057551,864
11276210300374,11276210301057,683
11276210547487,11276210548288,801
11276210792750,11276210793391,641
11276211037986,11276211038785,799
11276211281712,11276211282373,661
11276211526620,11276211527414,794
11276211770789,11276211771492,703
11276212014444,11276212015286,842
11276212269577,11276212270265,688
11276212514755,11276212515644,889
11276212758142,11276212758837,695
11276213005881,11276213006737,856
11276213249812,11276213250496,684
11276213496431,11276213497251,820
11276213740276,11276213740933,657
11276213986058,11276213986874,816
11276214229764,11276214230454,690
11276214475629,11276214476458,829
11276214719117,11276214719827,710
11276214966416,11276214967228,812
11276215208557,11276215209232,675
11276215455277,11276215456092,815
11276215708309,11276215709018,709
11276215954845,11276215955690,845
11276216198277,11276216198950,673
11276216444315,11276216445126,811
11276216686932,11276216687639,707
11276216931054,11276216931894,840
11276217175654,11276217176342,688
11276217426454,11276217427298,844
11276217669823,11276217670528,705
11276217914485,11276217915333,848
11276218159032,11276218159717,685
11276218405972,11276218406799,827
11276218649865,11276218650574,709
11276218900648,11276218901466,818
11276219146027,11276219146696,669
11276219395298,11276219396132,834
11276219638406,11276219639077,671
11276219884175,11276219885029,854
11276220129180,11276220129900,720
11276220377595,11276220378433,838
11276220623236,11276220623919,683
11276220869009,11276220869856,847
11276221116391,11276221117080,689
11276221361795,11276221362636,841
11276221606158,11276221606844,686
11276221850767,11276221851612,845
11276222093705,11276222094408,703
11276222345552,11276222346426,874
11276222587432,11276222588076,644
11276222835158,11276222835991,833
11276223077554,11276223078252,698
11276223322283,11276223323099,816
11276223564905,11276223565598,693
11276223812739,11276223813591,852
11276224056549,11276224057241,692
11276224303601,11276224304448,847
11276224545134,11276224545826,692
11276224788992,11276224789818,826
11276225035152,11276225035826,674
11276225279333,11276225280163,830
11276225523476,11276225524163,687
11276225776933,11276225777754,821
11276226021883,11276226022568,685
11276226267249,11276226268047,798
11276226511661,11276226512336,675
11276226754412,11276226755226,814
11276226997524,11276226998194,670
11276227245788,11276227246595,807
11276227489273,11276227489946,673
11276227735283,11276227736146,863
11276227978533,11276227979187,654
11276228225611,11276228226456,845
11276228468419,11276228469071,652
11276228715071,11276228715877,806
11276228965738,11276228966441,703
11276229215632,11276229216477,845
11276229456746,11276229457416,670
11276229701144,11276229701950,806
11276229945520,11276229946153,633
11276230190777,11276230191609,832
11276230433065,11276230433722,657
11276230679072,11276230679885,813
11276230921726,11276230922402,676
11276231166211,11276231167003,792
11276231412144,11276231412825,681
11276231656692,11276231657541,849
11276231900306,11276231900968,662
11276232150508,11276232151326,818
11276232400035,11276232400670,635
11276232647854,11276232648658,804
11276232891550,11276232892253,703
11276233135814,11276233136630,816
11276233378486,11276233379142,656
11276233625091,11276233625892,801
11276233868593,11276233869248,655
11276234116935,11276234117767,832
11276234362235,11276234362882,647
11276234606185,11276234607019,834
11276234850369,11276234851048,679
11276235097309,11276235098165,856
11276235340065,11276235340760,695
11276235593983,11276235594814,831
11276235839702,11276235840356,654
11276236086940,11276236087759,819
11276236331235,11276236331933,698
11276236574841,11276236575619,778
11276236819197,11276236819878,681
11276237065892,11276237066767,875
11276237308133,11276237308825,692
11276237553382,11276237554220,838
11276237796402,11276237797076,674
11276238043426,11276238044295,869
11276238286734,11276238287429,695
11276238530885,11276238531760,875
11276238775383,11276238776086,703
11276239028222,11276239029068,846
11276239276478,11276239277112,634
11276239519932,11276239520756,824
11276239763631,11276239764304,673
11276240007886,11276240008734,848
11276240253243,11276240253903,660
11276240521062,11276240521893,831
11276240768041,11276240768755,714
11276241014129,11276241014968,839
11276241256492,11276241257161,669
11276241500019,11276241500855,836
11276241744429,11276241745121,692
11276241990256,11276241991098,842
11276242239442,11276242240119,677
11276242493841,11276242494660,819
11276242739372,11276242740008,636
11276242983975,11276242984791,816
11276243229749,11276243230440,691
11276243488702,11276243489564,862
11276243732533,11276243733227,694
11276243984471,11276243985374,903
11276244239999,11276244240663,664
11276244488177,11276244489932,1755
11276244730927,11276244731617,690
11276244976326,11276244977179,853
11276245221364,11276245222968,1604
11276245466990,11276245467826,836
11276245720191,11276245720849,658
11276245964868,11276245965725,857
11276246209959,11276246210671,712
11276246451896,11276246452731,835
11276246694736,11276246695414,678
11276246939649,11276246940481,832
11276247182195,11276247182869,674
11276247426763,11276247427608,845
11276247671642,11276247672291,649
11276247916777,11276247917639,862
11276248160069,11276248160769,700
11276248404009,11276248404805,796
11276248646723,11276248647404,681
11276248898125,11276248898922,797
11276249142312,11276249142980,668
11276249388815,11276249389639,824
11276249632474,11276249633148,674
11276249877992,11276249878854,862
11276250119029,11276250119680,651
11276250363132,11276250363971,839
11276250615630,11276250616321,691
11276250859506,11276250860387,881
11276251101601,11276251102282,681
11276251346539,11276251347380,841
11276251591855,11276251592525,670
11276251835994,11276251836819,825
11276252079775,11276252080447,672
11276252330321,11276252331147,826
11276252575573,11276252576238,665
11276252821598,11276252822417,819
11276253063464,11276253064159,695
11276253307552,11276253308381,829
11276253549313,11276253549972,659
11276253793664,11276253794497,833
11276254041124,11276254041787,663
11276254285106,11276254285948,842
11276254528077,11276254528756,679
11276254774462,11276254775292,830
11276255020480,11276255021171,691
11276255269599,11276255270447,848
11276255519982,11276255520661,679
11276255776598,11276255777391,793
11276256028111,11276256028798,687
11276256284978,11276256285819,841
11276256545465,11276256546149,684
11276256802547,11276256803384,837
11276257049825,11276257050490,665
11276257297748,11276257298539,791
11276257541451,11276257542096,645
11276257787703,11276257788512,809
11276258051970,11276258052639,669
11276258303702,11276258304864,1162
11276258556325,11276258557021,696
11276258807425,11276258808273,848
11276259062056,11276259062723,667
11276259320587,11276259321420,833
11276259577166,11276259577839,673
11276259823876,11276259824688,812
11276260069205,11276260069860,655
11276260318802,11276260319662,860
11276260564498,11276260565175,677
11276260807746,11276260808565,819
11276261049696,11276261050349,653
11276261296461,11276261297296,835
11276261538937,11276261539600,663
11276261783572,11276261784396,824
11276262026926,11276262027603,677
11276262281699,11276262282480,781
11276262528750,11276262529437,687
11276262776839,11276262777689,850
11276263030608,11276263031276,668
11276263284441,11276263285250,809
11276263529840,11276263530547,707
11276263776718,11276263777586,868
11276264022195,11276264022848,653
11276264269723,11276264270569,846
11276264511516,11276264512226,710
11276264757240,11276264758069,829
11276265001644,11276265002302,658
11276265247490,11276265248341,851
11276265493513,11276265494203,690
11276265743778,11276265744587,809
11276265988478,11276265989177,699
11276266238099,11276266238929,830
11276266482981,11276266483670,689
11276266727341,11276266728195,854
11276266971624,11276266972349,725
11276267217716,11276267218565,849
11276267460857,11276267461563,706
11276267708558,11276267709418,860
11276268003915,11276268004635,720
11276268256350,11276268257208,858
11276268504136,11276268504784,648
11276268751033,11276268751863,830
11276269005874,11276269006556,682
11276269256714,11276269257519,805
11276269555045,11276269555740,695
11276269817052,11276269817876,824
11276270064541,11276270065214,673
11276270318852,11276270319668,816
11276270593256,11276270593924,668
11276270853915,11276270854763,848
11276271104570,11276271105225,655
11276271355080,11276271355909,829
11276271608675,11276271609369,694
11276271867913,11276271868740,827
11276272129213,11276272129976,763
11276272406452,11276272407245,793
11276272645578,11276272646266,688
11276272938181,11276272939023,842
11276273185053,11276273185772,719
11276273435302,11276273436421,1119
11276273756215,11276273757232,1017
11276274078680,11276274080187,1507
11276274358324,11276274359061,737
11276274652464,11276274653267,803
11276274935908,11276274936626,718
11276275198906,11276275199779,873
11276275473731,11276275474474,743
11276275779446,11276275780370,924
11276276056093,11276276056832,739
11276276321661,11276276322534,873
11276276589403,11276276590164,761
11276276856990,11276276857889,899
11276277116903,11276277117610,707
11276277362860,11276277363691,831
11276277613747,11276277614457,710
11276277875810,11276277876694,884
11276278127384,11276278127981,597
11276278369322,11276278370105,783
11276278609037,11276278609698,661
11276278839773,11276278840552,779
11276279105036,11276279105727,691
11276279356815,11276279357656,841
11276279605996,11276279606705,709
11276279848331,11276279849162,831
11276280087991,11276280088607,616
11276280319760,11276280320545,785
11276280541758,11276280542377,619
11276280767041,11276280767816,775
11276280988519,11276280989136,617
11276281232146,11276281232963,817
11276281509995,11276281510740,745
11276281817648,11276281818645,997
11276282116048,11276282116904,856
11276282431957,11276282432939,982
11276282710056,11276282710717,661
11276282959334,11276282960046,712
11276283202478,11276283203099,621
11276283426324,11276283427105,781
11276283649072,11276283649741,669
11276283873112,11276283873990,878
11276284091469,11276284092120,651
11276284319582,11276284320367,785
11276284539893,11276284540530,637
11276284764444,11276284765228,784
11276285017477,11276285018161,684
11276285346671,11276285347732,1061
11276285624741,11276285625430,689
11276285865382,11276285866189,807
11276286085496,11276286086107,611
11276286310177,11276286310947,770
11276286534700,11276286535338,638
11276286762567,11276286763348,781
11276286984669,11276286985328,659
11276287207165,11276287207936,771
11276287445237,11276287445841,604
11276287752289,11276287753157,868
11276288030707,11276288031515,808
11276288303635,11276288304451,816
11276288579897,11276288580685,788
11276288852732,11276288853561,829
11276289138853,11276289139516,663
11276289384845,11276289385640,795
11276289644280,11276289644938,658
11276289904540,11276289905369,829
11276290148640,11276290149261,621
11276290386913,11276290387577,664
11276290611854,11276290612528,674
11276290847671,11276290848436,765
11276291092316,11276291092863,547
11276291342269,11276291343114,845
11276291562727,11276291563351,624
11276291794955,11276291795725,770
11276292016296,11276292016966,670
11276292280125,11276292280887,762
11276292507634,11276292508340,706
11276292732098,11276292732867,769
11276292950559,11276292951145,586
11276293171118,11276293171873,755
11276293403050,11276293403639,589
11276293627371,11276293628118,747
11276293970773,11276293971457,684
11276294204185,11276294204979,794
11276294444415,11276294445064,649
11276294668755,11276294669528,773
11276294889744,11276294890379,635
11276295112815,11276295113592,777
11276295362239,11276295362883,644
11276295601945,11276295602741,796
11276295846150,11276295846803,653
11276296062468,11276296063294,826
11276296279140,11276296279774,634
11276296518813,11276296519607,794
11276296767531,11276296768146,615
11276297012618,11276297013361,743
11276297310079,11276297310666,587
11276297576098,11276297576967,869
11276297811623,11276297812260,637
11276298046005,11276298046805,800
11276298276428,11276298277051,623
11276298510476,11276298511374,898
11276298760213,11276298760882,669
11276299046793,11276299047606,813
11276299301350,11276299302057,707
11276299533521,11276299534331,810
11276299772478,11276299773126,648
11276300004154,11276300005053,899
11276300232705,11276300233357,652
11276300461625,11276300462415,790
11276300688402,11276300689048,646
11276300916720,11276300917528,808
11276301141903,11276301142567,664
11276301373204,11276301374005,801
11276301600023,11276301600679,656
11276301826130,11276301826930,800
11276302057411,11276302058048,637
11276302304343,11276302305166,823
11276302536808,11276302537529,721
11276302765016,11276302765840,824
11276302996921,11276302997591,670
11276303225695,11276303226529,834
11276303453773,11276303454456,683
11276303681229,11276303682058,829
11276303907740,11276303908387,647
11276304136934,11276304137720,786
11276304359445,11276304360098,653
11276304586813,11276304587594,781
11276304814371,11276304815028,657
11276305044086,11276305044855,769
11276305266701,11276305267403,702
11276305495754,11276305496555,801
11276305773463,11276305774132,669
11276306113369,11276306114140,771
11276306322388,11276306322976,588
11276306533180,11276306533943,763
11276306743802,11276306744406,604
11276306953123,11276306953881,758
11276307163146,11276307163709,563
11276307418104,11276307418894,790
11276307646397,11276307647028,631
11276307870992,11276307871814,822
11276308098483,11276308099159,676
11276308334076,11276308334874,798
11276308561823,11276308562489,666
11276308789213,11276308790028,815
11276309049446,11276309050063,617
11276309260248,11276309261024,776
11276309467038,11276309467678,640
11276309673684,11276309674431,747
11276309881155,11276309881776,621
11276310091261,11276310092007,746
11276310296732,11276310297335,603
11276310504437,11276310505137,700
11276310709830,11276310710441,611
11276310918570,11276310919281,711
11276311125036,11276311125611,575
11276311334236,11276311334942,706
11276311538646,11276311539257,611
11276311744988,11276311745716,728
11276311954147,11276311954752,605
11276312163610,11276312164352,742
11276312429154,11276312429797,643
11276312659296,11276312660178,882
11276312890360,11276312891045,685
11276313143950,11276313144812,862
11276313405314,11276313405982,668
11276313675044,11276313675818,774
11276313909165,11276313909796,631
11276314126305,11276314126996,691
11276314408703,11276314409377,674
11276314642586,11276314643493,907
11276314871792,11276314872495,703
11276315099631,11276315100477,846
11276315335837,11276315336508,671
11276315573845,11276315574663,818
11276315830252,11276315830870,618
11276316128794,11276316129548,754
11276316418747,11276316419365,618
11276316680356,11276316681214,858
11276316910276,11276316910973,697
11276317135325,11276317137128,1803
11276317376537,11276317377195,658
11276317603524,11276317604345,821
11276317831954,11276317832593,639
11276318058870,11276318059619,749
11276318285519,11276318286142,623
11276318512752,11276318513523,771
11276318736054,11276318736717,663
11276318972215,11276318973019,804
11276319199762,11276319200440,678
11276319431686,11276319432506,820
11276319658373,11276319659033,660
11276319888029,11276319888861,832
11276320113109,11276320113782,673
11276320338854,11276320339709,855
11276320563841,11276320564504,663
11276320789417,11276320790203,786
11276321015545,11276321016203,658
11276321267405,11276321268210,805
11276321494367,11276321495027,660
11276321720844,11276321721669,825
11276321945400,11276321946067,667
11276322171730,11276322172492,762
11276322408391,11276322409033,642
11276322639344,11276322640138,794
11276322866126,11276322866825,699
11276323094922,11276323095719,797
11276323323076,11276323323745,669
11276323551252,11276323552076,824
11276323775688,11276323776327,639
11276324003257,11276324004071,814
11276324229256,11276324229926,670
11276324456537,11276324457329,792
11276324677017,11276324677688,671
11276324902294,11276324903053,759
11276325128639,11276325129311,672
11276325368529,11276325369336,807
11276325601364,11276325602015,651
11276325832318,11276325833127,809
11276326064261,11276326064951,690
11276326291691,11276326292488,797
11276326517509,11276326518226,717
11276326747102,11276326747933,831
11276326977600,11276326978259,659
11276327201502,11276327202320,818
11276327430877,11276327431507,630
11276327656479,11276327657245,766
11276327879864,11276327880553,689
11276328108554,11276328109384,830
11276328332764,11276328333437,673
11276328559233,11276328560078,845
11276328786253,11276328786921,668
11276329021913,11276329022746,833
11276329254030,11276329254674,644
11276329483519,11276329484353,834
11276329707079,11276329707735,656
11276329934339,11276329935171,832
11276330163194,11276330163844,650
11276330390953,11276330391749,796
11276330619109,11276330619746,637
11276330846963,11276330847759,796
11276331070570,11276331071204,634
11276331303456,11276331304282,826
11276331528674,11276331529367,693
11276331755460,11276331756286,826
11276331980368,11276331981039,671
11276332214338,11276332215156,818
11276332463162,11276332463861,699
11276332692146,11276332692972,826
11276332916113,11276332916789,676
11276333146129,11276333146911,782
11276333381905,11276333382549,644
11276333607895,11276333608721,826
11276333833772,11276333834416,644
11276334063936,11276334064723,787
11276334289970,11276334290597,627
11276334515046,11276334515816,770
11276334737878,11276334738504,626
11276334964187,11276334964962,775
11276335193201,11276335193864,663
11276335419706,11276335420497,791
11276335652814,11276335653484,670
11276335883468,11276335884284,816
11276336113839,11276336114517,678
11276336348554,11276336349324,770
11276336573577,11276336574193,616
11276336803277,11276336804036,759
11276337067451,11276337068124,673
11276337311838,11276337312634,796
11276337536227,11276337536909,682
11276337765874,11276337766673,799
11276337988817,11276337989485,668
11276338215203,11276338215983,780
11276338447261,11276338447878,617
11276338675896,11276338676702,806
11276338911541,11276338912221,680
11276339139566,11276339140355,789
11276339378770,11276339379439,669
11276339607081,11276339607914,833
11276339834511,11276339835188,677
11276340062412,11276340063233,821
11276340290684,11276340291369,685
11276340517743,11276340518566,823
11276340742951,11276340743616,665
11276340968969,11276340969770,801
11276341196428,11276341197113,685
11276341436018,11276341436828,810
11276341662691,11276341663297,606
11276341889989,11276341890797,808
11276342114196,11276342114823,627
11276342356279,11276342357074,795
11276342582940,11276342583590,650
11276342813527,11276342814304,777
11276343038355,11276343038964,609
11276343268042,11276343268819,777
11276343497799,11276343498473,674
11276343725878,11276343726666,788
11276343947934,11276343948574,640
11276344175641,11276344176438,797
11276344400883,11276344401574,691
11276344629943,11276344630720,777
11276344857788,11276344858424,636
11276345086888,11276345087672,784
11276345310715,11276345311371,656
11276345537169,11276345537927,758
11276345773203,11276345773902,699
11276346002651,11276346003455,804
11276346229408,11276346230066,658
11276346469387,11276346470197,810
11276346696717,11276346697376,659
11276346926575,11276346927362,787
11276347151123,11276347151795,672
11276347381485,11276347382290,805
11276347611961,11276347612607,646
11276347839876,11276347840654,778
11276348065314,11276348065927,613
11276348298049,11276348298803,754
11276348522737,11276348523382,645
11276348751884,11276348752642,758
11276348985787,11276348986430,643
11276349228264,11276349229062,798
11276349459143,11276349459798,655
11276349687538,11276349688315,777
11276349911870,11276349912544,674
11276350141555,11276350142371,816
11276350377876,11276350378544,668
11276350607814,11276350608613,799
11276350834427,11276350835066,639
11276351062042,11276351062860,818
11276351288630,11276351289259,629
11276351519533,11276351520350,817
11276351743353,11276351744011,658
11276351969265,11276351970077,812
11276352193234,11276352193878,644
11276352473103,11276352473904,801
11276352702977,11276352703649,672
11276352933473,11276352934267,794
11276353160087,11276353160749,662
11276353394356,11276353395140,784
11276353626438,11276353627075,637
11276353883632,11276353884440,808
11276354134210,11276354134918,708
11276354373290,11276354374087,797
11276354600191,11276354600856,665
11276354829770,11276354830606,836
11276355052629,11276355053300,671
11276355320657,11276355321473,816
11276355570000,11276355570742,742
11276355811282,11276355812230,948
11276356045594,11276356046288,694
11276356282933,11276356283756,823
11276356508828,11276356509513,685
11276356738411,11276356739166,755
11276356968424,11276356969083,659
11276357197331,11276357198121,790
11276357444301,11276357444978,677
11276357673970,11276357674729,759
11276357900676,11276357901322,646
11276358130596,11276358131382,786
11276358364769,11276358365401,632
11276358591230,11276358591994,764
11276358816286,11276358816944,658
11276359053023,11276359053790,767
11276359280611,11276359281292,681
11276359508101,11276359508856,755
11276359734667,11276359735320,653
11276359962134,11276359962925,791
11276360187921,11276360188610,689
11276360441790,11276360442599,809
11276360665751,11276360666411,660
11276360894551,11276360895363,812
11276361120964,11276361121604,640
11276361351636,11276361352400,764
11276361575939,11276361576593,654
11276361804020,11276361804849,829
11276362028880,11276362029525,645
11276362282588,11276362283343,755
11276362507826,11276362508502,676
11276362738628,11276362739399,771
11276362965477,11276362966077,600
11276363194684,11276363195475,791
11276363421461,11276363422126,665
11276363650668,11276363651461,793
11276363875354,11276363875967,613
11276364101613,11276364102434,821
11276364326982,11276364327634,652
11276364559470,11276364560253,783
11276364785600,11276364786256,656
11276365020374,11276365021163,789
11276365249376,11276365250027,651
11276365477337,11276365478130,793
11276365708835,11276365709522,687
11276365939404,11276365940217,813
11276366170484,11276366171126,642
11276366413831,11276366414635,804
11276366639564,11276366640225,661
11276366866066,11276366866868,802
11276367096025,11276367096680,655
11276367322804,11276367323539,735
11276367558616,11276367559246,630
11276367786226,11276367787030,804
11276368013203,11276368013841,638
11276368255128,11276368255946,818
11276368481317,11276368481981,664
11276368710699,11276368711521,822
11276368947207,11276368947871,664
11276369179887,11276369180704,817
11276369422559,11276369423217,658
11276369678787,11276369679598,811
11276369918493,11276369919190,697
11276370153816,11276370154611,795
11276370389597,11276370390269,672
11276370631874,11276370632707,833
11276370856541,11276370857222,681
11276371084438,11276371085225,787
11276371328658,11276371329331,673
11276371556042,11276371556844,802
11276371784241,11276371784938,697
11276372010387,11276372011191,804
11276372246232,11276372246868,636
11276372478222,11276372479024,802
11276372707690,11276372708369,679
11276372936672,11276372937437,765
11276373165153,11276373165813,660
11276373414777,11276373415592,815
11276373644262,11276373644911,649
11276373873900,11276373874784,884
11276374097015,11276374097664,649
11276374339166,11276374339944,778
11276374567327,11276374567982,655
11276374794225,11276374794997,772
11276375017670,11276375018308,638
11276375246556,11276375247374,818
11276375474405,11276375475055,650
11276375710912,11276375711705,793
11276375938185,11276375938853,668
11276376169533,11276376170344,811
11276376398482,11276376399117,635
11276376631482,11276376632287,805
11276376856320,11276376856991,671
11276377084742,11276377085555,813
11276377309667,11276377310326,659
11276377543212,11276377544066,854
11276377769079,11276377769795,716
11276377994455,11276377995287,832
11276378220602,11276378221261,659
11276378447459,11276378448277,818
11276378673373,11276378674023,650
11276378905522,11276378906323,801
11276379133835,11276379134501,666
11276379360437,11276379361218,781
11276379589815,11276379590506,691
11276379844737,11276379845591,854
11276380071907,11276380072587,680
11276380302241,11276380303071,830
11276380527604,11276380528284,680
11276380756169,11276380756927,758
11276380981315,11276380982010,695
11276381210199,11276381210957,758
11276381436153,11276381436775,622
11276381663011,11276381663816,805
11276381884539,11276381885145,606
11276382112595,11276382113352,757
11276382345895,11276382346590,695
11276382574501,11276382575352,851
11276382801210,11276382801876,666
11276383032856,11276383033646,790
11276383256775,11276383257467,692
11276383483477,11276383484251,774
11276383709822,11276383710449,627
11276383935175,11276383935974,799
11276384161967,11276384162565,598
11276384394602,11276384395398,796
11276384619487,11276384620041,554
11276384845889,11276384846646,757
11276385072174,11276385072843,669
11276385309224,11276385310037,813
11276385536477,11276385537120,643
11276385774121,11276385774903,782
11276385997249,11276385997900,651
11276386225903,11276386226711,808
11276386449639,11276386450282,643
11276386674439,11276386675268,829
11276386898599,11276386899254,655
11276387129532,11276387130346,814
11276387358048,11276387358727,679
11276387590016,11276387590815,799
11276387813290,11276387813919,629
11276388038967,11276388039744,777
11276388271654,11276388272297,643
11276388496827,11276388497627,800
11276388719308,11276388719967,659
11276388955212,11276388956044,832
11276389183022,11276389183714,692
11276389409968,11276389410805,837
11276389633885,11276389634558,673
11276389859353,11276389860164,811
11276390082545,11276390083229,684
11276390320194,11276390320982,788
11276390545698,11276390546319,621
11276390771235,11276390772027,792
11276390999235,11276390999904,669
11276391230849,11276391231626,777
11276391456142,11276391456788,646
11276391682002,11276391682756,754
11276391907642,11276391908228,586
11276392135751,11276392136535,784
11276392379556,11276392380243,687
11276392609888,11276392610699,811
11276392837631,11276392838312,681
11276393066260,11276393067055,795
11276393292448,11276393293112,664
11276393521238,11276393522060,822
11276393747109,11276393747737,628
11276393974046,11276393974828,782
11276394196543,11276394197228,685
11276394425641,11276394426449,808
11276394650897,11276394651529,632
11276394880705,11276394881488,783
11276395103415,11276395104053,638
11276395331198,11276395331949,751
11276395565631,11276395566300,669
11276395796922,11276395797738,816
11276396026511,11276396027192,681
11276396256554,11276396257354,800
11276396484446,11276396485127,681
11276396711504,11276396712295,791
11276396938177,11276396938815,638
11276397167731,11276397168545,814
11276397394653,11276397395320,667
11276397621583,11276397622365,782
11276397845895,11276397846541,646
11276398073055,11276398073828,773
11276398302426,11276398303089,663
11276398531263,11276398532047,784
11276398757891,11276398758505,614
11276398993582,11276398994371,789
11276399220341,11276399221027,686
11276399452773,11276399453567,794
11276399679007,11276399679697,690
11276399908018,11276399908871,853
11276400135580,11276400136241,661
11276400371386,11276400372152,766
11276400596523,11276400597211,688
11276400824687,11276400825442,755
11276401048781,11276401049412,631
11276401274637,11276401275406,769
11276401502712,11276401503342,630
11276401730386,11276401731129,743
11276401957664,11276401958305,641
11276402184780,11276402185560,780
11276402427066,11276402427751,685
11276402655625,11276402656397,772
11276402882928,11276402883603,675
11276403112378,11276403113128,750
11276403378011,11276403378648,637
11276403610713,11276403611451,738
11276403836473,11276403837086,613
11276404063299,11276404064065,766
11276404294679,11276404295321,642
11276404523891,11276404524654,763
11276404749684,11276404750294,610
11276404978511,11276404979324,813
11276405202288,11276405202928,640
11276405432852,11276405433656,804
11276405667510,11276405668186,676
11276405896739,11276405897520,781
11276406123092,11276406123724,632
11276406352723,11276406353478,755
11276406581474,11276406582151,677
11276406808964,11276406809756,792
11276407033001,11276407033651,650
11276407261762,11276407262561,799
11276407497024,11276407497702,678
11276407725733,11276407726522,789
11276407948971,11276407949602,631
11276408177601,11276408178349,748
11276408403772,11276408404406,634
11276408631364,11276408632139,775
11276408859330,11276408859949,619
11276409106747,11276409107566,819
11276409338226,11276409338913,687
11276409569565,11276409570407,842
11276409795715,11276409796380,665
11276410023945,11276410024743,798
11276410251659,11276410252305,646
11276410482101,11276410482879,778
11276410709746,11276410710368,622
11276410936714,11276410937523,809
11276411161327,11276411161986,659
11276411388208,11276411389061,853
11276411618374,11276411618998,624
11276411846130,11276411846880,750
11276412070402,11276412071058,656
11276412305178,11276412306010,832
11276412532187,11276412532804,617
11276412764913,11276412765731,818
11276412994993,11276412995661,668
11276413226354,11276413227203,849
11276413452028,11276413452682,654
11276413685053,11276413685836,783
11276413908687,11276413909350,663
11276414136332,11276414137082,750
11276414360642,11276414361283,641
11276414588207,11276414588935,728
11276414816934,11276414817566,632
11276415043320,11276415044101,781
11276415268335,11276415269029,694
11276415497242,11276415498044,802
11276415741212,11276415741885,673
11276415971481,11276415972326,845
11276416200911,11276416201571,660
11276416429528,11276416430348,820
11276416657882,11276416658533,651
11276416887008,11276416887814,806
11276417113588,11276417114244,656
11276417342681,11276417343528,847
11276417569434,11276417570104,670
11276417798865,11276417799642,777
11276418022624,11276418023286,662
11276418252441,11276418253246,805
11276418475553,11276418476222,669
11276418704771,11276418705529,758
11276418939385,11276418940058,673
11276419170354,11276419171132,778
11276419397271,11276419397899,628
11276419628166,11276419628958,792
11276419857066,11276419857730,664
11276420085554,11276420086351,797
11276420311643,11276420312301,658
11276420538474,11276420539259,785
11276420764440,11276420765067,627
11276420994560,11276420995347,787
11276421220409,11276421221062,653
11276421448054,11276421448869,815
11276421673836,11276421674516,680
11276421905122,11276421905888,766
11276422132829,11276422133495,666
11276422366691,11276422367493,802
11276422592162,11276422592857,695
11276422825162,11276422825973,811
11276423052636,11276423053313,677
11276423287698,11276423288537,839
11276423515270,11276423515959,689
11276423743110,11276423743904,794
11276423971551,11276423972152,601
11276424199343,11276424200106,763
11276424422412,11276424423027,615
11276424652208,11276424652962,754
11276424881113,11276424881749,636
11276425108464,11276425109265,801
11276425333851,11276425334518,667
11276425572278,11276425573050,772
11276425798796,11276425799467,671
11276426029192,11276426029998,806
11276426257078,11276426257706,628
11276426485721,11276426486497,776
11276426714586,11276426715245,659
11276426946507,11276426947287,780
11276427173097,11276427173738,641
11276427401439,11276427402224,785
11276427626939,11276427627621,682
11276427853197,11276427853999,802
11276428081171,11276428081877,706
11276428308328,11276428309133,805
11276428534781,11276428535410,629
11276428761551,11276428762327,776
11276428999972,11276429000683,711
11276429228473,11276429229279,806
11276429458188,11276429458894,706
11276429687698,11276429688496,798
11276429915711,11276429916415,704
11276430146411,11276430147227,816
11276430374255,11276430374953,698
11276430602803,11276430603589,786
11276430828767,11276430829359,592
11276431060562,11276431061324,762
11276431286261,11276431286875,614
11276431515934,11276431516724,790
11276431740569,11276431741219,650
11276431970924,11276431971733,809
11276432195450,11276432196091,641
11276432431739,11276432432529,790
11276432659385,11276432660078,693
11276432887747,11276432888557,810
11276433115257,11276433115888,631
11276433342568,11276433343367,799
11276433570333,11276433570997,664
11276433798476,11276433799220,744
11276434025903,11276434026592,689
11276434251502,11276434252268,766
11276434479375,11276434480008,633
11276434706335,11276434707126,791
11276434939597,11276434940248,651
11276435167017,11276435167844,827
11276435448515,11276435449152,637
11276435683752,11276435684584,832
11276435911926,11276435912591,665
11276436141432,11276436142251,819
11276436374295,11276436374956,661
11276436600534,11276436601344,810
11276436825809,11276436826486,677
11276437053916,11276437054727,811
11276437281894,11276437282594,700
11276437512285,11276437513093,808
11276437734980,11276437735676,696
11276437963310,11276437964109,799
11276438189902,11276438190591,689
11276438414662,11276438415486,824
11276438637018,11276438637646,628
11276438864958,11276438865709,751
11276439101851,11276439102526,675
11276439335425,11276439336273,848
11276439563163,11276439563820,657
11276439791068,11276439791845,777
11276440016003,11276440016639,636
11276440245342,11276440246115,773
11276440472350,11276440473009,659
11276440698774,11276440699550,776
11276440928194,11276440928883,689
11276441162970,11276441163782,812
11276441390925,11276441391652,727
11276441619306,11276441620070,764
11276441843290,11276441843973,683
11276442068941,11276442069754,813
11276442304410,11276442305088,678
11276442533610,11276442534424,814
11276442762920,11276442763581,661
11276442990871,11276442991669,798
11276443218892,11276443219551,659
11276443450308,11276443451112,804
11276443678650,11276443679302,652
11276443907102,11276443907912,810
11276444134972,11276444135586,614
11276444365476,11276444366249,773
11276444590551,11276444591206,655
11276444819181,11276444819933,752
11276445041906,11276445042501,595
11276445271257,11276445272047,790
11276445498051,11276445498670,619
11276445733922,11276445734683,761
11276445961350,11276445962018,668
11276446194558,11276446195356,798
11276446422567,11276446423193,626
11276446651935,11276446652709,774
11276446879595,11276446880268,673
11276447106465,11276447107274,809
11276447334722,11276447335377,655
11276447562432,11276447563241,809
11276447787019,11276447787687,668
11276448013732,11276448014503,771
11276448242264,11276448242925,661
11276448469479,11276448470252,773
11276448695645,11276448696268,623
11276448930779,11276448931575,796
11276449187091,11276449187771,680
11276449419984,11276449420805,821
11276449644075,11276449644737,662
11276449873365,11276449874152,787
11276450100623,11276450101261,638
11276450327894,11276450328682,788
11276450555131,11276450555742,611
11276450780563,11276450781366,803
11276451002992,11276451003651,659
11276451231278,11276451232063,785
11276451456295,11276451456911,616
11276451683086,11276451683857,771
11276451908853,11276451909488,635
11276452136390,11276452137178,788
11276452368205,11276452369978,1773
11276452599772,11276452600609,837
11276452826151,11276452826843,692
11276453055971,11276453056841,870
11276453282196,11276453282875,679
11276453508782,11276453509527,745
11276453736130,11276453736821,691
11276453967383,11276453968216,833
11276454190043,11276454190695,652
11276454415938,11276454416713,775
11276454642317,11276454642954,637
11276454867774,11276454868560,786
11276455094387,11276455095015,628
11276455321622,11276455322423,801
11276455555333,11276455556001,668
11276455785908,11276455786696,788
11276456013461,11276456014133,672
11276456241621,11276456242405,784
11276456467264,11276456467937,673
11276456696055,11276456696888,833
11276456920806,11276456921454,648
11276457148429,11276457149201,772
11276457374321,11276457374972,651
11276457599186,11276457599972,786
11276457823142,11276457823793,651
11276458052061,11276458052807,746
11276458279884,11276458280501,617
11276458504816,11276458505594,778
11276458730159,11276458730850,691
11276458968443,11276458969271,828
11276459195568,11276459196273,705
11276459423204,11276459424019,815
11276459650176,11276459650813,637
11276459879294,11276459880105,811
11276460106724,11276460107407,683
11276460333444,11276460334268,824
11276460558044,11276460558717,673
11276460783458,11276460784276,818
11276461009175,11276461009806,631
11276461238613,11276461239427,814
11276461463994,11276461464626,632
11276461687801,11276461688624,823
11276461913436,11276461914108,672
11276462147421,11276462148225,804
11276462378103,11276462378810,707
11276462608169,11276462608975,806
11276462834823,11276462835493,670
11276463066144,11276463066950,806
11276463289953,11276463290639,686
11276463519357,11276463520174,817
11276463743709,11276463744358,649
11276463971367,11276463972183,816
11276464195036,11276464195693,657
11276464422824,11276464423650,826
11276464650202,11276464650841,639
11276464877279,11276464878078,799
11276465103512,11276465104159,647
11276465330433,11276465331242,809
11276465565462,11276465566117,655
11276465794382,11276465795195,813
11276466026049,11276466026676,627
11276466255439,11276466256245,806
11276466487918,11276466488581,663
11276466715483,11276466716327,844
11276466943609,11276466944242,633
11276467173258,11276467174068,810
11276467398603,11276467399274,671
11276467624613,11276467625402,789
11276467850315,11276467851005,690
11276468079245,11276468080078,833
11276468303701,11276468304382,681
11276468531203,11276468532006,803
11276468754299,11276468754962,663
11276469038659,11276469039496,837
11276469271281,11276469271971,690
11276469501813,11276469502635,822
11276469728622,11276469729273,651
11276469959801,11276469960600,799
11276470185833,11276470186459,626
11276470413510,11276470414326,816
11276470639164,11276470639854,690
11276470865899,11276470866705,806
11276471090233,11276471090888,655
11276471324820,11276471325666,846
11276471551353,11276471552020,667
11276471777840,11276471778620,780
11276472001547,11276472002245,698
11276472247822,11276472248634,812
11276472480433,11276472481113,680
11276472713005,11276472713795,790
11276472942162,11276472942800,638
11276473172518,11276473173331,813
11276473404226,11276473404922,696
11276473634446,11276473635240,794
11276473862850,11276473863533,683
11276474091546,11276474092372,826
11276474319952,11276474320618,666
11276474550353,11276474551204,851
11276474777571,11276474778224,653
11276475006531,11276475007307,776
11276475233119,11276475233792,673
11276475464997,11276475465790,793
11276475701002,11276475701652,650
11276475931395,11276475932209,814
11276476158332,11276476158989,657
11276476390894,11276476391713,819
11276476617453,11276476618134,681
11276476844777,11276476845570,793
11276477070825,11276477071434,609
11276477301358,11276477302163,805
11276477524800,11276477525447,647
11276477754124,11276477754930,806
11276477981694,11276477982338,644
11276478208868,11276478209684,816
11276478433218,11276478433879,661
11276478658400,11276478659213,813
11276478890315,11276478890985,670
11276479121285,11276479122077,792
11276479349833,11276479350422,589
11276479577427,11276479578162,735
11276479802959,11276479803635,676
11276480033425,11276480034200,775
11276480259987,11276480260613,626
11276480489354,11276480490126,772
11276480718562,11276480719214,652
11276480945621,11276480946429,808
11276481171456,11276481172087,631
11276481400601,11276481401404,803
11276481625714,11276481626348,634
11276481854555,11276481855339,784
11276482077688,11276482078296,608
11276482311952,11276482312769,817
11276482543048,11276482543682,634
11276482774489,11276482775304,815
11276483001987,11276483002677,690
11276483232378,11276483233222,844
11276483460242,11276483460964,722
11276483689547,11276483690369,822
11276483915363,11276483916060,697
11276484142745,11276484143547,802
11276484368928,11276484369553,625
11276484599885,11276484600721,836
11276484825229,11276484825915,686
11276485050415,11276485051220,805
11276485278146,11276485278810,664
11276485563247,11276485564059,812
11276485791753,11276485792441,688
11276486021310,11276486022120,810
11276486246802,11276486247495,693
11276486474140,11276486474944,804
11276486702844,11276486703517,673
11276486928420,11276486929203,783
11276487156088,11276487156765,677
11276487383715,11276487384497,782
11276487608624,11276487609238,614
11276487836758,11276487837519,761
11276488061274,11276488061917,643
11276488287920,11276488288746,826
11276488510683,11276488511350,667
11276488739745,11276488740513,768
11276488970834,11276488971503,669
11276489200049,11276489200894,845
11276489424302,11276489424938,636
11276489652928,11276489653690,762
11276489878801,11276489879437,636
11276490105661,11276490106449,788
11276490331231,11276490331893,662
11276490563400,11276490564176,776
11276490789607,11276490790240,633
11276491016334,11276491017141,807
11276491241195,11276491241862,667
11276491468136,11276491468917,781
11276491700270,11276491700931,661
11276491931083,11276491931882,799
11276492156250,11276492156927,677
11276492388638,11276492389454,816
11276492616018,11276492616688,670
11276492845191,11276492845990,799
11276493070536,11276493071193,657
11276493301958,11276493302746,788
11276493528476,11276493529117,641
11276493757407,11276493758201,794
11276493981622,11276493982294,672
11276494207714,11276494208512,798
11276494432434,11276494433071,637
11276494660579,11276494661323,744
11276494884608,11276494885229,621
11276495109842,11276495110612,770
11276495336519,11276495337126,607
11276495572341,11276495573136,795
11276495797297,11276495797992,695
11276496026606,11276496027398,792
11276496254028,11276496254691,663
11276496484805,11276496485611,806
11276496711254,11276496711916,662
11276496937950,11276496938736,786
11276497165553,11276497166222,669
11276497392536,11276497393353,817
11276497619554,11276497620182,628
11276497849660,11276497850452,792
11276498076736,11276498077379,643
11276498302414,11276498303224,810
11276498530663,11276498531331,668
11276498758780,11276498759590,810
11276498993430,11276498994143,713
11276499223277,11276499224053,776
11276499451085,11276499451770,685
11276499678833,11276499679657,824
11276499910753,11276499911436,683
11276500139375,11276500140205,830
11276500362844,11276500363529,685
11276500591130,11276500591935,805
11276500816176,11276500816862,686
11276501045177,11276501046012,835
11276501273388,11276501274068,680
11276501500489,11276501501314,825
11276501724410,11276501725055,645
11276501953783,11276501954574,791
11276502176041,11276502176744,703
11276502413776,11276502414619,843
11276502668121,11276502668797,676
11276502902887,11276502903645,758
11276503130750,11276503131409,659
11276503358155,11276503358877,722
11276503583933,11276503584576,643
11276503810019,11276503810802,783
11276504038628,11276504039317,689
11276504264813,11276504265557,744
11276504490301,11276504490894,593
11276504717214,11276504718006,792
11276504946101,11276504946742,641
11276505171478,11276505172245,767
11276505396190,11276505396815,625
11276505630830,11276505631661,831
11276505859894,11276505860542,648
11276506089939,11276506090738,799
11276506319903,11276506320552,649
11276506550318,11276506551129,811
11276506774591,11276506775246,655
11276507004427,11276507005176,749
11276507235342,11276507235983,641
11276507466675,11276507467462,787
11276507694557,11276507695227,670
11276507926160,11276507926959,799
11276508152637,11276508153264,627
11276508380547,11276508381319,772
11276508606852,11276508607501,649
11276508835322,11276508836034,712
11276509072188,11276509072854,666
11276509303882,11276509304672,790
11276509532020,11276509532704,684
11276509761855,11276509762640,785
11276509991295,11276509991899,604
11276510218762,11276510219513,751
11276510446055,11276510446750,695
11276510674173,11276510674981,808
11276510898693,11276510899308,615
11276511127526,11276511128303,777
11276511351695,11276511352361,666
11276511579199,11276511579951,752
11276511806190,11276511806822,632
11276512034235,11276512035043,808
11276512268882,11276512269577,695
11276512499095,11276512499914,819
11276512728166,11276512728835,669
11276512957921,11276512958721,800
11276513185639,11276513186317,678
11276513413748,11276513414529,781
11276513640352,11276513641012,660
11276513868065,11276513868843,778
11276514123894,11276514124540,646
11276514352068,11276514352851,783
11276514576331,11276514576998,667
11276514811052,11276514811838,786
11276515033779,11276515034438,659
11276515260958,11276515261748,790
11276515489687,11276515490358,671
11276515724516,11276515725340,824
11276515952687,11276515953394,707
11276516181450,11276516182275,825
11276516408372,11276516409087,715
11276516641522,11276516642302,780
11276516868949,11276516869551,602
11276517104827,11276517105595,768
11276517330797,11276517331432,635
11276517555062,11276517555837,775
11276517784564,11276517785163,599
11276518010358,11276518011151,793
11276518234564,11276518235211,647
11276518459700,11276518460490,790
11276518687635,11276518688245,610
11276518925118,11276518925965,847
11276519153484,11276519154149,665
11276519382296,11276519383069,773
11276519606362,11276519606951,589
11276519838511,11276519839278,767
11276520063847,11276520064477,630
11276520291769,11276520292491,722
11276520523060,11276520523697,637
11276520753085,11276520753853,768
11276520977384,11276520978015,631
11276521207148,11276521207948,800
11276521431244,11276521431873,629
11276521659290,11276521660091,801
11276521885828,11276521886497,669
11276522111041,11276522111842,801
11276522344841,11276522345506,665
11276522574820,11276522575624,804
11276522803907,11276522804576,669
11276523032533,11276523033373,840
11276523258866,11276523259518,652
11276523484303,11276523485091,788
11276523712760,11276523713409,649
11276523939180,11276523939984,804
11276524160954,11276524161581,627
11276524387613,11276524388374,761
11276524610662,11276524611261,599
11276524838063,11276524838866,803
11276525063005,11276525063675,670
11276525289759,11276525290569,810
11276525515710,11276525516387,677
11276525755044,11276525755864,820
11276525979876,11276525980526,650
11276526208934,11276526209740,806
11276526435908,11276526436597,689
11276526664026,11276526664860,834
11276526891152,11276526891819,667
11276527119119,11276527119900,781
11276527344574,11276527345182,608
11276527574598,11276527575410,812
11276527801213,11276527801834,621
11276528029058,11276528029809,751
11276528255572,11276528256236,664
11276528481949,11276528482703,754
11276528707873,11276528708478,605
11276528944423,11276528945262,839
11276529171198,11276529171874,676
11276529398628,11276529399439,811
11276529625645,11276529626314,669
11276529855601,11276529856356,755
11276530080765,11276530081419,654
11276530307395,11276530308163,768
11276530532476,11276530533113,637
11276530758509,11276530759289,780
11276530986322,11276530986919,597
11276531212414,11276531213151,737
11276531438627,11276531439294,667
11276531667365,11276531668166,801
11276531893773,11276531894423,650
11276532119904,11276532120686,782
11276532349782,11276532350456,674
11276532578711,11276532579526,815
11276532805409,11276532806044,635
11276533035877,11276533036632,755
11276533259089,11276533259719,630
11276533491567,11276533492388,821
11276533718169,11276533718798,629
11276533947914,11276533948669,755
11276534169962,11276534170593,631
11276534399846,11276534400643,797
11276534666088,11276534666741,653
11276534897170,11276534897949,779
11276535121678,11276535122293,615
11276535347840,11276535348586,746
11276535583238,11276535583892,654
11276535809718,11276535810567,849
11276536037122,11276536037788,666
11276536266160,11276536266979,819
11276536493026,11276536493667,641
11276536719681,11276536720439,758
11276536948376,11276536949023,647
11276537176498,11276537177243,745
11276537401007,11276537401655,648
11276537631643,11276537632417,774
11276537856544,11276537857223,679
11276538085208,11276538085992,784
11276538308216,11276538308850,634
11276538535885,11276538536652,767
11276538759544,11276538760154,610
11276538999514,11276539000344,830
11276539226145,11276539226817,672
11276539453978,11276539454725,747
11276539679680,11276539680293,613
11276539911833,11276539912619,786
11276540137922,11276540138530,608
11276540365548,11276540366322,774
11276540588416,11276540589026,610
11276540814485,11276540815243,758
11276541042681,11276541043291,610
11276541269972,11276541270730,758
11276541495612,11276541496293,681
11276541722588,11276541723370,782
11276541948976,11276541949638,662
11276542175675,11276542176464,789
11276542416849,11276542417506,657
11276542646668,11276542647482,814
11276542875481,11276542876121,640
11276543104555,11276543105353,798
11276543329859,11276543330462,603
11276543558809,11276543559594,785
11276543785029,11276543785650,621
11276544012788,11276544013573,785
11276544238377,11276544239075,698
11276544466209,11276544467019,810
11276544690711,11276544691339,628
11276544918191,11276544919019,828
11276545142398,11276545143047,649
11276545369607,11276545370429,822
11276545602694,11276545603366,672
11276545831936,11276545832760,824
11276546061240,11276546061892,652
11276546292376,11276546293204,828
11276546518200,11276546518850,650
11276546745471,11276546746267,796
11276546970474,11276546971167,693
11276547202870,11276547203706,836
11276547428886,11276547429497,611
11276547655086,11276547655871,785
11276547880179,11276547880813,634
11276548109955,11276548110757,802
11276548333359,11276548334014,655
11276548560401,11276548561188,787
11276548786304,11276548786982,678
11276549023205,11276549024008,803
11276549251109,11276549251717,608
11276549484053,11276549484836,783
11276549711770,11276549712387,617
11276549939087,11276549939838,751
11276550170001,11276550170662,661
11276550396661,11276550397476,815
11276550621495,11276550622120,625
11276550849712,11276550850493,781
11276551078929,11276551079561,632
11276551306285,11276551307090,805
11276551532071,11276551532705,634
11276551760798,11276551761614,816
11276551984593,11276551985229,636
11276552221065,11276552221903,838
11276552447055,11276552447721,666
11276552677385,11276552678167,782
11276552902970,11276552903620,650
11276553132517,11276553133308,791
11276553356978,11276553357565,587
11276553587358,11276553588152,794
11276553812938,11276553813593,655
11276554038703,11276554039502,799
11276554269744,11276554270368,624
11276554498125,11276554498899,774
11276554722365,11276554723025,660
11276554947610,11276554948416,806
11276555171771,11276555172410,639
11276555401487,11276555402252,765
11276555637983,11276555638660,677
11276555867165,11276555867937,772
11276556093760,11276556094389,629
11276556324881,11276556325652,771
11276556551426,11276556552006,580
11276556780171,11276556780971,800
11276557005178,11276557005803,625
11276557236138,11276557236958,820
11276557460985,11276557461615,630
11276557688305,11276557689070,765
11276557915204,11276557915833,629
11276558146276,11276558147012,736
11276558373319,11276558373978,659
11276558602011,11276558602782,771
11276558828218,11276558828851,633
11276559066605,11276559067380,775
11276559297985,11276559298619,634
11276559529691,11276559530475,784
11276559754936,11276559755613,677
11276559985438,11276559986226,788
11276560216256,11276560216874,618
11276560450763,11276560451574,811
11276560679974,11276560680661,687
11276560907783,11276560908603,820
11276561133538,11276561134192,654
11276561363793,11276561364579,786
11276561591634,11276561592270,636
11276561818339,11276561819189,850
11276562043451,11276562044068,617
11276562281154,11276562281985,831
11276562512382,11276562513052,670
11276562741767,11276562742555,788
11276562969087,11276562969747,660
11276563198815,11276563199615,800
11276563426926,11276563427573,647
11276563655981,11276563656735,754
11276563881006,11276563881602,596
11276564109621,11276564110423,802
11276564334685,11276564335332,647
11276564562659,11276564563468,809
11276564788274,11276564788884,610
11276565014876,11276565015626,750
11276565240921,11276565241564,643
11276565471838,11276565472645,807
11276565701734,11276565702435,701
11276565931886,11276565932702,816
11276566159120,11276566159748,628
11276566389889,11276566390689,800
11276566617354,11276566617945,591
11276566845255,11276566846009,754
11276567074215,11276567074852,637
11276567301252,11276567302042,790
11276567533568,11276567534187,619
11276567760723,11276567761518,795
11276567988387,11276567989048,661
11276568214188,11276568215000,812
11276568444992,11276568445664,672
11276568671796,11276568672606,810
11276569162727,11276569163400,673
11276569386159,11276569386947,788
11276569605620,11276569606261,641
11276569828592,11276569829422,830
11276570048418,11276570049050,632
11276570264592,11276570265397,805
11276570482486,11276570483113,627
11276570698238,11276570699007,769
11276570910957,11276570911616,659
11276571134234,11276571135006,772
11276571349503,11276571350145,642
11276571572637,11276571573447,810
11276571788483,11276571789096,613
11276572004894,11276572005673,779
11276572233417,11276572234075,658
11276572453699,11276572454483,784
11276572669439,11276572670027,588
11276572890320,11276572891089,769
11276573106986,11276573107596,610
11276573329742,11276573330525,783
11276573550061,11276573550684,623
11276573768339,11276573769106,767
11276573983160,11276573983771,611
11276574202346,11276574203154,808
11276574417039,11276574417657,618
11276574632921,11276574633748,827
11276574852508,11276574853091,583
11276575069851,11276575070620,769
11276575285129,11276575285736,607
11276575507585,11276575508365,780
11276575732771,11276575733440,669
11276575953813,11276575954597,784
11276576174023,11276576174618,595
11276576393059,11276576393857,798
11276576610060,11276576610638,578
11276576829002,11276576829799,797
11276577044765,11276577045346,581
11276577260629,11276577261376,747
11276577478210,11276577478842,632
11276577692774,11276577693551,777
11276577906998,11276577907637,639
11276578127143,11276578127914,771
11276578341317,11276578341942,625
11276578562481,11276578563278,797
11276578777533,11276578778148,615
11276579007647,11276579008439,792
11276579229726,11276579230373,647
11276579447314,11276579448103,789
11276579662959,11276579663602,643
11276579884820,11276579885626,806
11276580101862,11276580102483,621
11276580318887,11276580319667,780
11276580537807,11276580538476,669
11276580755169,11276580755907,738
11276580968148,11276580968764,616
11276581189520,11276581190311,791
11276581403429,11276581404080,651
11276581618820,11276581619569,749
11276581838875,11276581839501,626
11276582054582,11276582055351,769
11276582277203,11276582277858,655
11276582500234,11276582500997,763
11276582717096,11276582717712,616
11276582938110,11276582938902,792
11276583156603,11276583157217,614
11276583375054,11276583375802,748
11276583589185,11276583589818,633
11276583808423,11276583809210,787
11276584023693,11276584024337,644
11276584263419,11276584264186,767
11276584482512,11276584483218,706
11276584700586,11276584701341,755
11276584916359,11276584916982,623
11276585129630,11276585130374,744
11276585343742,11276585344381,639
11276585570878,11276585571705,827
11276585791323,11276585792022,699
11276586010684,11276586011515,831
11276586232430,11276586233074,644
11276586458466,11276586460405,1939
11276586685605,11276586686235,630
11276586910761,11276586911549,788
11276587135458,11276587136067,609
11276587362247,11276587362997,750
11276587588554,11276587589147,593
11276587814717,11276587815504,787
11276588040026,11276588040682,656
11276588265866,11276588266664,798
11276588492447,11276588493089,642
11276588719496,11276588720271,775
11276588951389,11276588952082,693
11276589182337,11276589183112,775
11276589407673,11276589408344,671
11276589636215,11276589637025,810
11276589861536,11276589862201,665
11276590091303,11276590092093,790
11276590312723,11276590313381,658
11276590540589,11276590541344,755
11276590764921,11276590765514,593
11276590992301,11276590993070,769
11276591218539,11276591219156,617
11276591445626,11276591446425,799
11276591673683,11276591674337,654
11276591900893,11276591901683,790
11276592125407,11276592126034,627
11276592367129,11276592367905,776
11276592598643,11276592599312,669
11276592829179,11276592829959,780
11276593056221,11276593056865,644
11276593282924,11276593283711,787
11276593507631,11276593508265,634
11276593737038,11276593737812,774
11276593964010,11276593964617,607
11276594193099,11276594193879,780
11276594417866,11276594418502,636
11276594648925,11276594649729,804
11276594873756,11276594874416,660
11276595099503,11276595100324,821
11276595322886,11276595323494,608
11276595559613,11276595560396,783
11276595789978,11276595790611,633
11276596018786,11276596019570,784
11276596245607,11276596246244,637
11276596474568,11276596475342,774
11276596701665,11276596702310,645
11276596928935,11276596929699,764
11276597154997,11276597155621,624
11276597383866,11276597384649,783
11276597609536,11276597610182,646
11276597837271,11276597838034,763
11276598063958,11276598064571,613
11276598291925,11276598292669,744
11276598515692,11276598516309,617
11276598745231,11276598746016,785
11276598978450,11276598979135,685
11276599208420,11276599209185,765
11276599434146,11276599434820,674
11276599664032,11276599664808,776
11276599893169,11276599893828,659
11276600122341,11276600123148,807
11276600347855,11276600348545,690
11276600576345,11276600577096,751
11276600802033,11276600802668,635
11276601029734,11276601030507,773
11276601255393,11276601256022,629
11276601483508,11276601484273,765
11276601709234,11276601709907,673
11276601935756,11276601936511,755
11276602160067,11276602160728,661
11276602393457,11276602394267,810
11276602619337,11276602619987,650
11276602850153,11276602850970,817
11276603074926,11276603075565,639
11276603306108,11276603306896,788
11276603528855,11276603529523,668
11276603757516,11276603758299,783
11276603984734,11276603985380,646
11276604211146,11276604211934,788
11276604435050,11276604435732,682
11276604663177,11276604663956,779
11276604889006,11276604889627,621
11276605114193,11276605114961,768
11276605340680,11276605341334,654
11276605584938,11276605585787,849
11276605832352,11276605832973,621
11276606065291,11276606066088,797
11276606294060,11276606294676,616
11276606524327,11276606525103,776
11276606751360,11276606752013,653
11276606982363,11276606983142,779
11276607207589,11276607208195,606
11276607436583,11276607437363,780
11276607660457,11276607661127,670
11276607890523,11276607891257,734
11276608114649,11276608115319,670
11276608341863,11276608342665,802
11276608566870,11276608567523,653
11276608794757,11276608795536,779
11276609028771,11276609029475,704
11276609262107,11276609262901,794
11276609487283,11276609487968,685
11276609716265,11276609717110,845
11276609946393,11276609947044,651
11276610172774,11276610173552,778
11276610400933,11276610401608,675
11276610628538,11276610629301,763
11276610854423,11276610855094,671
11276611084113,11276611084897,784
11276611311914,11276611312539,625
11276611537934,11276611538750,816
11276611764042,11276611764697,655
11276611994911,11276611995709,798
11276612228041,11276612228745,704
11276612456067,11276612456892,825
11276612682688,11276612683326,638
11276612913014,11276612913829,815
11276613142779,11276613143415,636
11276613374200,11276613375005,805
11276613600341,11276613600998,657
11276613829221,11276613830046,825
11276614056796,11276614057458,662
11276614284668,11276614285444,776
11276614508524,11276614509205,681
11276614737285,11276614738079,794
11276614965268,11276614965923,655
11276615194474,11276615195291,817
11276615451380,11276615452050,670
11276615703779,11276615704591,812
11276615934013,11276615934678,665
11276616167214,11276616168006,792
11276616396608,11276616397233,625
11276616626083,11276616626854,771
11276616925436,11276616926341,905
11276617216364,11276617217463,1099
11276617486152,11276617487068,916
11276617732149,11276617732996,847
11276617965758,11276617966408,650
11276618187799,11276618188581,782
11276618408355,11276618408977,622
11276618629027,11276618629821,794
11276618846034,11276618846656,622
11276619072026,11276619072812,786
11276619291408,11276619292023,615
11276619509942,11276619510700,758
11276619725689,11276619726285,596
11276619942376,11276619943136,760
11276620158364,11276620158967,603
11276620377030,11276620377772,742
11276620590083,11276620590681,598
11276620807374,11276620808100,726
11276621022728,11276621023351,623
11276621249625,11276621250357,732
11276621466956,11276621467573,617
11276621687782,11276621688548,766
11276621902101,11276621902705,604
11276622122222,11276622122992,770
11276622355342,11276622355989,647
11276622575498,11276622576226,728
11276622792147,11276622792753,606
11276623009147,11276623009899,752
11276623230277,11276623230883,606
11276623448629,11276623449361,732
11276623663600,11276623664173,573
11276623882262,11276623883010,748
11276624099012,11276624099607,595
11276624317055,11276624317828,773
11276624538240,11276624538869,629
11276624758004,11276624758794,790
11276624975222,11276624975853,631
11276625193542,11276625194271,729
11276625409259,11276625409826,567
11276625633767,11276625634522,755
11276625851462,11276625852088,626
11276626072430,11276626073172,742
11276626288871,11276626289422,551
11276626508317,11276626509076,759
11276626721986,11276626722585,599
11276626941593,11276626942339,746
11276627160555,11276627161156,601
11276627379429,11276627380195,766
11276627593931,11276627594520,589
11276627817743,11276627818520,777
11276628037719,11276628038302,583
11276628263870,11276628264624,754
11276628481172,11276628481777,605
11276628699353,11276628700115,762
11276628920857,11276628921494,637
11276629139917,11276629140629,712
11276629356335,11276629356898,563
11276629573491,11276629574233,742
11276629791004,11276629791634,630
11276630008165,11276630008883,718
11276630224147,11276630224794,647
11276630440607,11276630441333,726
11276630656455,11276630657061,606
11276630873598,11276630874334,736
11276631092580,11276631093197,617
11276631313085,11276631313884,799
11276631532916,11276631533548,632
11276631752861,11276631753620,759
11276631969215,11276631969826,611
11276632188573,11276632189366,793
11276632410824,11276632411469,645
11276632630874,11276632631673,799
11276632850071,11276632850700,629
11276633067421,11276633068172,751
11276633282005,11276633282607,602
11276633501328,11276633502065,737
11276633716892,11276633717490,598
11276633935397,11276633936117,720
11276634154196,11276634154785,589
11276634372287,11276634373003,716
11276634589491,11276634590103,612
11276634811137,11276634811859,722
11276635029967,11276635030561,594
11276635247088,11276635247847,759
11276635464165,11276635464741,576
11276635687191,11276635687954,763
11276635911203,11276635911903,700
11276636130436,11276636131147,711
11276636344603,11276636345192,589
11276636564786,11276636565492,706
11276636783823,11276636784426,603
11276636999030,11276636999783,753
11276637220509,11276637221099,590
11276637437188,11276637437912,724
11276637653404,11276637654015,611
11276637873192,11276637873919,727
11276638089260,11276638089871,611
11276638308067,11276638308805,738
11276638526063,11276638526683,620
11276638746495,11276638747254,759
11276638968104,11276638968742,638
11276639188405,11276639189141,736
11276639402762,11276639403403,641
11276639621714,11276639622461,747
11276639839520,11276639840114,594
11276640057484,11276640058204,720
11276640271451,11276640272032,581
11276640489245,11276640489947,702
11276640706416,11276640707063,647
11276640922034,11276640922782,748
11276641139133,11276641139719,586
11276641356437,11276641357169,732
11276641572960,11276641573540,580
11276641793093,11276641793803,710
11276642011621,11276642012202,581
11276642234276,11276642235055,779
11276642458252,11276642458890,638
11276642679929,11276642680675,746
11276642899411,11276642900017,606
11276643118429,11276643119191,762
11276643335002,11276643335579,577
11276643553448,11276643554177,729
11276643774458,11276643775088,630
11276643994750,11276643995462,712
11276644209634,11276644210204,570
11276644427752,11276644428498,746
11276644645268,11276644645843,575
11276644864302,11276644865026,724
11276645078191,11276645078821,630
11276645296754,11276645297518,764
11276645515493,11276645516082,589
11276645738239,11276645738999,760
11276645954424,11276645955058,634
11276646173694,11276646174412,718
11276646389171,11276646389770,599
11276646611108,11276646611829,721
11276646826743,11276646827347,604
11276647045637,11276647046401,764
11276647262846,11276647263492,646
11276647481100,11276647481803,703
11276647698403,11276647699032,629
11276647940490,11276647941337,847
11276648169215,11276648169897,682
11276648391468,11276648392222,754
11276648610980,11276648611649,669
11276648834709,11276648835496,787
11276649080882,11276649081506,624
11276649304452,11276649305222,770
11276649521661,11276649522285,624
11276649740362,11276649741151,789
11276649955198,11276649955845,647
11276650179692,11276650180448,756
11276650394198,11276650394811,613
11276650610599,11276650611381,782
11276650826886,11276650827514,628
11276651048100,11276651048870,770
11276651264057,11276651264686,629
11276651481820,11276651482603,783
11276651697484,11276651698089,605
11276651916534,11276651917322,788
11276652129821,11276652130444,623
11276652353226,11276652354027,801
11276652568348,11276652568967,619
11276652786221,11276652788030,1809
11276653003022,11276653003640,618
11276653218328,11276653219101,773
11276653434869,11276653435477,608
11276653652033,11276653652803,770
11276653867914,11276653868514,600
11276654087032,11276654087761,729
11276654301495,11276654302146,651
11276654517339,11276654518064,725
11276654732920,11276654733513,593
11276654951976,11276654952725,749
11276655167782,11276655168392,610
11276655381789,11276655382523,734
11276655603872,11276655604511,639
11276655828450,11276655829214,764
11276656041046,11276656041631,585
11276656256708,11276656257491,783
11276656470086,11276656470682,596
11276656688757,11276656689481,724
11276656902839,11276656903446,607
11276657119556,11276657120315,759
11276657334347,11276657334926,579
11276657553788,11276657554528,740
11276657770437,11276657771048,611
11276657986827,11276657987588,761
11276658215388,11276658215990,602
11276658433606,11276658434375,769
11276658646857,11276658647513,656
11276658869672,11276658870418,746
11276659089987,11276659090645,658
11276659304782,11276659305537,755
11276659521142,11276659521812,670
11276659739182,11276659739980,798
11276659956006,11276659956585,579
11276660171792,11276660172583,791
11276660386744,11276660387306,562
11276660603363,11276660604121,758
11276660820833,11276660821468,635
11276661037730,11276661038464,734
11276661253676,11276661254276,600
11276661469711,11276661470476,765
11276661686610,11276661687238,628
11276661907174,11276661907908,734
11276662118714,11276662119294,580
11276662339842,11276662340595,753
11276662556776,11276662557393,617
11276662773969,11276662774689,720
11276662988516,11276662989134,618
11276663207438,11276663208190,752
11276663421366,11276663421969,603
11276663640399,11276663641156,757
11276663855776,11276663856382,606
11276664100519,11276664101346,827
11276664325049,11276664325695,646
11276664552427,11276664553250,823
11276664768293,11276664768934,641
11276664982818,11276664983601,783
11276665202192,11276665202822,630
11276665421281,11276665422090,809
11276665646453,11276665647084,631
11276665865868,11276665866645,777
11276666081873,11276666082448,575
11276666308896,11276666309748,852
11276666527329,11276666528016,687
11276666745646,11276666746415,769
11276666961369,11276666961985,616
11276667177972,11276667178741,769
11276667390728,11276667391357,629
11276667611768,11276667612567,799
11276667826624,11276667827207,583
11276668042689,11276668043431,742
11276668255915,11276668256519,604
11276668473551,11276668474295,744
11276668688631,11276668689250,619
11276668911939,11276668912727,788
11276669126518,11276669127099,581
11276669349033,11276669349765,732
11276669562859,11276669563443,584
11276669782975,11276669783725,750
11276669998652,11276669999265,613
11276670215807,11276670216567,760
11276670432090,11276670432714,624
11276670648608,11276670649404,796
11276670863363,11276670863958,595
11276671080283,11276671081024,741
11276671299391,11276671299971,580
11276671518609,11276671519329,720
11276671736423,11276671737031,608
11276671959929,11276671960658,729
11276672178780,11276672179398,618
11276672421263,11276672422052,789
11276672638306,11276672638963,657
11276672856386,11276672857170,784
11276673077573,11276673078203,630
11276673297509,11276673298259,750
11276673519428,11276673520017,589
11276673739001,11276673739726,725
11276673958777,11276673959404,627
11276674179332,11276674180100,768
11276674400805,11276674401379,574
11276674619455,11276674620200,745
11276674835262,11276674835884,622
11276675057479,11276675058251,772
11276675273766,11276675274349,583
11276675493036,11276675493811,775
11276675713882,11276675714540,658
11276675936139,11276675936920,781
11276676153574,11276676154210,636
11276676374525,11276676375250,725
11276676591238,11276676591864,626
11276676811151,11276676811889,738
11276677027825,11276677028399,574
11276677251680,11276677252386,706
11276677468352,11276677468940,588
11276677684233,11276677684990,757
11276677902905,11276677903575,670
11276678120614,11276678121364,750
11276678339265,11276678339912,647
11276678560516,11276678561292,776
11276678783013,11276678783635,622
11276679008580,11276679009341,761
11276679233179,11276679233795,616
11276679453801,11276679454583,782
11276679671841,11276679672492,651
11276679940239,11276679941028,789
11276680158719,11276680159334,615
11276680384342,11276680385131,789
11276680602658,11276680603239,581
11276680820328,11276680821075,747
11276681037232,11276681037829,597
11276681259567,11276681260291,724
11276681475079,11276681475731,652
11276681693814,11276681694566,752
11276681909557,11276681910143,586
11276682128824,11276682129608,784
11276682355612,11276682356249,637
11276682577480,11276682578232,752
11276682794014,11276682794684,670
11276683017963,11276683018756,793
11276683236998,11276683237611,613
11276683453225,11276683454010,785
11276683672707,11276683673356,649
11276683892449,11276683893230,781
11276684110399,11276684111031,632
11276684333920,11276684334714,794
11276684551517,11276684552164,647
11276684772752,11276684773510,758
11276684989447,11276684990081,634
11276685209491,11276685210273,782
11276685427015,11276685427604,589
11276685654762,11276685655524,762
11276685875940,11276685876551,611
11276686095502,11276686096249,747
11276686312569,11276686313168,599
11276686533912,11276686534662,750
11276686751882,11276686752505,623
11276686972029,11276686972777,748
11276687189714,11276687190309,595
11276687409184,11276687409893,709
11276687625045,11276687625591,546
11276687846069,11276687846816,747
11276688068502,11276688069105,603
11276688287996,11276688288742,746
11276688504586,11276688505194,608
11276688727596,11276688728314,718
11276688951153,11276688951802,649
11276689173526,11276689174237,711
11276689392479,11276689393076,597
11276689610645,11276689611407,762
11276689827970,11276689828591,621
11276690050693,11276690051425,732
11276690271750,11276690272339,589
11276690488081,11276690488863,782
11276690712680,11276690713321,641
11276690932285,11276690933079,794
11276691149015,11276691149613,598
11276691367710,11276691368510,800
11276691587447,11276691588055,608
11276691806346,11276691807104,758
11276692024042,11276692024605,563
11276692245153,11276692245925,772
11276692464633,11276692465206,573
11276692683889,11276692684660,771
11276692897455,11276692898035,580
11276693117845,11276693118584,739
11276693333518,11276693334081,563
11276693553962,11276693554717,755
11276693769044,11276693769623,579
11276693995391,11276693996146,755
11276694214223,11276694214831,608
11276694436283,11276694437013,730
11276694652999,11276694653602,603
11276694875975,11276694876714,739
11276695097657,11276695098243,586
11276695315148,11276695315911,763
11276695535009,11276695535625,616
11276695758772,11276695759537,765
11276695984097,11276695984707,610
11276696204765,11276696205529,764
11276696421793,11276696422424,631
11276696639992,11276696640729,737
11276696860166,11276696860769,603
11276697078813,11276697079598,785
11276697296331,11276697296887,556
11276697515347,11276697516061,714
11276697734721,11276697735345,624
11276697954825,11276697955545,720
11276698172997,11276698173521,524
11276698393807,11276698394505,698
11276698609346,11276698609946,600
11276698833016,11276698833749,733
11276699056928,11276699057530,602
11276699280573,11276699281283,710
11276699498488,11276699499063,575
11276699721300,11276699722028,728
11276699939752,11276699940305,553
11276700156944,11276700157667,723
11276700374541,11276700375111,570
11276700593458,11276700594183,725
11276700811999,11276700812595,596
11276701036001,11276701036752,751
11276701258261,11276701258897,636
11276701481423,11276701482152,729
11276701703549,11276701704150,601
11276701923789,11276701924535,746
11276702142950,11276702143533,583
11276702365333,11276702366112,779
11276702585368,11276702585989,621
11276702809524,11276702810248,724
11276703029512,11276703030092,580
11276703247432,11276703248209,777
11276703467158,11276703467752,594
11276703685705,11276703686446,741
11276703908534,11276703909138,604
11276704125871,11276704126570,699
11276704342954,11276704343532,578
11276704562427,11276704563183,756
11276704781858,11276704782420,562
11276705001972,11276705002696,724
11276705219521,11276705220098,577
11276705442873,11276705443634,761
11276705661786,11276705662397,611
11276705883878,11276705884635,757
11276706103851,11276706104448,597
11276706322801,11276706323543,742
11276706540454,11276706541035,581
11276706764614,11276706765324,710
11276706979257,11276706979850,593
11276707203759,11276707204528,769
11276707423453,11276707424000,547
11276707641475,11276707642213,738
11276707861934,11276707862529,595
11276708079446,11276708080174,728
11276708297749,11276708298326,577
11276708515628,11276708516347,719
11276708735706,11276708736276,570
11276708959422,11276708960164,742
11276709183678,11276709184314,636
11276709404323,11276709405093,770
11276709623679,11276709624298,619
11276709842252,11276709843024,772
11276710060581,11276710061149,568
11276710279373,11276710280137,764
11276710496873,11276710497494,621
11276710716412,11276710717143,731
11276710934249,11276710934847,598
11276711153632,11276711154379,747
11276711369013,11276711369630,617
11276711588747,11276711589499,752
11276711810869,11276711811459,590
11276712029572,11276712030299,727
11276712251889,11276712252518,629
11276712476282,11276712477017,735
11276712695726,11276712696360,634
11276712915246,11276712915978,732
11276713130959,11276713131548,589
11276713349738,11276713350455,717
11276713568520,11276713569128,608
11276713789385,11276713790132,747
11276714007965,11276714008568,603
11276714227369,11276714228153,784
11276714447720,11276714448352,632
11276714690887,11276714691621,734
11276714912248,11276714912842,594
11276715136268,11276715137043,775
11276715357830,11276715358457,627
11276715580966,11276715581757,791
11276715797348,11276715797990,642
11276716018586,11276716019341,755
11276716233125,11276716233712,587
11276716451377,11276716452105,728
11276716665452,11276716666066,614
11276716883604,11276716884347,743
11276717097019,11276717098902,1883
11276717314246,11276717315032,786
11276717526465,11276717527082,617
11276717744409,11276717745233,824
11276717959455,11276717960057,602
11276718173688,11276718174444,756
11276718387020,11276718387658,638
11276718602807,11276718603551,744
11276718814944,11276718815529,585
11276719039650,11276719040378,728
11276719253413,11276719254068,655
11276719470835,11276719471619,784
11276719685965,11276719686576,611
11276719904068,11276719904841,773
11276720116447,11276720117045,598
11276720331574,11276720332329,755
11276720545506,11276720546134,628
11276720760421,11276720761175,754
11276720974875,11276720975462,587
11276721191737,11276721192473,736
11276721405305,11276721405923,618
11276721620287,11276721621058,771
11276721838274,11276721838903,629
11276722053542,11276722054289,747
11276722272664,11276722273311,647
11276722501015,11276722501802,787
11276722714439,11276722715106,667
11276722933202,11276722933975,773
11276723147561,11276723148161,600
11276723364767,11276723365545,778
11276723577298,11276723577897,599
11276723795593,11276723796388,795
11276724008864,11276724009457,593
11276724226233,11276724227044,811
11276724456083,11276724456708,625
11276724674701,11276724675482,781
11276724886706,11276724887293,587
11276725102510,11276725103251,741
11276725317482,11276725318117,635
11276725534883,11276725535693,810
11276725753931,11276725754478,547
11276725968018,11276725968760,742
11276726181981,11276726182564,583
11276726396263,11276726396998,735
11276726611625,11276726612208,583
11276726827634,11276726828391,757
11276727041613,11276727042249,636
11276727255034,11276727255778,744
11276727472836,11276727473479,643
11276727687736,11276727688454,718
11276727899725,11276727900304,579
11276728116715,11276728117503,788
11276728329732,11276728330352,620
11276728547061,11276728547782,721
11276728760597,11276728761244,647
11276728984180,11276728984952,772
11276729200085,11276729200699,614
11276729419691,11276729420450,759
11276729631532,11276729632118,586
11276729850913,11276729851674,761
11276730065104,11276730065686,582
11276730281265,11276730282032,767
11276730495975,11276730496589,614
11276730714454,11276730715171,717
11276730926600,11276730927199,599
11276731143394,11276731144133,739
11276731359241,11276731359881,640
11276731575719,11276731576497,778
11276731789202,11276731789788,586
11276732002867,11276732003617,750
11276732221376,11276732222043,667
11276732441361,11276732442148,787
11276732654917,11276732655512,595
11276732870164,11276732870943,779
11276733084594,11276733085198,604
11276733318656,11276733319392,736
11276733531507,11276733532101,594
11276733747241,11276733748044,803
11276733961539,11276733962138,599
11276734178645,11276734179409,764
11276734394737,11276734395320,583
11276734610664,11276734611426,762
11276734822230,11276734822796,566
11276735037155,11276735037889,734
11276735255441,11276735256055,614
11276735474455,11276735475208,753
11276735695882,11276735696541,659
11276735913672,11276735914432,760
11276736126040,11276736126652,612
11276736347108,11276736347838,730
11276736561446,11276736562051,605
11276736777477,11276736778215,738
11276736991478,11276736992119,641
11276737209153,11276737209897,744
11276737426254,11276737426838,584
11276737645459,11276737646203,744
11276737858768,11276737859381,613
11276738075079,11276738075823,744
11276738308619,11276738309253,634
11276738524034,11276738524779,745
11276738739998,11276738740587,589
11276738966295,11276738967067,772
11276739183426,11276739184064,638
11276739402281,11276739403048,767
11276739619120,11276739619715,595
11276739835605,11276739836363,758
11276740053557,11276740054175,618
11276740270673,11276740271435,762
11276740484456,11276740485047,591
11276740701303,11276740702057,754
11276740915594,11276740916199,605
11276741134694,11276741135454,760
11276741349708,11276741350306,598
11276741566480,11276741567227,747
11276741779328,11276741779959,631
11276741998972,11276741999712,740
11276742217697,11276742218326,629
11276742435062,11276742435820,758
11276742650653,11276742651262,609
11276742910657,11276742911418,761
11276743125489,11276743126042,553
11276743356637,11276743357413,776
11276743569619,11276743570263,644
11276743785977,11276743786747,770
11276744003757,11276744004368,611
11276744219659,11276744220394,735
11276744435811,11276744436414,603
11276744651621,11276744652368,747
11276744864769,11276744865355,586
11276745083213,11276745083976,763
11276745297698,11276745298284,586
11276745514958,11276745515705,747
11276745735925,11276745736541,616
11276745954542,11276745955259,717
11276746168369,11276746168999,630
11276746386868,11276746387656,788
11276746600098,11276746600718,620
11276746816889,11276746817632,743
11276747033660,11276747034324,664
11276747250163,11276747250905,742
11276747470511,11276747471132,621
11276747688404,11276747689147,743
11276747902618,11276747903221,603
11276748120049,11276748120793,744
11276748338221,11276748338857,636
11276748554686,11276748555443,757
11276748771301,11276748771938,637
11276748993669,11276748994436,767
11276749208598,11276749209267,669
11276749423977,11276749424724,747
11276749638865,11276749639506,641
11276749856571,11276749857361,790
11276750070168,11276750070789,621
11276750285396,11276750286154,758
11276750500453,11276750501121,668
11276750715700,11276750716461,761
11276750931173,11276750931780,607
11276751147602,11276751148369,767
11276751361725,11276751362305,580
11276751578441,11276751579177,736
11276751794335,11276751794951,616
11276752011507,11276752012244,737
11276752232101,11276752232722,621
11276752448796,11276752449570,774
11276752662873,11276752663505,632
11276752881327,11276752882072,745
11276753096147,11276753096771,624
11276753314073,11276753314864,791
11276753528063,11276753528662,599
11276753747213,11276753747983,770
11276753964286,11276753964945,659
11276754181011,11276754181794,783
11276754398199,11276754398812,613
11276754616426,11276754617163,737
11276754833389,11276754833996,607
11276755051135,11276755051881,746
11276755279300,11276755280068,768
11276755569204,11276755570063,859
11276755891802,11276755892497,695
11276756187018,11276756187911,893
11276756457776,11276756458489,713
11276756775385,11276756776517,1132
11276757060598,11276757061276,678
11276757312550,11276757313366,816
11276757561509,11276757562255,746
11276757803831,11276757804667,836
11276758049502,11276758050208,706
11276758294276,11276758295086,810
11276758592772,11276758593520,748
11276758861703,11276758862537,834
11276759121305,11276759122013,708
11276759369326,11276759370128,802
11276759586730,11276759587322,592
11276759807655,11276759808428,773
11276760027332,11276760027996,664
11276760254405,11276760255226,821
11276760473284,11276760473922,638
11276760691698,11276760692471,773
11276760909327,11276760909958,631
11276761127290,11276761128103,813
11276761344221,11276761344846,625
11276761562389,11276761563173,784
11276761780096,11276761780735,639
11276761998006,11276761998799,793
11276762220849,11276762221488,639
11276762442760,11276762443556,796
11276762658126,11276762658768,642
11276762874356,11276762875128,772
11276763091963,11276763092612,649
11276763314912,11276763315700,788
11276763533842,11276763534453,611
11276763752350,11276763753138,788
11276763981767,11276763982441,674
11276764201406,11276764202149,743
11276764425615,11276764426236,621
11276764644894,11276764645653,759
11276764862118,11276764862743,625
11276765079372,11276765080081,709
11276765297001,11276765297605,604
11276765519083,11276765519819,736
11276765742229,11276765742812,583
11276765960945,11276765961665,720
11276766175609,11276766176232,623
11276766401149,11276766401897,748
11276766619008,11276766619617,609
11276766838478,11276766839238,760
11276767055194,11276767055748,554
11276767274650,11276767275374,724
11276767490174,11276767490794,620
11276767707393,11276767708179,786
11276767923616,11276767924266,650
11276768145927,11276768146658,731
11276768367477,11276768368065,588
11276768582846,11276768583569,723
11276768802434,11276768803052,618
11276769117459,11276769118272,813
11276769356956,11276769357621,665
11276769575764,11276769576507,743
11276769794288,11276769794870,582
11276770012071,11276770012778,707
11276770229456,11276770230051,595
11276770445527,11276770446218,691
11276770664326,11276770664909,583
11276770881788,11276770882525,737
11276771099862,11276771100462,600
11276771318765,11276771319510,745
11276771537679,11276771538300,621
11276771755620,11276771756395,775
11276771976718,11276771977365,647
11276772200139,11276772200894,755
11276772428862,11276772429502,640
11276772646843,11276772647586,743
11276772865265,11276772865856,591
11276773086420,11276773087149,729
11276773307325,11276773307929,604
11276773525144,11276773525881,737
11276773739142,11276773739708,566
11276773959157,11276773959865,708
11276774174512,11276774175110,598
11276774398713,11276774399468,755
11276774616765,11276774617383,618
11276774836688,11276774837447,759
11276775052086,11276775052711,625
11276775268025,11276775268746,721
11276775483721,11276775484343,622
11276775707718,11276775708488,770
11276775929902,11276775930549,647
11276776148595,11276776149337,742
11276776364371,11276776364994,623
11276776580038,11276776580784,746
11276776799469,11276776800094,625
11276777017128,11276777017829,701
11276777235486,11276777236097,611
11276777452580,11276777453324,744
11276777668446,11276777669046,600
11276777888519,11276777889280,761
11276778104354,11276778104971,617
11276778322740,11276778323463,723
11276778540245,11276778540839,594
11276778760625,11276778761421,796
11276778980623,11276778981260,637
11276779200600,11276779201371,771
11276779416574,11276779417216,642
11276779634599,11276779635395,796
11276779851570,11276779852219,649
11276780068921,11276780069650,729
11276780284633,11276780285227,594
11276780530945,11276780531770,825
11276780749723,11276780750380,657
11276780966571,11276780967338,767
11276781182227,11276781182859,632
11276781400368,11276781401113,745
11276781616588,11276781617207,619
11276781832125,11276781833909,1784
11276782048524,11276782049120,596
11276782278829,11276782279594,765
11276782494581,11276782496192,1611
11276782712034,11276782712761,727
11276782925728,11276782926358,630
11276783143717,11276783144454,737
11276783359767,11276783360399,632
11276783576836,11276783577585,749
11276783789666,11276783790331,665
11276784052055,11276784052874,819
11276784305949,11276784306570,621
11276784551140,11276784551942,802
11276784793987,11276784794689,702
11276785038778,11276785039610,832
11276785284299,11276785284970,671
11276785529701,11276785530521,820
11276785778835,11276785779489,654
11276786022432,11276786023267,835
11276786262154,11276786262830,676
11276786506533,11276786507331,798
11276786748338,11276786749012,674
11276786993422,11276786994202,780
11276787236389,11276787237073,684
11276787484079,11276787484899,820
11276787726763,11276787727471,708
11276787967863,11276787968670,807
11276788215366,11276788216005,639
11276788458961,11276788459798,837
11276788700523,11276788701205,682
11276788956376,11276788957203,827
11276789198106,11276789198764,658
11276789448726,11276789449554,828
11276789691452,11276789692129,677
11276789932951,11276789933808,857
11276790174247,11276790174923,676
11276790418397,11276790419234,837
11276790658832,11276790659543,711
11276790900250,11276790901081,831
11276791141079,11276791141771,692
11276791384094,11276791384857,763
11276791624083,11276791624748,665
11276791866933,11276791867779,846
11276792106822,11276792107505,683
11276792363548,11276792364403,855
11276792607164,11276792607839,675
11276792852141,11276792852981,840
11276793094932,11276793095624,692
11276793341422,11276793342242,820
11276793583973,11276793584660,687
11276793824657,11276793825487,830
11276794071449,11276794072147,698
11276794311703,11276794312535,832
11276794551941,11276794552640,699
11276794794097,11276794794946,849
11276795035789,11276795036475,686
11276795276488,11276795277311,823
11276795515550,11276795516210,660
11276795768554,11276795769393,839
11276796012830,11276796013533,703
11276796259672,11276796260518,846
11276796503243,11276796503896,653
11276796746126,11276796746962,836
11276796988463,11276796989155,692
11276797236236,11276797237060,824
11276797478989,11276797479628,639
11276797722451,11276797723283,832
11276797961202,11276797961861,659
11276798207166,11276798207986,820
11276798447475,11276798448165,690
11276798689850,11276798690655,805
11276798938682,11276798939335,653
11276799183665,11276799184521,856
11276799429206,11276799429921,715
11276799672495,11276799673368,873
11276799914958,11276799915652,694
11276800162335,11276800163163,828
11276800407151,11276800407825,674
11276800649102,11276800649948,846
11276800888491,11276800889125,634
11276801131829,11276801132644,815
11276801371961,11276801372634,673
11276801612553,11276801613367,814
11276801856001,11276801856684,683
11276802099344,11276802100177,833
11276802347504,11276802348201,697
11276802594890,11276802595767,877
11276802838677,11276802839362,685
11276803081456,11276803082302,846
11276803324961,11276803325645,684
11276803567760,11276803568598,838
11276803812654,11276803813361,707
11276804057682,11276804058519,837
11276804297588,11276804298252,664
11276804541143,11276804541939,796
11276804785554,11276804786241,687
11276805027619,11276805028461,842
11276805268924,11276805269617,693
11276805513271,11276805514093,822
11276805760632,11276805761321,689
11276806006562,11276806007364,802
11276806245286,11276806245923,637
11276806490644,11276806491482,838
11276806731388,11276806732067,679
11276806978070,11276806978893,823
11276807219229,11276807219896,667
11276807462147,11276807462993,846
11276807701847,11276807702503,656
11276807996883,11276807997706,823
11276808240142,11276808240815,673
11276808481327,11276808482148,821
11276808720810,11276808721483,673
11276808972097,11276808972976,879
11276809217210,11276809217925,715
11276809459252,11276809460092,840
11276809704365,11276809705029,664
11276809947225,11276809948058,833
11276810192071,11276810192771,700
11276810438664,11276810439516,852
11276810678994,11276810679692,698
11276810921277,11276810922051,774
11276811163715,11276811164392,677
11276811409679,11276811410494,815
11276811651521,11276811652185,664
11276811894533,11276811895401,868
11276812132896,11276812133587,691
11276812382026,11276812382872,846
11276812628715,11276812629408,693
11276812873927,11276812874792,865
11276813114341,11276813115072,731
11276813357936,11276813358752,816
11276813601095,11276813601777,682
11276813844153,11276813845019,866
11276814084313,11276814085004,691
11276814326311,11276814327109,798
11276814571029,11276814571723,694
11276814810290,11276814811123,833
11276815051644,11276815052333,689
11276815294064,11276815294842,778
11276815533377,11276815534051,674
11276815789670,11276815790533,863
11276816031242,11276816031945,703
11276816273094,11276816273899,805
11276816515762,11276816516458,696
11276816759620,11276816760416,796
11276817000370,11276817001019,649
11276817241813,11276817242601,788
11276817481828,11276817482521,693
11276817722321,11276817723151,830
11276817963925,11276817964602,677
11276818206028,11276818206824,796
11276818447657,11276818448335,678
11276818689560,11276818690361,801
11276818947458,11276818948160,702
11276819191452,11276819192291,839
11276819436016,11276819436707,691
11276819679805,11276819680645,840
11276819922623,11276819923292,669
11276820168018,11276820168867,849
11276820409073,11276820409769,696
11276820650896,11276820651719,823
11276820895390,11276820896093,703
11276821140262,11276821141134,872
11276821383355,11276821384067,712
11276821628153,11276821628993,840
11276821869407,11276821870085,678
11276822110572,11276822111423,851
11276822369571,11276822370256,685
11276822614664,11276822615482,818
11276822856980,11276822857654,674
11276823100737,11276823101592,855
11276823347650,11276823348300,650
11276823591625,11276823592444,819
11276823832844,11276823833501,657
11276824074655,11276824075481,826
11276824317903,11276824318601,698
11276824559801,11276824560637,836
11276824801532,11276824802194,662
11276825043906,11276825044736,830
11276825287284,11276825287988,704
11276825531087,11276825531962,875
11276825779126,11276825779828,702
11276826024922,11276826025703,781
11276826267700,11276826268343,643
11276826513258,11276826514094,836
11276826759550,11276826760252,702
11276827004760,11276827005563,803
11276827249350,11276827250010,660
11276827492430,11276827493244,814
11276827734550,11276827735206,656
11276827975825,11276827976647,822
11276828217467,11276828218179,712
11276828458000,11276828458825,825
11276828703863,11276828704530,667
11276828956159,11276828956940,781
11276829200866,11276829201536,670
11276829445826,11276829446675,849
11276829689772,11276829690474,702
11276829934131,11276829934947,816
11276830180676,11276830181361,685
11276830425467,11276830426270,803
11276830666110,11276830666788,678
11276830916068,11276830916896,828
11276831156873,11276831157598,725
11276831400302,11276831401141,839
11276831640213,11276831640861,648
11276831884012,11276831884863,851
11276832129237,11276832129894,657
11276832430551,11276832431448,897
11276832674429,11276832675142,713
11276832919003,11276832919844,841
11276833165449,11276833166103,654
11276833409836,11276833410684,848
11276833651414,11276833652115,701
11276833898623,11276833899490,867
11276834144860,11276834145612,752
11276834385057,11276834385968,911
11276834627013,11276834627704,691
11276834869578,11276834870416,838
11276835111126,11276835111804,678
11276835353546,11276835354383,837
11276835606165,11276835606899,734
11276835851889,11276835852737,848
11276836097234,11276836097927,693
11276836339407,11276836340234,827
11276836582445,11276836583157,712
11276836825873,11276836826731,858
11276837068512,11276837069209,697
11276837312004,11276837312802,798
11276837556471,11276837557157,686
11276837800422,11276837801260,838
11276838043707,11276838044364,657
11276838286924,11276838287769,845
11276838529147,11276838529875,728
11276838774345,11276838775258,913
11276839025341,11276839026034,693
11276839293831,11276839294678,847
11276839538554,11276839539265,711
11276839785877,11276839786717,840
11276840030603,11276840031318,715
11276840276250,11276840277110,860
11276840521036,11276840521743,707
11276840761356,11276840762163,807
11276841008376,11276841009067,691
11276841250766,11276841251558,792
11276841490067,11276841490758,691
11276841732491,11276841733327,836
11276841976195,11276841976893,698
11276842227600,11276842228479,879
11276842478733,11276842479411,678
11276842723301,11276842724175,874
11276842974668,11276842975327,659
11276843243673,11276843244555,882
11276843516824,11276843517505,681
11276843766428,11276843767310,882
11276844034625,11276844035445,820
11276844297842,11276844298784,942
11276844550780,11276844551467,687
11276844797583,11276844798445,862
11276845041518,11276845042175,657
11276845285849,11276845286683,834
11276845526656,11276845527349,693
11276845784288,11276845785110,822
11276846031646,11276846032333,687
11276846275680,11276846276504,824
11276846518867,11276846519547,680
11276846764441,11276846765265,824
11276847006941,11276847007600,659
11276847249385,11276847250213,828
11276847494117,11276847494803,686
11276847735829,11276847736665,836
11276847978382,11276847979098,716
11276848267261,11276848268084,823
11276848516383,11276848517042,659
11276848762284,11276848763200,916
11276849014168,11276849014890,722
11276849258215,11276849259079,864
11276849502900,11276849503590,690
11276849749568,11276849750375,807
11276849993408,11276849994114,706
11276850236060,11276850236904,844
11276850480587,11276850481291,704
11276850720378,11276850721231,853
11276850965663,11276850966370,707
11276851210135,11276851211005,870
11276851451548,11276851452255,707
11276851720497,11276851721381,884
11276851961641,11276851962368,727
11276852204639,11276852205491,852
11276852455562,11276852456261,699
11276852703064,11276852703937,873
11276852946038,11276852946718,680
11276853191047,11276853191929,882
11276853432856,11276853433559,703
11276853680863,11276853681729,866
11276853921331,11276853921999,668
11276854162209,11276854164039,1830
11276854402977,11276854403636,659
11276854648480,11276854649349,869
11276854890955,11276854891625,670
11276855132528,11276855133345,817
11276855369577,11276855370234,657
11276855625468,11276855626337,869
11276855876344,11276855877053,709
11276856115598,11276856116409,811
11276856358847,11276856359565,718
11276856622058,11276856622969,911
11276856872807,11276856873524,717
11276857117458,11276857118282,824
11276857359592,11276857360276,684
11276857602293,11276857603118,825
11276857844980,11276857845623,643
11276858109772,11276858110646,874
11276858357623,11276858358376,753
11276858606642,11276858607552,910
11276858852637,11276858853278,641
11276859105740,11276859106538,798
11276859346522,11276859347198,676
11276859590873,11276859591712,839
11276859832406,11276859833083,677
11276860076089,11276860076893,804
11276860318180,11276860318844,664
11276860559467,11276860560267,800
11276860798822,11276860799478,656
11276861042626,11276861043461,835
11276861282719,11276861283408,689
11276861523247,11276861524063,816
11276861764567,11276861765283,716
11276862004291,11276862005119,828
11276862256979,11276862257640,661
11276862499953,11276862500800,847
11276862740583,11276862741237,654
11276862982299,11276862983104,805
11276863221085,11276863221762,677
11276863464218,11276863465018,800
11276863704078,11276863704727,649
11276863943313,11276863944127,814
11276864191751,11276864192390,639
11276864435816,11276864436645,829
11276864697054,11276864697733,679
11276864962934,11276864963780,846
11276865206968,11276865207640,672
11276865432261,11276865433010,749
11276865660408,11276865661089,681
11276865884602,11276865885450,848
11276866099697,11276866100368,671
11276866317711,11276866318476,765
11276866534912,11276866535531,619
11276866750845,11276866751634,789
11276866963985,11276866964649,664
11276867183735,11276867184534,799
11276867396951,11276867397578,627
11276867616325,11276867617093,768
11276867833808,11276867834454,646
11276868052655,11276868053439,784
11276868267351,11276868267954,603
11276868486439,11276868487189,750
11276868702896,11276868703524,628
11276868929024,11276868929849,825
11276869151259,11276869151871,612
11276869369055,11276869369816,761
11276869587116,11276869587748,632
11276869815849,11276869816663,814
11276870031141,11276870031776,635
11276870248775,11276870249577,802
11276870464860,11276870465480,620
11276870680179,11276870680960,781
11276870896721,11276870897378,657
11276871114294,11276871115080,786
11276871330160,11276871330779,619
11276871550972,11276871551769,797
11276871766457,11276871767073,616
11276871983791,11276871984558,767
11276872197640,11276872198223,583
11276872434551,11276872435306,755
11276872652410,11276872653022,612
11276872870650,11276872871405,755
11276873082675,11276873083291,616
11276873302499,11276873303229,730
11276873518936,11276873519558,622
11276873733665,11276873734414,749
11276873949033,11276873949601,568
11276874166667,11276874167411,744
11276874382587,11276874383211,624
11276874597842,11276874598578,736
11276874813468,11276874814066,598
11276875031280,11276875032004,724
11276875247710,11276875248294,584
11276875463473,11276875464209,736
11276875686834,11276875687451,617
11276875913469,11276875914252,783
11276876134979,11276876135582,603
11276876354748,11276876355523,775
11276876572972,11276876573560,588
11276876792180,11276876792918,738
11276877057464,11276877058097,633
11276877283448,11276877284155,707
11276877501204,11276877501810,606
11276877722931,11276877723661,730
11276877946412,11276877947012,600
11276878167581,11276878168307,726
11276878387385,11276878388014,629
11276878617925,11276878618684,759
11276878833210,11276878833771,561
11276879060456,11276879061202,746
11276879282034,11276879282666,632
11276879504697,11276879505452,755
11276879719900,11276879720481,581
11276879939625,11276879940379,754
11276880156307,11276880156906,599
11276880375141,11276880375847,706
11276880590077,11276880590647,570
11276880806465,11276880807194,729
11276881022562,11276881023149,587
11276881240808,11276881241533,725
11276881455114,11276881455695,581
11276881669818,11276881670540,722
11276881885123,11276881885735,612
11276882104060,11276882104800,740
11276882331918,11276882332525,607
11276882553057,11276882553825,768
11276882769683,11276882770333,650
11276882987925,11276882988664,739
11276883205066,11276883205681,615
11276883421131,11276883421898,767
11276883636538,11276883637148,610
11276883853684,11276883854439,755
11276884070806,11276884071402,596
11276884288353,11276884289104,751
11276884503636,11276884504230,594
11276884720917,11276884721664,747
11276884936139,11276884936777,638
11276885155600,11276885156351,751
11276885368860,11276885369489,629
11276885597902,11276885598665,763
11276885816072,11276885816716,644
11276886037361,11276886038110,749
11276886255227,11276886255834,607
11276886471290,11276886472017,727
11276886684020,11276886684603,583
11276886902478,11276886903234,756
11276887120201,11276887120827,626
11276887334646,11276887335415,769
11276887550936,11276887551518,582
11276887767569,11276887768361,792
11276887984279,11276887984885,606
11276888200122,11276888200859,737
11276888414890,11276888415453,563
11276888633559,11276888634278,719
11276888851792,11276888852378,586
11276889084175,11276889084904,729
11276889301808,11276889302453,645
11276889521601,11276889522375,774
11276889735951,11276889736572,621
11276889955094,11276889955832,738
11276890170726,11276890171372,646
11276890387571,11276890388381,810
11276890602105,11276890602728,623
11276890821913,11276890822698,785
11276891035747,11276891036377,630
11276891252374,11276891253134,760
11276891467388,11276891468022,634
11276891684779,11276891685573,794
11276891902293,11276891902888,595
11276892118722,11276892119469,747
11276892346704,11276892347370,666
11276892569490,11276892570258,768
11276892786864,11276892787460,596
11276893002253,11276893002997,744
11276893220848,11276893221437,589
11276893437144,11276893437948,804
11276893651075,11276893651711,636
11276893869425,11276893870195,770
11276894093465,11276894094149,684
11276894310737,11276894311551,814
11276894526295,11276894526899,604
11276894745129,11276894745920,791
11276894962738,11276894963328,590
11276895181579,11276895182371,792
11276895395162,11276895395790,628
11276895616737,11276895617547,810
11276895833878,11276895834508,630
11276896050097,11276896050885,788
11276896264021,11276896264658,637
11276896481633,11276896482465,832
11276896698180,11276896698836,656
11276896915196,11276896915996,800
11276897128773,11276897129444,671
11276897353352,11276897354173,821
11276897580993,11276897581681,688
11276897803374,11276897804157,783
11276898024263,11276898024885,622
11276898243936,11276898244734,798
11276898461654,11276898462296,642
11276898681444,11276898682256,812
11276898912056,11276898912734,678
11276899133681,11276899134475,794
11276899352720,11276899353369,649
11276899575545,11276899576334,789
11276899795520,11276899796158,638
11276900014163,11276900014941,778
11276900233566,11276900234247,681
11276900456424,11276900457200,776
11276900675449,11276900676080,631
11276900896453,11276900897222,769
11276901115626,11276901116278,652
11276901333089,11276901333875,786
11276901546972,11276901547592,620
11276901765199,11276901765953,754
11276901980530,11276901981178,648
11276902199217,11276902199977,760
11276902428291,11276902428909,618
11276902651339,11276902652128,789
11276902868166,11276902868787,621
11276903087452,11276903088226,774
11276903300247,11276903300884,637
11276903524530,11276903525316,786
11276903741830,11276903742407,577
11276903961498,11276903962257,759
11276904176869,11276904177477,608
11276904393934,11276904394715,781
11276904611073,11276904611671,598
11276904828166,11276904828926,760
11276905044347,11276905044975,628
11276905261286,11276905262080,794
11276905481065,11276905481692,627
11276905703480,11276905704258,778
11276905922387,11276905923014,627
11276906141714,11276906142472,758
11276906357466,11276906358103,637
11276906576778,11276906577525,747
11276906794757,11276906795348,591
11276907012043,11276907012837,794
11276907235322,11276907236228,906
11276907506873,11276907507615,742
11276907722819,11276907723500,681
11276907942638,11276907943382,744
11276908158545,11276908159144,599
11276908376749,11276908377480,731
11276908594981,11276908595602,621
11276908811912,11276908812720,808
11276909035476,11276909036122,646
11276909255319,11276909256080,761
11276909471076,11276909471701,625
11276909687929,11276909688705,776
11276909904713,11276909905308,595
11276910122612,11276910123376,764
11276910336529,11276910337121,592
11276910554974,11276910555724,750
11276910770925,11276910771498,573
11276910987277,11276910988028,751
11276911203305,11276911203968,663
11276911421325,11276911422111,786
11276911637195,11276911637751,556
11276911853855,11276911854606,751
11276912066878,11276912067452,574
11276912296794,11276912297607,813
11276912519839,11276912520478,639
11276912738120,11276912738912,792
11276912956381,11276912957006,625
11276913175613,11276913176378,765
11276913391570,11276913392159,589
11276913608696,11276913609395,699
11276913823341,11276913823947,606
11276914042626,11276914043414,788
11276914259550,11276914260113,563
11276914474897,11276914475623,726
11276914687628,11276914688267,639
11276914906866,11276914907607,741
11276915120668,11276915121300,632
11276915345913,11276915346696,783
11276915564124,11276915564731,607
11276915785371,11276915786136,765
11276915997556,11276915998170,614
11276916218567,11276916219345,778
11276916434614,11276916435218,604
11276916652540,11276916653295,755
11276916866565,11276916867156,591
11276917084007,11276917084750,743
11276917308422,11276917309017,595
11276917528694,11276917529442,748
11276917742189,11276917742773,584
11276917958835,11276917959614,779
11276918210619,11276918211280,661
11276918430988,11276918431783,795
11276918645906,11276918646521,615
11276918862256,11276918862985,729
11276919085724,11276919086393,669
11276919305216,11276919306010,794
11276919520656,11276919521253,597
11276919740514,11276919741339,825
11276919956006,11276919956620,614
11276920174337,11276920176109,1772
11276920389241,11276920389891,650
11276920606011,11276920606773,762
11276920823704,11276920824353,649
11276921041597,11276921042408,811
11276921257315,11276921257926,611
11276921475050,11276921475863,813
11276921689503,11276921690124,621
11276921905890,11276921906686,796
11276922120744,11276922121391,647
11276922353004,11276922353779,775
11276922573999,11276922574664,665
11276922791205,11276922792006,801
11276923008849,11276923009498,649
11276923223185,11276923223990,805
11276923436620,11276923437204,584
11276923655764,11276923656573,809
11276923868329,11276923868974,645
11276924081478,11276924082239,761
11276924296064,11276924296655,591
11276924513291,11276924514057,766
11276924725564,11276924726141,577
11276924940342,11276924941088,746
11276925152799,11276925153408,609
11276925369036,11276925369778,742
11276925588752,11276925589385,633
11276925807083,11276925807869,786
11276926020647,11276926021246,599
11276926238771,11276926239547,776
11276926451662,11276926452314,652
11276926667017,11276926667817,800
11276926879312,11276926879923,611
11276927094499,11276927095268,769
11276927315726,11276927316356,630
11276927537182,11276927537986,804
11276927750523,11276927751165,642
11276927968731,11276927969502,771
11276928184861,11276928185468,607
11276928401419,11276928402168,749
11276928615451,11276928616090,639
11276928829323,11276928830113,790
11276929048616,11276929049261,645
11276929266878,11276929267693,815
11276929480814,11276929481403,589
11276929697670,11276929698468,798
11276929911867,11276929912465,598
11276930127211,11276930128016,805
11276930342947,11276930343559,612
11276930559328,11276930560087,759
11276930774472,11276930775089,617
11276930989805,11276930990556,751
11276931209215,11276931209820,605
11276931426250,11276931427011,761
11276931638868,11276931639491,623
11276931855442,11276931856236,794
11276932068560,11276932069195,635
11276932297850,11276932298671,821
11276932517739,11276932518351,612
11276932732931,11276932733689,758
11276932944867,11276932945466,599
11276933165221,11276933166015,794
11276933376851,11276933377514,663
11276933591856,11276933592650,794
11276933807338,11276933807979,641
11276934023707,11276934024521,814
11276934239964,11276934240542,578
11276934453443,11276934454210,767
11276934665070,11276934665635,565
11276934880606,11276934881335,729
11276935096410,11276935096991,581
11276935309978,11276935310732,754
11276935524998,11276935525613,615
11276935745222,11276935745996,774
11276935961013,11276935961667,654
11276936179242,11276936180021,779
11276936394320,11276936394949,629
11276936609670,11276936610452,782
11276936824378,11276936825023,645
11276937040768,11276937041538,770
11276937256276,11276937256894,618
11276937482834,11276937483618,784
11276937696922,11276937697517,595
11276937912993,11276937913772,779
11276938129074,11276938129659,585
11276938347169,11276938347954,785
11276938559879,11276938560477,598
11276938775003,11276938775781,778
11276938992742,11276938993398,656
11276939213872,11276939214667,795
11276939427502,11276939428118,616
11276939677466,11276939678262,796
11276939890926,11276939891574,648
11276940110897,11276940111661,764
11276940324922,11276940325542,620
11276940540483,11276940541288,805
11276940754501,11276940755149,648
11276940973647,11276940974438,791
11276941189719,11276941190358,639
11276941402705,11276941403486,781
11276941617029,11276941617639,610
11276941835337,11276941836096,759
11276942047871,11276942048458,587
11276942272745,11276942273534,789
11276942499390,11276942500108,718
11276942717950,11276942718760,810
11276942935908,11276942936581,673
11276943153240,11276943154039,799
11276943365963,11276943366566,603
11276943582770,11276943583544,774
11276943797063,11276943797676,613
11276944017411,11276944018177,766
11276944232992,11276944233681,689
11276944451054,11276944451791,737
11276944664886,11276944665511,625
11276944884379,11276944885154,775
11276945098808,11276945099412,604
11276945313599,11276945314371,772
11276945527553,11276945528206,653
11276945753760,11276945754536,776
11276945971482,11276945972130,648
11276946188170,11276946188946,776
11276946402789,11276946403451,662
11276946618625,11276946619422,797
11276946834153,11276946834729,576
11276947048829,11276947049611,782
11276947281888,11276947282566,678
11276947507299,11276947508135,836
11276947727298,11276947727921,623
11276947944327,11276947945087,760
11276948158775,11276948159427,652
11276948380521,11276948381252,731
11276948595338,11276948595933,595
11276948814483,11276948815224,741
11276949035343,11276949036001,658
11276949252448,11276949253208,760
11276949468920,11276949469541,621
11276949687708,11276949688506,798
11276949901598,11276949902219,621
11276950117861,11276950118619,758
11276950333895,11276950334490,595
11276950552817,11276950553576,759
11276950768522,11276950769120,598
11276950984721,11276950985485,764
11276951197652,11276951198263,611
11276951415609,11276951416408,799
11276951630820,11276951631472,652
11276951847398,11276951848203,805
11276952066670,11276952067342,672
11276952310474,11276952311304,830
11276952528306,11276952528942,636
11276952748332,11276952749120,788
11276952964038,11276952964642,604
11276953179728,11276953180493,765
11276953400753,11276953401388,635
11276953619995,11276953620756,761
11276953835162,11276953835744,582
11276954051838,11276954052557,719
11276954266543,11276954267127,584
11276954484768,11276954485517,749
11276954703915,11276954704552,637
11276954919613,11276954920379,766
11276955136168,11276955136767,599
11276955353922,11276955354683,761
11276955573849,11276955574438,589
11276955791659,11276955792419,760
11276956005376,11276956005993,617
11276956222544,11276956223300,756
11276956439776,11276956440392,616
11276956657135,11276956657904,769
11276956869660,11276956870254,594
11276957088061,11276957088826,765
11276957306041,11276957306741,700
11276957576505,11276957577306,801
11276957793572,11276957794183,611
11276958010609,11276958011346,737
11276958228186,11276958228773,587
11276958449066,11276958449779,713
11276958662028,11276958662594,566
11276958880366,11276958881132,766
11276959098896,11276959099504,608
11276959318224,11276959318976,752
11276959535969,11276959536587,618
11276959751733,11276959752494,761
11276959966726,11276959967328,602
11276960181864,11276960182603,739
11276960402283,11276960402947,664
11276960618698,11276960619443,745
11276960835380,11276960836000,620
11276961052532,11276961053281,749
11276961284204,11276961284797,593
11276961503016,11276961503741,725
11276961717464,11276961718069,605
11276961933320,11276961934079,759
11276962146428,11276962147039,611
11276962395717,11276962396571,854
11276962616001,11276962616635,634
11276962835458,11276962836206,748
11276963051275,11276963051902,627
11276963269238,11276963270046,808
11276963485192,11276963485762,570
11276963701756,11276963702522,766
11276963914602,11276963915237,635
11276964130961,11276964131731,770
11276964348407,11276964349017,610
11276964564384,11276964565146,762
11276964778964,11276964779619,655
11276964995141,11276964995958,817
11276965211239,11276965211873,634
11276965430372,11276965431158,786
11276965650017,11276965650672,655
11276965872504,11276965873294,790
11276966088221,11276966088885,664
11276966308617,11276966309350,733
11276966530135,11276966530775,640
11276966746909,11276966747703,794
11276966964249,11276966964882,633
11276967181421,11276967182193,772
11276967406762,11276967407445,683
11276967630068,11276967630862,794
11276967847073,11276967847721,648
11276968067909,11276968068681,772
11276968297708,11276968298335,627
11276968516201,11276968516991,790
11276968736692,11276968737347,655
11276968962931,11276968963760,829
11276969183087,11276969183743,656
11276969409642,11276969410422,780
11276969627128,11276969627718,590
11276969850517,11276969851285,768
11276970066453,11276970067040,587
11276970289767,11276970290522,755
11276970509597,11276970510208,611
11276970729937,11276970730715,778
11276970945096,11276970945684,588
11276971163796,11276971164566,770
11276971383851,11276971384464,613
11276971600690,11276971601462,772
11276971819717,11276971820310,593
11276972041840,11276972042626,786
11276972268572,11276972269238,666
11276972493312,11276972494103,791
11276972712782,11276972713382,600
11276972931300,11276972932091,791
11276973154637,11276973155250,613
11276973375555,11276973376324,769
11276973591118,11276973591725,607
11276973810920,11276973811715,795
11276974024669,11276974025302,633
11276974247573,11276974248346,773
11276974462441,11276974463060,619
11276974680786,11276974681552,766
11276974892360,11276974892959,599
11276975111062,11276975111805,743
11276975325802,11276975326380,578
11276975548087,11276975548851,764
11276975764282,11276975764856,574
11276975981745,11276975982473,728
11276976198611,11276976199185,574
11276976419837,11276976420574,737
11276976633992,11276976634601,609
11276976853481,11276976854223,742
11276977070228,11276977070818,590
11276977303647,11276977304402,755
11276977528965,11276977529559,594
11276977747817,11276977748607,790
11276977961329,11276977961960,631
11276978180907,11276978181691,784
11276978395344,11276978395950,606
11276978610581,11276978611348,767
11276978826582,11276978827189,607
11276979050971,11276979051702,731
11276979267830,11276979268460,630
11276979485865,11276979486633,768
11276979697917,11276979698546,629
11276979918239,11276979919036,797
11276980134246,11276980134843,597
11276980350947,11276980351736,789
11276980565146,11276980565840,694
11276980784879,11276980785656,777
11276981001416,11276981002007,591
11276981217304,11276981218044,740
11276981432860,11276981433459,599
11276981651562,11276981652346,784
11276981868329,11276981868977,648
11276982087681,11276982088487,806
11276982307133,11276982307796,663
11276982534373,11276982535197,824
11276982752377,11276982753021,644
11276982971275,11276982972063,788
11276983188301,11276983188896,595
11276983405880,11276983406630,750
11276983620334,11276983620956,622
11276983841051,11276983841825,774
11276984056089,11276984056711,622
11276984272662,11276984273406,744
11276984486312,11276984486917,605
11276984727358,11276984728160,802
11276984947007,11276984947647,640
11276985163390,11276985164171,781
11276985381464,11276985382042,578
11276985605636,11276985606458,822
11276985820239,11276985820870,631
11276986037846,11276986038602,756
11276986252750,11276986253318,568
11276986471837,11276986472614,777
11276986687105,11276986687728,623
11276986906115,11276986906885,770
11276987118754,11276987119380,626
11276987338923,11276987339984,1061
11276987562657,11276987563285,628
11276987783872,11276987784646,774
11276987998345,11276987998950,605
11276988217346,11276988218134,788
11276988429658,11276988430282,624
11276988650887,11276988651620,733
11276988864750,11276988865403,653
11276989084228,11276989085030,802
11276989301894,11276989302505,611
11276989518386,11276989519139,753
11276989732882,11276989733486,604
11276989946934,11276989947680,746
11276990165856,11276990166459,603
11276990382226,11276990382942,716
11276990601308,11276990601935,627
11276990818795,11276990819533,738
11276991034277,11276991034859,582
11276991252940,11276991253646,706
11276991466594,11276991467190,596
11276991682528,11276991683268,740
11276991894772,11276991895357,585
11276992112821,11276992113629,808
11276992328749,11276992329370,621
11276992556074,11276992556915,841
11276992772555,11276992773094,539
11276992993477,11276992994188,711
11276993206616,11276993207234,618
11276993423791,11276993424562,771
11276993636774,11276993637378,604
11276993854820,11276993855581,761
11276994071887,11276994072490,603
11276994289762,11276994290523,761
11276994505882,11276994506499,617
11276994721218,11276994722031,813
11276994936806,11276994937436,630
11276995152668,11276995153450,782
11276995368166,11276995368760,594
11276995588352,11276995589156,804
11276995807312,11276995807919,607
11276996023503,11276996024261,758
11276996236519,11276996237091,572
11276996454578,11276996455324,746
11276996669599,11276996670199,600
11276996888172,11276996888939,767
11276997104109,11276997104724,615
11276997320193,11276997320943,750
11276997542186,11276997542858,672
11276997760401,11276997761194,793
11276997976851,11276997977460,609
11276998196052,11276998196842,790
11276998410284,11276998410881,597
11276998627250,11276998628010,760
11276998844960,11276998845551,591
11276999070082,11276999070843,761
11276999285334,11276999285932,598
11276999503052,11276999503798,746
11276999717588,11276999718161,573
11276999939286,11276999940026,740
11277000156679,11277000157308,629
11277000376592,11277000377363,771
11277000591332,11277000591898,566
11277000811590,11277000812309,719
11277001023701,11277001024297,596
11277001239418,11277001240178,760
11277001455938,11277001456524,586
11277001675007,11277001675745,738
11277001890031,11277001890641,610
11277002105950,11277002106705,755
11277002325764,11277002326411,647
11277002605444,11277002606264,820
11277002826733,11277002827352,619
11277003043682,11277003044488,806
11277003257861,11277003258562,701
11277003474565,11277003475362,797
11277003691848,11277003692476,628
11277003909451,11277003910173,722
11277004125231,11277004125823,592
11277004341286,11277004342043,757
11277004555089,11277004555700,611
11277004775584,11277004776350,766
11277004989201,11277004989785,584
11277005208086,11277005208830,744
11277005420954,11277005421575,621
11277005645406,11277005646157,751
11277005866399,11277005867016,617
11277006084634,11277006085381,747
11277006299074,11277006299688,614
11277006517387,11277006518149,762
11277006733263,11277006733890,627
11277006951049,11277006951768,719
11277007168223,11277007168839,616
11277007393784,11277007394611,827
11277007657215,11277007657899,684
11277007920079,11277007920925,846
11277008166070,11277008166726,656
11277008415353,11277008416183,830
11277008657612,11277008658255,643
11277008911842,11277008912721,879
11277009155460,11277009156126,666
11277009433391,11277009434204,813
11277009678396,11277009679040,644
11277009930094,11277009930942,848
11277010172559,11277010173216,657
11277010418218,11277010419050,832
11277010659170,11277010659846,676
11277010905758,11277010906541,783
11277011144221,11277011144878,657
11277011412302,11277011413107,805
11277011655532,11277011656170,638
11277011895452,11277011896250,798
11277012136515,11277012137150,635
11277012387732,11277012388561,829
11277012630015,11277012630682,667
11277012872483,11277012873304,821
11277013113103,11277013113823,720
11277013358729,11277013359556,827
11277013601323,11277013601989,666
11277013843897,11277013844703,806
11277014084166,11277014084829,663
11277014328513,11277014329322,809
11277014571956,11277014572597,641
11277014813805,11277014814631,826
11277015054266,11277015054932,666
11277015298303,11277015299135,832
11277015543189,11277015544247,1058
11277015798471,11277015799301,830
11277016042142,11277016042819,677
11277016284606,11277016285412,806
11277016537287,11277016537991,704
11277016781850,11277016782691,841
11277017022683,11277017023365,682
11277017265114,11277017265944,830
11277017508535,11277017509220,685
11277017750481,11277017751284,803
11277017993679,11277017994328,649
11277018233843,11277018234632,789
11277018475392,11277018476093,701
11277018718699,11277018719510,811
11277018967286,11277018967984,698
11277019210496,11277019211338,842
11277019452042,11277019452707,665
11277019696221,11277019697049,828
11277019936170,11277019936820,650
11277020179787,11277020180581,794
11277020428654,11277020429317,663
11277020670469,11277020671271,802
11277020912902,11277020913567,665
11277021154356,11277021155130,774
11277021403438,11277021404120,682
11277021643203,11277021643984,781
11277021882759,11277021883436,677
11277022124797,11277022125611,814
11277022375489,11277022376180,691
11277022617475,11277022618283,808
11277022861722,11277022862391,669
11277023104191,11277023105014,823
11277023347513,11277023348163,650
11277023590486,11277023591282,796
11277023829511,11277023830172,661
11277024073398,11277024074228,830
11277024315033,11277024315707,674
11277024558531,11277024559358,827
11277024799221,11277024799888,667
11277025044901,11277025045694,793
11277025284074,11277025284747,673
11277025526387,11277025527215,828
11277025775836,11277025776503,667
11277026019433,11277026020274,841
11277026268728,11277026269438,710
11277026511836,11277026512681,845
11277026755554,11277026756253,699
11277026997982,11277026998789,807
11277027248817,11277027249484,667
11277027489370,11277027490235,865
11277027729434,11277027730112,678
11277027970179,11277027971014,835
11277028211197,11277028211877,680
11277028456013,11277028456851,838
11277028696090,11277028696765,675
11277028946159,11277028947049,890
11277029195881,11277029196585,704
11277029437017,11277029437867,850
11277029681337,11277029682033,696
11277029924572,11277029925417,845
11277030165498,11277030166153,655
11277030408946,11277030409787,841
11277030652129,11277030652754,625
11277030895779,11277030896592,813
11277031136960,11277031137586,626
11277031380670,11277031381465,795
11277031622786,11277031623383,597
11277031865487,11277031866310,823
11277032107627,11277032108284,657
11277032373553,11277032374423,870
11277032617689,11277032618403,714
11277032865962,11277032866800,838
11277033110007,11277033110687,680
11277033353661,11277033354517,856
11277033596858,11277033597544,686
11277033842636,11277033843449,813
11277034086323,11277034086990,667
11277034334692,11277034335519,827
11277034577455,11277034578124,669
11277034822689,11277034823555,866
11277035069241,11277035069904,663
11277035311097,11277035311925,828
11277035565185,11277035565821,636
11277035811895,11277035812699,804
11277036055692,11277036056369,677
11277036298042,11277036298883,841
11277036540690,11277036541381,691
11277036781658,11277036782473,815
11277037024728,11277037025426,698
11277037270773,11277037271577,804
11277037510750,11277037511445,695
11277037754151,11277037754960,809
11277037995537,11277037996195,658
11277038239319,11277038240130,811
11277038481497,11277038482154,657
11277038723360,11277038724159,799
11277038972025,11277038972646,621
11277039220102,11277039220908,806
11277039458500,11277039459117,617
11277039701184,11277039702000,816
11277039942620,11277039943281,661
11277040184302,11277040185120,818
11277040425014,11277040425650,636
11277040669113,11277040669967,854
11277040909272,11277040909954,682
11277041153276,11277041154100,824
11277041396942,11277041397652,710
11277041640831,11277041641674,843
11277041881177,11277041881885,708
11277042123380,11277042124180,800
11277042372028,11277042372689,661
11277042617871,11277042618687,816
11277042866378,11277042867067,689
11277043107243,11277043108069,826
11277043352628,11277043353302,674
11277043600638,11277043601446,808
11277043841103,11277043841768,665
11277044084416,11277044085223,807
11277044328720,11277044329371,651
11277044571772,11277044572571,799
11277044816945,11277044817616,671
11277045060909,11277045061746,837
11277045306718,11277045307376,658
11277045559488,11277045560304,816
11277045803066,11277045803745,679
11277046045483,11277046046289,806
11277046286241,11277046286890,649
11277046529336,11277046530138,802
11277046771011,11277046771651,640
11277047016089,11277047016925,836
11277047255590,11277047256235,645
11277047497325,11277047498151,826
11277047738879,11277047739541,662
11277047984225,11277047985038,813
11277048232077,11277048232717,640
11277048474991,11277048475836,845
11277048714646,11277048715285,639
11277048966920,11277048967731,811
11277049216241,11277049216945,704
11277049458782,11277049459615,833
11277049701425,11277049702073,648
11277049943575,11277049944430,855
11277050183586,11277050184229,643
11277050426182,11277050427014,832
11277050667425,11277050668065,640
11277050909287,11277050910091,804
11277051149653,11277051150307,654
11277051399822,11277051400699,877
11277051642596,11277051643236,640
11277051885228,11277051886044,816
11277052125781,11277052126428,647
11277052384473,11277052385296,823
11277052629680,11277052630338,658
11277052872324,11277052873139,815
11277053111861,11277053112533,672
11277053359211,11277053360036,825
11277053599205,11277053599852,647
11277053841843,11277053842624,781
11277054084421,11277054085042,621
11277054326238,11277054327089,851
11277054568801,11277054569438,637
11277054811208,11277054812061,853
11277055050647,11277055051318,671
11277055294095,11277055294902,807
11277055537243,11277055537920,677
11277055789932,11277055790758,826
11277056031706,11277056032385,679
11277056276926,11277056277703,777
11277056519527,11277056520203,676
11277056763735,11277056764523,788
11277057005794,11277057006452,658
11277057253410,11277057254197,787
11277057492774,11277057493439,665
11277057739498,11277057740344,846
11277057980866,11277057981506,640
11277058255250,11277058256040,790
11277058496102,11277058496760,658
11277058740261,11277058741091,830
11277058987758,11277058988401,643
11277059230568,11277059231422,854
11277059476193,11277059476872,679
11277059721075,11277059721911,836
11277059961918,11277059962595,677
11277060211155,11277060211966,811
11277060452225,11277060452897,672
11277060693931,11277060695695,1764
11277060932594,11277060933248,654
11277061173442,11277061174255,813
11277061414411,11277061416067,1656
11277061657671,11277061658544,873
11277061896937,11277061897619,682
11277062139628,11277062140458,830
11277062387830,11277062388505,675
11277062630556,11277062631414,858
11277062870863,11277062871531,668
11277063114893,11277063115711,818
11277063355756,11277063356365,609
11277063594760,11277063595568,808
11277063840660,11277063841392,732
11277064083621,11277064084429,808
11277064322089,11277064322722,633
11277064563679,11277064564512,833
11277064805002,11277064805667,665
11277065046993,11277065047860,867
11277065285306,11277065285961,655
11277065525387,11277065526244,857
11277065773706,11277065774393,687
11277066020870,11277066021704,834
11277066262797,11277066263444,647
11277066507887,11277066508734,847
11277066751266,11277066751912,646
11277066997620,11277066998467,847
11277067238897,11277067239545,648
11277067481874,11277067482690,816
11277067723841,11277067724506,665
11277067966715,11277067967553,838
11277068208425,11277068209086,661
11277068449557,11277068450356,799
11277068688542,11277068689205,663
11277068939138,11277068940000,862
11277069185486,11277069186192,706
11277069429837,11277069430667,830
11277069677279,11277069677952,673
11277069921239,11277069922079,840
11277070164666,11277070165343,677
11277070405396,11277070406221,825
11277070645035,11277070645707,672
11277070889048,11277070889856,808
11277071130011,11277071130675,664
11277071374616,11277071375448,832
11277071614197,11277071614856,659
11277071858021,11277071858821,800
11277072098038,11277072098700,662
11277072412771,11277072413610,839
11277072654817,11277072655486,669
11277072897745,11277072898530,785
11277073140152,11277073140820,668
11277073386976,11277073387813,837
11277073627023,11277073627694,671
11277073871037,11277073871864,827
11277074110788,11277074111435,647
11277074350684,11277074351496,812
11277074593599,11277074594265,666
11277074835245,11277074836083,838
11277075074693,11277075075367,674
11277075316231,11277075317020,789
11277075562946,11277075563605,659
11277075810506,11277075811318,812
11277076053646,11277076054302,656
11277076295948,11277076296792,844
11277076541693,11277076542347,654
11277076786691,11277076787511,820
11277077030019,11277077030640,621
11277077273546,11277077274362,816
11277077516361,11277077516995,634
11277077759811,11277077760631,820
11277078001273,11277078001928,655
11277078243980,11277078244822,842
11277078483118,11277078483786,668
11277078724124,11277078724973,849
11277078974194,11277078974909,715
11277079218895,11277079219747,852
11277079462707,11277079463397,690
11277079706362,11277079707180,818
11277079946788,11277079947446,658
11277080206423,11277080207273,850
11277080448046,11277080448697,651
11277080690400,11277080691206,806
11277080932308,11277080932934,626
11277081176564,11277081177400,836
11277081424613,11277081425225,612
11277081667303,11277081668101,798
11277081907631,11277081908303,672
11277082147791,11277082148618,827
11277082399161,11277082399875,714
11277082643039,11277082643880,841
11277082884465,11277082885177,712
11277083128984,11277083129804,820
11277083372545,11277083373253,708
11277083613767,11277083614618,851
11277083854999,11277083855658,659
11277084095533,11277084096344,811
11277084342942,11277084343611,669
11277084587840,11277084588680,840
11277084826099,11277084826792,693
11277085069725,11277085070553,828
11277085315209,11277085315909,700
11277085567470,11277085568328,858
11277085810071,11277085810787,716
11277086056036,11277086056882,846
11277086299494,11277086300173,679
11277086545321,11277086546178,857
11277086787686,11277086788353,667
11277087030393,11277087031209,816
11277087286219,11277087286896,677
11277087528691,11277087529530,839
11277087772312,11277087773000,688
11277088017100,11277088017929,829
11277088257859,11277088258539,680
11277088509873,11277088510720,847
11277088753220,11277088753877,657
11277089003701,11277089004533,832
11277089248105,11277089248792,687
11277089494110,11277089494934,824
11277089736380,11277089737040,660
11277089981518,11277089982358,840
11277090226469,11277090227128,659
11277090468913,11277090469757,844
11277090710223,11277090710861,638
11277090955214,11277090956043,829
11277091195655,11277091196305,650
11277091438483,11277091439309,826
11277091679571,11277091680230,659
11277091920805,11277091921658,853
11277092164021,11277092164701,680
11277092441129,11277092441965,836
11277092688409,11277092689109,700
11277092931963,11277092932787,824
11277093176442,11277093177117,675
11277093424160,11277093425005,845
11277093666325,11277093666982,657
11277093908419,11277093909231,812
11277094149925,11277094150612,687
11277094396337,11277094397188,851
11277094636738,11277094637412,674
11277094877326,11277094878115,789
11277095120259,11277095120960,701
11277095362701,11277095363521,820
11277095609621,11277095610290,669
11277095855101,11277095855925,824
11277096100460,11277096101079,619
11277096341880,11277096342715,835
11277096586822,11277096587480,658
11277096833716,11277096834541,825
11277097076139,11277097076835,696
11277097319036,11277097319853,817
11277097563125,11277097563828,703
11277097809228,11277097810047,819
11277098052904,11277098053575,671
11277098295988,11277098296763,775
11277098536688,11277098537330,642
11277098778649,11277098779484,835
11277099026873,11277099027564,691
11277099272832,11277099273672,840
11277099514685,11277099515405,720
11277099760932,11277099761779,847
11277100001205,11277100001890,685
11277100243728,11277100244567,839
11277100486883,11277100487551,668
11277100732618,11277100733473,855
11277100974246,11277100974921,675
11277101215135,11277101215957,822
11277101459506,11277101460205,699
11277101701613,11277101702444,831
11277101946503,11277101947193,690
11277102189172,11277102189986,814
11277102439385,11277102440066,681
11277102682318,11277102683162,844
11277102931493,11277102932184,691
11277103176857,11277103177681,824
11277103418784,11277103419450,666
11277103662288,11277103663137,849
11277103905482,11277103906168,686
11277104150286,11277104151087,801
11277104393482,11277104394138,656
11277104635039,11277104635838,799
11277104876676,11277104877342,666
11277105121980,11277105122819,839
11277105361104,11277105361805,701
11277105611333,11277105612177,844
11277105867013,11277105867704,691
11277106114668,11277106115524,856
11277106358364,11277106359057,693
11277106604161,11277106604962,801
11277106848192,11277106848858,666
11277107091732,11277107092609,877
11277107332969,11277107333620,651
11277107579235,11277107580033,798
11277107820319,11277107820998,679
11277108062217,11277108063034,817
11277108305276,11277108305958,682
11277108549613,11277108550441,828
11277108789311,11277108790002,691
11277109039009,11277109039859,850
11277109285227,11277109285911,684
11277109530925,11277109531755,830
11277109773994,11277109774660,666
11277110017247,11277110018078,831
11277110257931,11277110258592,661
11277110501283,11277110502112,829
11277110744983,11277110745643,660
11277110987562,11277110988352,790
11277111230208,11277111230884,676
11277111475242,11277111476052,810
11277111718642,11277111719303,661
11277111959889,11277111960703,814
11277112199606,11277112200272,666
11277112452303,11277112453100,797
11277112696157,11277112696841,684
11277112945013,11277112945855,842
11277113187247,11277113187933,686
11277113431424,11277113432246,822
11277113671768,11277113672407,639
11277113916954,11277113917800,846
11277114156870,11277114157509,639
11277114400666,11277114401492,826
11277114642205,11277114642936,731
11277114886618,11277114887460,842
11277115128674,11277115129335,661
11277115371489,11277115372310,821
11277115617778,11277115618438,660
11277115862336,11277115863144,808
11277116106773,11277116107428,655
11277116351256,11277116352096,840
11277116595537,11277116596199,662
11277116837680,11277116838518,838
11277117081591,11277117082250,659
11277117324128,11277117324941,813
11277117565456,11277117566088,632
11277117807039,11277117807891,852
11277118069228,11277118069868,640
11277118350915,11277118351763,848
11277118607482,11277118608112,630
11277118853864,11277118854682,818
11277119104949,11277119105613,664
11277119358619,11277119359458,839
11277119608278,11277119608953,675
11277119904441,11277119905338,897
11277120183486,11277120184160,674
11277120458264,11277120459136,872
11277120697469,11277120698133,664
11277120938563,11277120939338,775
11277121175368,11277121175998,630
11277121418731,11277121419590,859
11277121664351,11277121665019,668
11277121903680,11277121904461,781
11277122135113,11277122135809,696
11277122374877,11277122375638,761
11277122597496,11277122598117,621
11277122826468,11277122827291,823
11277123047601,11277123048212,611
11277123267995,11277123268711,716
11277123505782,11277123506467,685
11277123730360,11277123731171,811
11277123956037,11277123956674,637
11277124176400,11277124177137,737
11277124394338,11277124394994,656
11277124614568,11277124615323,755
11277124838060,11277124838731,671
11277125061623,11277125062389,766
11277125276262,11277125276864,602
11277125495267,11277125496018,751
11277125718724,11277125719365,641
11277125939977,11277125940723,746
11277126161933,11277126162530,597
11277126387714,11277126388439,725
11277126607544,11277126608137,593
11277126832901,11277126833631,730
11277127048903,11277127049496,593
11277127267551,11277127268241,690
11277127495292,11277127495948,656
11277127721130,11277127721892,762
11277127935650,11277127936282,632
11277128152700,11277128153500,800
11277128371807,11277128372415,608
11277128619593,11277128620400,807
11277128836654,11277128837295,641
11277129064407,11277129065207,800
11277129297341,11277129297959,618
11277129515334,11277129516084,750
11277129730012,11277129730642,630
11277129947721,11277129948479,758
11277130160368,11277130161005,637
11277130377031,11277130377848,817
11277130594321,11277130594987,666
11277130810140,11277130810974,834
11277131023145,11277131023753,608
11277131255454,11277131256171,717
11277131468465,11277131469040,575
11277131686142,11277131686919,777
11277131902198,11277131902835,637
11277132120151,11277132121969,1818
11277132348090,11277132348737,647
11277132577695,11277132578541,846
11277132802352,11277132803005,653
11277133029379,11277133030168,789
11277133246012,11277133246604,592
11277133463067,11277133463830,763
11277133677696,11277133678292,596
11277133895288,11277133896018,730
11277134109819,11277134110400,581
11277134333967,11277134334713,746
11277134546378,11277134546957,579
11277134762378,11277134763117,739
11277134977916,11277134978495,579
11277135191466,11277135192249,783
11277135422853,11277135423448,595
11277135643786,11277135644615,829
11277135860535,11277135861208,673
11277136074136,11277136074929,793
11277136287923,11277136288502,579
11277136503548,11277136504301,753
11277136719684,11277136720278,594
11277136936507,11277136937226,719
11277137148157,11277137148757,600
11277137364956,11277137365720,764
11277137578583,11277137579181,598
11277137798176,11277137798896,720
11277138012349,11277138012934,585
11277138231121,11277138231897,776
11277138443528,11277138444108,580
11277138659186,11277138659973,787
11277138879002,11277138879643,641
11277139098335,11277139099111,776
11277139312026,11277139312684,658
11277139528584,11277139529360,776
11277139745071,11277139745752,681
11277139961381,11277139962172,791
11277140175109,11277140175717,608
11277140389026,11277140389757,731
11277140636838,11277140637427,589
11277140853436,11277140854166,730
11277141069006,11277141069657,651
11277141290352,11277141291127,775
11277141504776,11277141505396,620
11277141719850,11277141720613,763
11277141934849,11277141935428,579
11277142149321,11277142150094,773
11277142369084,11277142369714,630
11277142586155,11277142586902,747
11277142802804,11277142803394,590
11277143018529,11277143019250,721
11277143234747,11277143235358,611
11277143449963,11277143450713,750
11277143665796,11277143666379,583
11277143880741,11277143881456,715
11277144094446,11277144095034,588
11277144310380,11277144311134,754
11277144527200,11277144527816,616
11277144746921,11277144747666,745
11277144962587,11277144963215,628
11277145179216,11277145180012,796
11277145391290,11277145391933,643
11277145614910,11277145615702,792
11277145833552,11277145834177,625
11277146049545,11277146050263,718
11277146261921,11277146262512,591
11277146477501,11277146478244,743
11277146694215,11277146694817,602
11277146910935,11277146911689,754
11277147124205,11277147124809,604
11277147343155,11277147343890,735
11277147560561,11277147561138,577
11277147775532,11277147776307,775
11277147990495,11277147991097,602
11277148219196,11277148220033,837
11277148438940,11277148439545,605
11277148653470,11277148654252,782
11277148868993,11277148869581,588
11277149089925,11277149090691,766
11277149301818,11277149302455,637
11277149520022,11277149520766,744
11277149733281,11277149733890,609
11277149949529,11277149950348,819
11277150165400,11277150166073,673
11277150383900,11277150384677,777
11277150595742,11277150596333,591
11277150815233,11277150816010,777
11277151027515,11277151028085,570
11277151243496,11277151244268,772
11277151460823,11277151461448,625
11277151678378,11277151679133,755
11277151891590,11277151892190,600
11277152109289,11277152110012,723
11277152328810,11277152329506,696
11277152542935,11277152543753,818
11277152758571,11277152759219,648
11277152976957,11277152977717,760
11277153193023,11277153193656,633
11277153408486,11277153409274,788
11277153624358,11277153624969,611
11277153843090,11277153843889,799
11277154058835,11277154059454,619
11277154276388,11277154277142,754
11277154494571,11277154495188,617
11277154712316,11277154713108,792
11277154924377,11277154924995,618
11277155145087,11277155145894,807
11277155358499,11277155359131,632
11277155579130,11277155579901,771
11277155794149,11277155794786,637
11277156009576,11277156010323,747
11277156227222,11277156227825,603
11277156444534,11277156445284,750
11277156657119,11277156657723,604
11277156872592,11277156873343,751
11277157087659,11277157088276,617
11277157303101,11277157303830,729
11277157515694,11277157516300,606
11277157732386,11277157733135,749
11277157947875,11277157948476,601
11277158164311,11277158165065,754
11277158379071,11277158379661,590
11277158594832,11277158595579,747
11277158809285,11277158809873,588
11277159029466,11277159030263,797
11277159246235,11277159246887,652
11277159461825,11277159462596,771
11277159676441,11277159677054,613
11277159892045,11277159892771,726
11277160109742,11277160110347,605
11277160326589,11277160327326,737
11277160541279,11277160541865,586
11277160759358,11277160760121,763
11277160974943,11277160975554,611
11277161190506,11277161191249,743
11277161405740,11277161406339,599
11277161622285,11277161623056,771
11277161834769,11277161835382,613
11277162053480,11277162054256,776
11277162272580,11277162273210,630
11277162490403,11277162491155,752
11277162704339,11277162704994,655
11277162919110,11277162919877,767
11277163137669,11277163138344,675
11277163362053,11277163362783,730
11277163575461,11277163576072,611
11277163791821,11277163792574,753
11277164008796,11277164009417,621
11277164224949,11277164225687,738
11277164436974,11277164437567,593
11277164652781,11277164653546,765
11277164871762,11277164872341,579
11277165088041,11277165088793,752
11277165305872,11277165306488,616
11277165521382,11277165522134,752
11277165742465,11277165743072,607
11277165959945,11277165960688,743
11277166173673,11277166174283,610
11277166404054,11277166404803,749
11277166621700,11277166622297,597
11277166839638,11277166840366,728
11277167053155,11277167053739,584
11277167270139,11277167270875,736
11277167490229,11277167490840,611
11277167708036,11277167708799,763
11277167921769,11277167922376,607
11277168139357,11277168140104,747
11277168351251,11277168351811,560
11277168566014,11277168566751,737
11277168781515,11277168782099,584
11277169001912,11277169002657,745
11277169222254,11277169222837,583
11277169438378,11277169439066,688
11277169656028,11277169656619,591
11277169871818,11277169872518,700
11277170086874,11277170087431,557
11277170321514,11277170322238,724
11277170536924,11277170537521,597
11277170754267,11277170755013,746
11277170972366,11277170972974,608
11277171189476,11277171190224,748
11277171403519,11277171404152,633
11277171621315,11277171622067,752
11277171838208,11277171838810,602
11277172059802,11277172060636,834
11277172285063,11277172285663,600
11277172501446,11277172502186,740
11277172719850,11277172720441,591
11277172937194,11277172937927,733
11277173148394,11277173148964,570
11277173369081,11277173369788,707
11277173586836,11277173587410,574
11277173804439,11277173805170,731
11277174017937,11277174018547,610
11277174235599,11277174236369,770
11277174466194,11277174466789,595
11277174688200,11277174688935,735
11277174904035,11277174904631,596
11277175121391,11277175122142,751
11277175336316,11277175336945,629
11277175557304,11277175558073,769
11277175773909,11277175774539,630
11277175992147,11277175992880,733
11277176206658,11277176207261,603
11277176423127,11277176423863,736
11277176640064,11277176640631,567
11277176855357,11277176856082,725
11277177068190,11277177068771,581
11277177284605,11277177285353,748
11277177499593,11277177500172,579
11277177715460,11277177716207,747
11277177929736,11277177930285,549
11277178144793,11277178145507,714
11277178374585,11277178375188,603
11277178594351,11277178595085,734
11277178807562,11277178808138,576
11277179027961,11277179028714,753
11277179243543,11277179244154,611
11277179467038,11277179467822,784
11277179680878,11277179681528,650
11277179900171,11277179900945,774
11277180114558,11277180115165,607
11277180332318,11277180333050,732
11277180548058,11277180548648,590
11277180765342,11277180766101,759
11277180979890,11277180980485,595
11277181196278,11277181196987,709
11277181420872,11277181421498,626
11277181641132,11277181641911,779
11277181852949,11277181853556,607
11277182067460,11277182068197,737
11277182293860,11277182294497,637
11277182511666,11277182512410,744
11277182726369,11277182726939,570
11277182946276,11277182947042,766
11277183159795,11277183160402,607
11277183376330,11277183377054,724
11277183592017,11277183592672,655
11277183809945,11277183810692,747
11277184026161,11277184026769,608
11277184243446,11277184244191,745
11277184458455,11277184459033,578
11277184676112,11277184676869,757
11277184890322,11277184890916,594
11277185106465,11277185107221,756
11277185323359,11277185323951,592
11277185547285,11277185548052,767
11277185762336,11277185762947,611
11277185980273,11277185980986,713
11277186204095,11277186204714,619
11277186423622,11277186424361,739
11277186636551,11277186637166,615
11277186853267,11277186854046,779
11277187068185,11277187068790,605
11277187288786,11277187289540,754
11277187504089,11277187504731,642
11277187722098,11277187722890,792
11277187937440,11277187938052,612
11277188152765,11277188153536,771
11277188386040,11277188386646,606
11277188605210,11277188605952,742
11277188820957,11277188821592,635
11277189042425,11277189043184,759
11277189261336,11277189261960,624
11277189476370,11277189477120,750
11277189691300,11277189691901,601
11277189907879,11277189908633,754
11277190123969,11277190124568,599
11277190339826,11277190340573,747
11277190556080,11277190556671,591
11277190773163,11277190773929,766
11277190986177,11277190986790,613
11277191205427,11277191206185,758
11277191416486,11277191417104,618
11277191633920,11277191634648,728
11277191850267,11277191850895,628
11277192069191,11277192069968,777
11277192285431,11277192286023,592
11277192505503,11277192506273,770
11277192720174,11277192720822,648
11277192935954,11277192936668,714
11277193153410,11277193154014,604
11277193371549,11277193372295,746
11277193610649,11277193611297,648
11277193830319,11277193831040,721
11277194045403,11277194046006,603
11277194261129,11277194261890,761
11277194474450,11277194475051,601
11277194690824,11277194691548,724
11277194905718,11277194906380,662
11277195122342,11277195123101,759
11277195335237,11277195335910,673
11277195555826,11277195556568,742
11277195769221,11277195769841,620
11277195987267,11277195988002,735
11277196206935,11277196207616,681
11277196429149,11277196430871,1722
11277196645972,11277196646561,589
11277196863003,11277196863704,701
11277197076918,11277197077520,602
11277197295176,11277197295932,756
11277197508161,11277197508797,636
11277197727248,11277197727984,736
11277197941894,11277197942502,608
11277198157624,11277198158364,740
11277198371219,11277198371837,618
11277198588407,11277198589164,757
11277198802045,11277198802674,629
11277199022382,11277199023163,781
11277199239011,11277199239656,645
11277199455889,11277199456662,773
11277199669210,11277199669849,639
11277199884797,11277199885578,781
11277200099594,11277200100185,591
11277200315683,11277200316422,739
11277200530080,11277200530693,613
11277200745197,11277200745921,724
11277200958339,11277200958936,597
11277201175068,11277201175810,742
11277201388084,11277201388679,595
11277201600542,11277201601300,758
11277201817652,11277201818263,611
11277202032019,11277202032756,737
11277202258802,11277202259459,657
11277202474637,11277202475396,759
11277202689610,11277202690235,625
11277202910781,11277202911501,720
11277203166654,11277203167249,595
11277203385234,11277203385958,724
11277203603020,11277203603622,602
11277203822935,11277203823663,728
11277204037119,11277204037711,592
11277204259383,11277204260144,761
11277204479323,11277204479925,602
11277204700614,11277204701375,761
11277204915518,11277204916109,591
11277205137685,11277205138437,752
11277205370182,11277205370780,598
11277205596067,11277205596827,760
11277205811021,11277205811603,582
11277206028524,11277206029243,719
11277206255996,11277206256575,579
11277206475021,11277206475733,712
11277206692236,11277206692825,589
11277206912809,11277206913563,754
11277207133117,11277207133720,603
11277207351333,11277207352099,766
11277207569135,11277207569735,600
11277207785801,11277207786542,741
11277208001943,11277208002581,638
11277208224004,11277208224704,700
11277208440481,11277208441045,564
11277208658237,11277208658986,749
11277208879540,11277208880186,646
11277209101871,11277209102639,768
11277209323967,11277209324611,644
11277209543632,11277209544382,750
11277209757098,11277209757717,619
11277209973259,11277209974013,754
11277210190288,11277210190937,649
11277210407558,11277210408316,758
11277210624819,11277210625417,598
11277210843808,11277210844532,724
11277211060966,11277211061556,590
11277211279618,11277211280422,804
11277211494688,11277211495285,597
11277211713359,11277211714162,803
11277211931211,11277211931851,640
11277212149428,11277212150151,723
11277212372802,11277212373456,654
11277212594552,11277212595366,814
11277212810036,11277212810684,648
11277213031037,11277213031798,761
11277213252572,11277213253131,559
11277213474520,11277213475290,770
11277213687433,11277213688039,606
11277213901836,11277213902580,744
11277214121327,11277214121917,590
11277214342041,11277214342790,749
11277214558239,11277214558815,576
11277214776643,11277214777392,749
11277214998975,11277214999564,589
11277215216788,11277215217527,739
11277215436481,11277215437067,586
11277215659196,11277215659936,740
11277215880684,11277215881261,577
11277216099081,11277216099789,708
11277216314009,11277216314638,629
11277216533304,11277216534070,766
11277216745250,11277216745856,606
11277216970072,11277216970825,753
11277217188111,11277217188766,655
11277217410350,11277217411102,752
11277217626185,11277217626833,648
11277217850197,11277217850971,774
11277218066786,11277218067370,584
11277218414042,11277218414932,890
11277218637333,11277218638009,676
11277218858796,11277218859610,814
11277219093404,11277219094028,624
11277219314784,11277219315542,758
11277219528648,11277219529257,609
11277219744921,11277219745645,724
11277219962155,11277219962750,595
11277220179913,11277220180687,774
11277220410252,11277220410895,643
11277220633521,11277220634313,792
11277220849736,11277220850369,633
11277221069128,11277221069923,795
11277221282324,11277221282954,630
11277221499271,11277221500072,801
11277221714965,11277221715596,631
11277221935743,11277221936510,767
11277222151010,11277222151658,648
11277222376917,11277222377710,793
11277222590042,11277222590671,629
11277222810720,11277222811489,769
11277223026464,11277223027074,610
11277223240969,11277223241728,759
11277223465344,11277223465930,586
11277223682987,11277223683759,772
11277223898294,11277223898852,558
11277224113639,11277224114373,734
11277224332010,11277224332645,635
11277224548117,11277224548876,759
11277224798006,11277224798723,717
11277225078232,11277225079075,843
11277225332720,11277225333378,658
11277225601262,11277225602083,821
11277225887351,11277225888039,688
11277226132874,11277226133678,804
11277226372361,11277226372987,626
11277226601013,11277226601776,763
11277226852466,11277226853165,699
11277227127027,11277227127860,833
11277227387999,11277227388754,755
11277227685071,11277227685896,825
11277228041566,11277228042765,1199
11277228425464,11277228426697,1233
11277228832507,11277228834340,1833
11277229269055,11277229270227,1172
11277229624952,11277229625703,751
11277229951485,11277229952846,1361
11277230378421,11277230379683,1262
11277230740344,11277230741376,1032
11277231119529,11277231121183,1654
11277231500331,11277231501914,1583
11277231833044,11277231833726,682
11277232098167,11277232099405,1238
11277232383134,11277232383799,665
11277232702951,11277232704693,1742
11277233150284,11277233151286,1002
11277233555424,11277233556932,1508
11277233888572,11277233890260,1688
11277234181630,11277234183200,1570
11277234505404,11277234506176,772
11277234783351,11277234784189,838
11277235046191,11277235046942,751
11277235320313,11277235321182,869
11277235586595,11277235587345,750
11277235841985,11277235842893,908
11277236090957,11277236091659,702
11277236340438,11277236341295,857
11277236586387,11277236587084,697
11277236835793,11277236836587,794
11277237081637,11277237082333,696
11277237354485,11277237355289,804
11277237615499,11277237616184,685
11277237880974,11277237881812,838
11277238276238,11277238277342,1104
11277238647938,11277238649186,1248
11277239033044,11277239034272,1228
11277239410477,11277239411759,1282
11277239684176,11277239684890,714
11277239935711,11277239936538,827
11277240183041,11277240183757,716
11277240449656,11277240450492,836
11277240694397,11277240695105,708
11277240940574,11277240941424,850
11277241188229,11277241188904,675
11277241464797,11277241465853,1056
11277241750853,11277241751549,696
11277242017884,11277242018682,798
11277242286230,11277242286925,695
11277242559871,11277242560698,827
11277242830990,11277242831676,686
11277243119480,11277243120476,996
11277243372341,11277243372994,653
11277243626929,11277243627798,869
11277243878123,11277243878836,713
11277244127780,11277244128622,842
11277244399638,11277244400306,668
11277244651895,11277244652743,848
11277244899321,11277244899985,664
11277245153800,11277245154644,844
11277245506714,11277245507375,661
11277245783409,11277245784288,879
11277246033532,11277246034242,710
11277246306887,11277246307740,853
11277246555177,11277246555859,682
11277246805954,11277246806799,845
11277247059696,11277247060354,658
11277247308765,11277247309578,813
11277247618729,11277247619382,653
11277247945974,11277247946850,876
11277248197016,11277248197718,702
11277248444315,11277248445130,815
11277248695166,11277248695877,711
11277248961158,11277248961974,816
11277249250917,11277249251626,709
11277249527190,11277249528033,843
11277249772792,11277249773459,667
11277250017067,11277250017889,822
11277250262049,11277250262704,655
11277250509047,11277250509863,816
11277250753909,11277250754634,725
11277251011883,11277251012705,822
11277251286318,11277251286977,659
11277251539445,11277251540272,827
11277251783301,11277251783968,667
11277252027187,11277252028030,843
11277252277950,11277252312809,34859
11277252590012,11277252590828,816
11277252836677,11277252837313,636
11277253083311,11277253084134,823
11277253324666,11277253325337,671
11277253568828,11277253569646,818
11277253812181,11277253812830,649
11277254058070,11277254058892,822
11277254300140,11277254300794,654
11277254543736,11277254544534,798
11277254785230,11277254785911,681
11277255028721,11277255029547,826
11277255280600,11277255281305,705
11277255528467,11277255529277,810
11277255827267,11277255827986,719
11277256113419,11277256114318,899
11277256363438,11277256364117,679
11277256610046,11277256610870,824
11277256854385,11277256855050,665
11277257096856,11277257097703,847
11277257422810,11277257423516,706
11277257679873,11277257680718,845
11277257922788,11277257923423,635
11277258165136,11277258165973,837
11277258415578,11277258416276,698
11277258659785,11277258660621,836
11277258908788,11277258909457,669
11277259155977,11277259156784,807
11277259400552,11277259401221,669
11277259646253,11277259647082,829
11277259889622,11277259890268,646
11277260135176,11277260136000,824
11277260380783,11277260381470,687
11277260623516,11277260624346,830
11277260867539,11277260868245,706
11277261112714,11277261113550,836
11277261361512,11277261362175,663
11277261604720,11277261605580,860
11277261849751,11277261850432,681
11277262092585,11277262093393,808
11277262344567,11277262345295,728
11277262591205,11277262592000,795
11277262838563,11277262839235,672
11277263084026,11277263084890,864
11277263325862,11277263326505,643
11277263569542,11277263570377,835
11277263817013,11277263817658,645
11277264061626,11277264062482,856
11277264305716,11277264306378,662
11277264553745,11277264554563,818
11277264802675,11277264803328,653
11277265047721,11277265048555,834
11277265343701,11277265344390,689
11277265616303,11277265617277,974
11277265870539,11277265871296,757
11277266116027,11277266116862,835
11277266362243,11277266362943,700
11277266628361,11277266629233,872
11277266871870,11277266872565,695
11277267118046,11277267118880,834
11277267376643,11277267377335,692
11277267629739,11277267630509,770
11277267872794,11277267873463,669
11277268116179,11277268116975,796
11277268357806,11277268358480,674
11277268601722,11277268602554,832
11277268843495,11277268844171,676
11277269095682,11277269096544,862
11277269346571,11277269347266,695
11277269592822,11277269593640,818
11277269862574,11277269863236,662
11277270117097,11277270117910,813
11277270369066,11277270369743,677
11277270609495,11277270610306,811
11277270851838,11277270852523,685
11277271098233,11277271099141,908
11277271339304,11277271339962,658
11277271586054,11277271586891,837
11277271825171,11277271825854,683
11277272068463,11277272069291,828
11277272334038,11277272334725,687
11277272589663,11277272590610,947
11277272839022,11277272839780,758
11277273098058,11277273098914,856
11277273406518,11277273407361,843
11277273728976,11277273729944,968
11277273992402,11277273993090,688
11277274303378,11277274304361,983
11277274613765,11277274614401,636
11277274889080,11277274890005,925
11277275147136,11277275147851,715
11277275392135,11277275392959,824
11277275674635,11277275675312,677
11277275922896,11277275923706,810
11277276240812,11277276241645,833
11277276501910,11277276502767,857
11277276751732,11277276752402,670
11277276998108,11277276998968,860
11277277243614,11277277244304,690
11277277485575,11277277486412,837
11277277728643,11277277729286,643
11277277972978,11277277973774,796
11277278218191,11277278218853,662
11277278459800,11277278460621,821
11277278707527,11277278708234,707
11277278962244,11277278963087,843
11277279220357,11277279221016,659
11277279492828,11277279493679,851
11277279735622,11277279736310,688
11277279979679,11277279980458,779
11277280228638,11277280233478,4840
11277280484475,11277280485296,821
11277280726120,11277280726817,697
11277280971983,11277280972841,858
11277281213728,11277281214405,677
11277281462520,11277281463381,861
11277281709283,11277281709962,679
11277281958071,11277281958872,801
11277282205480,11277282214479,8999
11277282469797,11277282470645,848
11277282719194,11277282719859,665
11277282969851,11277282970656,805
11277283225115,11277283225744,629
11277283475984,11277283476826,842
11277283724887,11277283725512,625
11277283972598,11277283973434,836
11277284214804,11277284215498,694
11277284472152,11277284473011,859
11277284752938,11277284753608,670
11277285020487,11277285021350,863
11277285274339,11277285275027,688
11277285521107,11277285521936,829
11277285781601,11277285782292,691
11277286032936,11277286033804,868
11277286287606,11277286288262,656
11277286530248,11277286531172,924
11277286775238,11277286775907,669
11277287021067,11277287021918,851
11277287272678,11277287273382,704
11277287518284,11277287519110,826
11277287758600,11277287759239,639
11277288003377,11277288004212,835
11277288253513,11277288254184,671
11277288495503,11277288496337,834
11277288735550,11277288736219,669
11277288991877,11277288992706,829
11277289236886,11277289237580,694
11277289482845,11277289483646,801
11277289727506,11277289728184,678
11277289973962,11277289974845,883
11277290234619,11277290235285,666
11277290488191,11277290489056,865
11277290741049,11277290741718,669
11277290983582,11277290984374,792
11277291225211,11277291225911,700
11277291469986,11277291470836,850
11277291715897,11277291716577,680
11277291960704,11277291961512,808
11277292202218,11277292202879,661
11277292461781,11277292462613,832
11277292710037,11277292710735,698
11277292955744,11277292956584,840
11277293197227,11277293197899,672
11277293443044,11277293443846,802
11277293683926,11277293684597,671
11277293930325,11277293931145,820
11277294173868,11277294174570,702
11277294415868,11277294416648,780
11277294657336,11277294657988,652
11277294903588,11277294904382,794
11277295142699,11277295143354,655
11277295385389,11277295386216,827
11277295639842,11277295640525,683
11277295887684,11277295888527,843
11277296135225,11277296135881,656
11277296384054,11277296384861,807
11277296626385,11277296627073,688
11277296872271,11277296873140,869
11277297116114,11277297116820,706
11277297359378,11277297360218,840
11277297602135,11277297602847,712
11277297846787,11277297847671,884
11277298090146,11277298090842,696
11277298338084,11277298338941,857
11277298580623,11277298581317,694
11277298822731,11277298823600,869
11277299073607,11277299074274,667
11277299320009,11277299320905,896
11277299561858,11277299562527,669
11277299806642,11277299807448,806
11277300046794,11277300047464,670
11277300289895,11277300290722,827
11277300533536,11277300534217,681
11277300776545,11277300777386,841
11277301017156,11277301017838,682
11277301259338,11277301260174,836
11277301500860,11277301501550,690
11277301745520,11277301746370,850
11277301986028,11277301986725,697
11277302239540,11277302240389,849
11277302485372,11277302486042,670
11277302733032,11277302733847,815
11277302978182,11277302978851,669
11277303231522,11277303232422,900
11277303474726,11277303475409,683
11277303719537,11277303720359,822
11277303962411,11277303963119,708
11277304205254,11277304206086,832
11277304445416,11277304446076,660
11277304691955,11277304692785,830
11277304932523,11277304933230,707
11277305172115,11277305172994,879
11277305414301,11277305415050,749
11277305669738,11277305670584,846
11277305917181,11277305917901,720
11277306163679,11277306164476,797
11277306406143,11277306406876,733
11277306661028,11277306661854,826
11277306908547,11277306909231,684
11277307153704,11277307154530,826
11277307394584,11277307395288,704
11277307639909,11277307640729,820
11277307879094,11277307879787,693
11277308124082,11277308124946,864
11277308367045,11277308367716,671
11277308610542,11277308611388,846
11277308850043,11277308850723,680
11277309113776,11277309114609,833
11277309357893,11277309358547,654
11277309605630,11277309606431,801
11277309847152,11277309847815,663
11277310090771,11277310091596,825
11277310336138,11277310336866,728
11277310577697,11277310578525,828
11277310821385,11277310822090,705
11277311065542,11277311066381,839
11277311307388,11277311308062,674
11277311548347,11277311549194,847
11277311790632,11277311791300,668
11277312030570,11277312031372,802
11277312279858,11277312280515,657
11277312529430,11277312530242,812
11277312774016,11277312774690,674
11277313017615,11277313018418,803
11277313259285,11277313259954,669
11277313504925,11277313505741,816
11277313746250,11277313746906,656
11277313987739,11277313988530,791
11277314226269,11277314226912,643
11277314474583,11277314475412,829
11277314716926,11277314717587,661
11277314959253,11277314960086,833
11277315198311,11277315198992,681
11277315442384,11277315443203,819
11277315695480,11277315696142,662
11277315940542,11277315941373,831
11277316185530,11277316186201,671
11277316432586,11277316433404,818
11277316674121,11277316674775,654
11277316920589,11277316921345,756
11277317163107,11277317163779,672
11277317406647,11277317407443,796
11277317646983,11277317647680,697
11277317889993,11277317890780,787
11277318132328,11277318132997,669
11277318375766,11277318376619,853
11277318616063,11277318616708,645
11277318857770,11277318858646,876
11277319119267,11277319119942,675
11277319364332,11277319365167,835
11277319610321,11277319610987,666
11277319855249,11277319856088,839
11277320099831,11277320100500,669
11277320345338,11277320346194,856
11277320585521,11277320586210,689
11277320832733,11277320833560,827
11277321078931,11277321079586,655
11277321319475,11277321320332,857
11277321559165,11277321559831,666
11277321804182,11277321805046,864
11277322044273,11277322044938,665
11277322298126,11277322299010,884
11277322550795,11277322551480,685
11277322794982,11277322795808,826
11277323038334,11277323039022,688
11277323285384,11277323286252,868
11277323527186,11277323527852,666
11277323769660,11277323770509,849
11277324013055,11277324013759,704
11277324254072,11277324254948,876
11277324497658,11277324498315,657
11277324740340,11277324741131,791
11277324981949,11277324982631,682
11277325224673,11277325225506,833
11277325469124,11277325469813,689
11277325716558,11277325717389,831
11277325964358,11277325965055,697
11277326209179,11277326210048,869
11277326450707,11277326451395,688
11277326700099,11277326700930,831
11277326940955,11277326941625,670
11277327202261,11277327203092,831
11277327443897,11277327444554,657
11277327687973,11277327688806,833
11277327930204,11277327930844,640
11277328175761,11277328176614,853
11277328419426,11277328420089,663
11277328662009,11277328662845,836
11277328916055,11277328916743,688
11277329164908,11277329165785,877
11277329421548,11277329422238,690
11277329670110,11277329670956,846
11277329923408,11277329924067,659
11277330167643,11277330168464,821
11277330424990,11277330425643,653
11277330668648,11277330669482,834
11277330912321,11277330912994,673
11277331156121,11277331156998,877
11277331396188,11277331396875,687
11277331639677,11277331640532,855
11277331881974,11277331882658,684
11277332125042,11277332125860,818
11277332388706,11277332389403,697
11277332635152,11277332635998,846
11277332879325,11277332880003,678
11277333125739,11277333126571,832
11277333380975,11277333381627,652
11277333635040,11277333635882,842
11277333877768,11277333878423,655
11277334120719,11277334121559,840
11277334363871,11277334364534,663
11277334607373,11277334608243,870
11277334848876,11277334849578,702
11277335090769,11277335091578,809
11277335334418,11277335335076,658
11277335585281,11277335586104,823
11277335832075,11277335832775,700
11277336078539,11277336079348,809
11277336323589,11277336324273,684
11277336568051,11277336568892,841
11277336812400,11277336813087,687
11277337054995,11277337055813,818
11277337296359,11277337297027,668
11277337540507,11277337541360,853
11277337782504,11277337783171,667
11277338025009,11277338025879,870
11277338265757,11277338266438,681
11277338506868,11277338507720,852
11277338750886,11277338751558,672
11277339001219,11277339002083,864
11277339246223,11277339246894,671
11277339498616,11277339499457,841
11277339747550,11277339748214,664
11277339992327,11277339993184,857
11277340237716,11277340238381,665
11277340482209,11277340483096,887
11277340722771,11277340723471,700
11277340967147,11277340967972,825
11277341209643,11277341210337,694
11277341452019,11277341452811,792
11277341691926,11277341692619,693
11277341937452,11277341938276,824
11277342177669,11277342178341,672
11277342431388,11277342432233,845
11277342675233,11277342675909,676
11277342919170,11277342920015,845
11277343163520,11277343164199,679
11277343440652,11277343441515,863
11277343691103,11277343691742,639
11277343935097,11277343935926,829
11277344178667,11277344179322,655
11277344419485,11277344420320,835
11277344660727,11277344661380,653
11277344904280,11277344905120,840
11277345148435,11277345149100,665
11277345390029,11277345390855,826
11277345640571,11277345641238,667
11277345888024,11277345888890,866
11277346130384,11277346131061,677
11277346377758,11277346378600,842
11277346622492,11277346623154,662
11277346903858,11277346904694,836
11277347145504,11277347146201,697
11277347387807,11277347388658,851
11277347628367,11277347629028,661
11277347874517,11277347875349,832
11277348114179,11277348114831,652
11277348359794,11277348360607,813
11277348600661,11277348601322,661
11277348843926,11277348844756,830
11277349092449,11277349093126,677
11277349337650,11277349338467,817
11277349585747,11277349586393,646
11277349828886,11277349829722,836
11277350072032,11277350072715,683
11277350314828,11277350315652,824
11277350555837,11277350556518,681
11277350797235,11277350798027,792
11277351038032,11277351038722,690
11277351280516,11277351281377,861
11277351520219,11277351520872,653
11277351761302,11277351762132,830
11277351999790,11277352000418,628
11277352252300,11277352253168,868
11277352499154,11277352499845,691
11277352740300,11277352741168,868
11277353082630,11277353083298,668
11277353332437,11277353333275,838
11277353573564,11277353574250,686
11277353816071,11277353816880,809
11277354056045,11277354056713,668
11277354300868,11277354301677,809
11277354542597,11277354543266,669
11277354785634,11277354786463,829
11277355026819,11277355027477,658
11277355270186,11277355271056,870
11277355512011,11277355512701,690
11277355764197,11277355765032,835
11277356008915,11277356009569,654
11277356255790,11277356256635,845
11277356502064,11277356502731,667
11277356749017,11277356749842,825
11277356990116,11277356990812,696
11277357234609,11277357235432,823
11277357478045,11277357478740,695
11277357720282,11277357722173,1891
11277357963084,11277357963746,662
11277358205237,11277358206073,836
11277358444577,11277358445253,676
11277358687503,11277358688331,828
11277358936410,11277358937089,679
11277359181840,11277359182683,843
11277359450562,11277359451354,792
11277359703008,11277359703902,894
11277359951438,11277359952107,669
11277360202367,11277360203196,829
11277360446683,11277360447372,689
11277360687559,11277360688358,799
11277360954628,11277360955294,666
11277361204552,11277361205335,783
11277361452558,11277361453257,699
11277361701547,11277361702392,845
11277361942937,11277361943594,657
11277362186341,11277362187131,790
11277362445526,11277362446182,656
11277362692334,11277362693162,828
11277362936105,11277362936758,653
11277363186789,11277363187631,842
11277363427300,11277363427993,693
11277363670022,11277363670847,825
11277363912318,11277363912954,636
11277364159359,11277364160192,833
11277364399873,11277364400555,682
11277364643358,11277364644200,842
11277364883695,11277364884379,684
11277365129494,11277365130330,836
11277365370493,11277365371187,694
11277365618820,11277365619672,852
11277365863614,11277365864306,692
11277366106773,11277366107639,866
11277366353684,11277366354346,662
11277366600012,11277366600807,795
11277366842960,11277366843600,640
11277367086337,11277367087195,858
11277367329643,11277367330307,664
11277367572546,11277367573382,836
11277367814705,11277367815382,677
11277368060049,11277368060843,794
11277368299754,11277368300416,662
11277368544660,11277368545514,854
11277368784657,11277368785342,685
11277369037417,11277369038216,799
11277369282781,11277369283430,649
11277369530707,11277369531541,834
11277369771498,11277369772153,655
11277370020881,11277370021760,879
11277370263695,11277370264391,696
11277370534833,11277370535633,800
11277370757758,11277370758373,615
11277370985337,11277370986089,752
11277371205908,11277371206541,633
11277371425940,11277371426707,767
11277371650532,11277371651147,615
11277371872700,11277371873439,739
11277372090901,11277372091521,620
11277372394731,11277372395512,781
11277372619199,11277372619819,620
11277372844662,11277372845440,778
11277373066132,11277373066735,603
11277373289175,11277373289956,781
11277373512804,11277373513411,607
11277373737986,11277373738735,749
11277373957593,11277373958186,593
11277374180004,11277374180779,775
11277374401528,11277374402129,601
11277374623343,11277374624095,752
11277374845756,11277374846373,617
11277375067872,11277375068627,755
11277375287491,11277375288105,614
11277375509097,11277375509838,741
11277375811955,11277375812600,645
11277376036857,11277376037645,788
11277376257897,11277376258494,597
11277376482936,11277376483675,739
11277376704737,11277376705380,643
11277376928294,11277376929017,723
11277377149723,11277377150354,631
11277377372978,11277377373724,746
11277377595604,11277377596217,613
11277377818050,11277377818812,762
11277378037682,11277378038307,625
11277378260749,11277378261472,723
11277378480438,11277378481036,598
11277378705524,11277378706293,769
11277378976731,11277378977446,715
11277379224376,11277379225242,866
11277379468791,11277379469448,657
11277379713490,11277379714314,824
11277379981488,11277379982100,612
11277380207518,11277380208280,762
11277380430546,11277380431157,611
11277380651481,11277380652269,788
11277380871359,11277380871987,628
11277381096929,11277381097671,742
11277381314983,11277381315595,612
11277381537583,11277381538316,733
11277381757306,11277381757939,633
11277381982279,11277381983035,756
11277382203488,11277382204095,607
11277382508083,11277382508843,760
11277382730346,11277382730975,629
11277382955680,11277382956425,745
11277383178088,11277383178709,621
11277383399948,11277383400699,751
11277383621211,11277383621866,655
11277383844182,11277383844956,774
11277384066946,11277384067567,621
11277384288460,11277384289218,758
11277384509324,11277384509946,622
11277384729819,11277384730580,761
11277384953129,11277384953743,614
11277385173395,11277385174161,766
11277385393547,11277385394141,594
11277385732475,11277385733257,782
11277385962076,11277385962677,601
11277386190843,11277386191628,785
11277386418831,11277386419460,629
11277386648429,11277386649185,756
11277386873591,11277386874230,639
11277387114119,11277387114921,802
11277387338529,11277387339186,657
11277387584605,11277387585353,748
11277387857177,11277387857848,671
11277388099509,11277388100291,782
11277388342967,11277388343659,692
11277388586619,11277388587426,807
11277388827679,11277388828343,664
11277389100098,11277389100872,774
11277389323149,11277389323748,599
11277389547517,11277389548274,757
11277389769521,11277389770125,604
11277389989639,11277389990420,781
11277390209955,11277390210563,608
11277390435761,11277390436500,739
11277390653190,11277390653803,613
11277390873374,11277390874141,767
11277391093796,11277391094399,603
11277391339781,11277391340535,754
11277391565058,11277391565699,641
11277391790429,11277391791181,752
11277392016659,11277392017279,620
11277392297142,11277392297990,848
11277392562234,11277392562865,631
11277392791029,11277392791778,749
11277393019495,11277393020116,621
11277393255106,11277393255866,760
11277393484100,11277393484735,635
11277393712551,11277393713301,750
11277393939195,11277393939828,633
11277394166446,11277394167225,779
11277394396289,11277394396913,624
11277394624509,11277394625268,759
11277394850669,11277394851285,616
11277395078608,11277395079386,778
11277395303816,11277395304471,655
11277395593829,11277395594691,862
11277395860685,11277395861307,622
11277396087396,11277396088155,759
11277396313103,11277396313732,629
11277396544679,11277396545436,757
11277396775493,11277396776110,617
11277397003458,11277397004197,739
11277397230614,11277397231206,592
11277397457039,11277397457807,768
11277397685717,11277397686337,620
11277397913950,11277397914697,747
11277398141150,11277398141791,641
11277398367863,11277398368639,776
11277398597717,11277398598326,609
11277398825346,11277398826105,759
11277399136959,11277399137560,601
11277399373691,11277399374442,751
11277399600765,11277399601380,615
11277399831031,11277399831795,764
11277400057295,11277400057915,620
11277400284838,11277400285599,761
11277400511140,11277400511768,628
11277400742124,11277400742889,765
11277400967070,11277400967700,630
11277401194489,11277401195259,770
11277401422943,11277401423548,605
11277401652221,11277401652978,757
11277401876216,11277401876827,611
11277402104740,11277402105491,751
11277402415897,11277402416570,673
11277402643958,11277402644755,797
11277402874197,11277402874831,634
11277403100342,11277403101070,728
11277403332495,11277403333158,663
11277403558187,11277403558964,777
11277403860654,11277403861303,649
11277404129083,11277404129889,806
11277404395779,11277404396416,637
11277404622355,11277404623127,772
11277404850276,11277404850903,627
11277405080356,11277405081127,771
11277405346973,11277405347612,639
11277405596304,11277405597164,860
11277405860074,11277405860742,668
11277406090221,11277406091023,802
11277406322468,11277406323126,658
11277406554114,11277406554904,790
11277406781309,11277406781965,656
11277407089687,11277407090470,783
11277407316874,11277407317533,659
11277407543451,11277407544218,767
11277407770274,11277407770932,658
11277407998514,11277407999266,752
11277408226393,11277408227047,654
11277408457591,11277408458375,784
11277408682087,11277408682717,630
11277408919239,11277408959785,40546
11277409236054,11277409236698,644
11277409467420,11277409468184,764
11277409695731,11277409696362,631
11277409925579,11277409926330,751
11277410153902,11277410154533,631
11277410382070,11277410382852,782
11277410612031,11277410612657,626
11277410839686,11277410840421,735
11277411067543,11277411068177,634
11277411296262,11277411297015,753
11277411525386,11277411526016,630
11277411754940,11277411755689,749
11277412064593,11277412065223,630
11277412382192,11277412382972,780
11277412640328,11277412641004,676
11277412870670,11277412872350,1680
11277413101018,11277413101636,618
11277413330547,11277413331320,773
11277413565366,11277413565998,632
11277413794072,11277413794826,754
11277414020328,11277414020985,657
11277414304848,11277414305597,749
11277414531864,11277414532500,636
11277414759417,11277414760159,742
11277414985935,11277414986549,614
11277415216220,11277415216985,765
11277415444721,11277415445328,607
11277415754849,11277415755603,754
11277415984979,11277415985635,656
11277416212139,11277416212901,762
11277416441644,11277416442280,636
11277416671404,11277416672148,744
11277416899523,11277416900134,611
11277417129457,11277417130193,736
11277417359565,11277417360183,618
11277417584458,11277417585255,797
11277417809766,11277417810415,649
11277418037279,11277418038041,762
11277418269245,11277418269862,617
11277418494031,11277418494814,783
11277418718544,11277418719191,647
11277418996810,11277418997654,844
11277419261414,11277419262065,651
11277419492881,11277419493643,762
11277419719512,11277419720132,620
11277419947260,11277419948057,797
11277420175699,11277420176337,638
11277420409109,11277420409861,752
11277420633544,11277420634190,646
11277420859131,11277420859850,719
11277421083354,11277421083961,607
11277421318121,11277421318867,746
11277421544770,11277421545394,624
11277421771624,11277421772398,774
11277421996875,11277421997505,630
11277422283553,11277422284352,799
11277422550651,11277422551307,656
11277422807366,11277422808137,771
11277423040535,11277423041175,640
11277423275519,11277423276321,802
11277423531637,11277423532249,612
11277423757753,11277423758539,786
11277423983718,11277423984347,629
11277424211946,11277424212739,793
11277424438318,11277424438978,660
11277424665837,11277424666596,759
11277424891994,11277424892596,602
11277425118170,11277425118974,804
11277425345985,11277425346635,650
11277425644312,11277425645122,810
11277425915346,11277425915996,650
11277426227215,11277426228007,792
11277426540119,11277426540761,642
11277426845680,11277426846433,753
11277427151706,11277427152336,630
11277427459475,11277427460269,794
11277427757509,11277427758221,712
11277428012740,11277428013565,825
11277428259638,11277428260290,652
11277428507327,11277428508131,804
11277428750069,11277428750756,687
11277429008268,11277429009267,999
11277429318795,11277429319469,674
11277429591547,11277429592415,868
11277429839420,11277429840114,694
11277430087691,11277430088520,829
11277430333824,11277430334504,680
11277430583370,11277430584189,819
11277430834452,11277430835109,657
11277431082452,11277431083324,872
11277431326100,11277431326813,713
11277431605625,11277431606502,877
11277431880746,11277431881461,715
11277432136219,11277432137203,984
11277432423067,11277432423676,609
11277432736846,11277432737725,879
11277433110999,11277433111730,731
11277433502675,11277433503583,908
11277433819687,11277433820510,823
11277434096331,11277434097188,857
11277434400773,11277434401532,759
11277434746298,11277434747677,1379
11277435137194,11277435138524,1330
11277435556209,11277435557099,890
11277436021358,11277436022712,1354
11277436443863,11277436445507,1644
11277436826398,11277436827593,1195
11277437195670,11277437197215,1545
11277437516783,11277437517493,710
11277437843121,11277437844452,1331
11277438162095,11277438162933,838
11277438449108,11277438449965,857
11277438708028,11277438708822,794
11277439019104,11277439020563,1459
11277439285472,11277439286227,755
11277439541432,11277439542303,871
11277439786937,11277439787692,755
11277440034845,11277440035674,829
11277440280260,11277440280959,699
11277440529588,11277440530412,824
11277440774946,11277440775648,702
11277441019571,11277441020396,825
11277441262447,11277441263098,651
11277441508769,11277441509584,815
11277441753097,11277441753818,721
11277441998908,11277441999755,847
11277442255888,11277442256579,691
11277442511547,11277442512364,817
11277442772433,11277442773108,675
11277443019216,11277443020056,840
11277443267468,11277443268143,675
11277443517153,11277443517963,810
11277443767201,11277443767853,652
11277444019829,11277444020657,828
11277444264751,11277444265408,657
11277444581408,11277444582270,862
11277444876814,11277444877469,655
11277445199485,11277445200419,934
11277445476615,11277445477339,724
11277445737437,11277445738251,814
11277445985594,11277445986267,673
11277446235891,11277446236690,799
11277446480703,11277446481351,648
11277446727205,11277446728045,840
11277446973501,11277446974149,648
11277447215258,11277447216050,792
11277447458435,11277447459125,690
11277447703306,11277447704098,792
11277447943004,11277447943677,673
11277448193781,11277448194581,800
11277448440810,11277448441473,663
11277448685573,11277448686390,817
11277448990604,11277448991239,635
11277449310615,11277449311495,880
11277449792657,11277449794187,1530
11277450383587,11277450384977,1390
11277450858291,11277450859033,742
11277451167610,11277451169114,1504
11277451669777,11277451670806,1029
11277452067024,11277452068810,1786
11277452465780,11277452466944,1164
11277452839944,11277452841044,1100
11277453148442,11277453149305,863
11277453476493,11277453477987,1494
11277453798017,11277453799320,1303
11277454094406,11277454095334,928
11277454369564,11277454370257,693
11277454624817,11277454625673,856
11277454883769,11277454884491,722
11277455151017,11277455151990,973
11277455422510,11277455423197,687
11277455691530,11277455692416,886
11277455943403,11277455944139,736
11277456190142,11277456191208,1066
11277456436210,11277456436916,706
11277456682591,11277456683433,842
11277456929339,11277456930063,724
11277457176180,11277457177027,847
11277457422435,11277457423080,645
11277457669930,11277457670774,844
11277457915751,11277457916391,640
11277458164642,11277458165479,837
11277458410889,11277458411596,707
11277458660467,11277458661279,812
11277458934422,11277458935177,755
11277459210347,11277459211220,873
11277459508913,11277459509603,690
11277459767622,11277459768489,867
11277460017454,11277460018184,730
11277460267260,11277460268091,831
11277460599537,11277460600224,687
11277460902206,11277460903062,856
11277461188753,11277461189458,705
11277461442210,11277461443081,871
11277461689841,11277461690484,643
11277461939214,11277461940045,831
11277462184307,11277462185017,710
11277462513433,11277462515016,1583
11277462802895,11277462803610,715
11277463073714,11277463074588,874
11277463317107,11277463317772,665
11277463569525,11277463570362,837
11277463814339,11277463815028,689
11277464059022,11277464059865,843
11277464304737,11277464305454,717
11277464547089,11277464547875,786
11277464789136,11277464789828,692
11277465032398,11277465033243,845
11277465276327,11277465276988,661
11277465519590,11277465520410,820
11277465830360,11277465831044,684
11277466109701,11277466110603,902
11277466384284,11277466384924,640
11277466639805,11277466640654,849
11277466888017,11277466888624,607
11277467131235,11277467132057,822
11277467372861,11277467373527,666
11277467619070,11277467619890,820
11277467860459,11277467861107,648
11277468104025,11277468104797,772
11277468344337,11277468345010,673
11277468586658,11277468587554,896
11277468832328,11277468833002,674
11277469134901,11277469135840,939
11277469489488,11277469490139,651
11277469747444,11277469748265,821
11277469994417,11277469995090,673
11277470239412,11277470240213,801
11277470478840,11277470479527,687
11277470724996,11277470725838,842
11277470971138,11277470971841,703
11277471213735,11277471214559,824
11277471454627,11277471455323,696
11277471702719,11277471703541,822
11277471944938,11277471945613,675
11277472191099,11277472191905,806
11277472444277,11277472444961,684
11277472688572,11277472689328,756
11277472933411,11277472934136,725
11277473189218,11277473190033,815
11277473431651,11277473432305,654
11277473675756,11277473676591,835
11277473919614,11277473920296,682
11277474168044,11277474168869,825
11277474408623,11277474409350,727
11277474650944,11277474651748,804
11277474893256,11277474893957,701
11277475134015,11277475134902,887
11277475377328,11277475377996,668
11277475630641,11277475631494,853
11277475874076,11277475874751,675
11277476116048,11277476116869,821
11277476365507,11277476366180,673
11277476607931,11277476608761,830
11277476850550,11277476851244,694
11277477095983,11277477096842,859
11277477337354,11277477338027,673
11277477581631,11277477582489,858
11277477824416,11277477825113,697
11277478083164,11277478084171,1007
11277478386222,11277478386876,654
11277478630184,11277478630997,813
11277478851858,11277478852459,601
11277479119953,11277479120799,846
11277479363022,11277479363665,643
11277479607574,11277479608351,777
11277479850672,11277479851391,719
11277480101836,11277480102646,810
11277480343321,11277480344037,716
11277480586244,11277480587050,806
11277480831999,11277480832702,703
11277481074183,11277481074982,799
11277481314421,11277481315053,632
11277481556788,11277481557585,797
11277481798694,11277481799384,690
11277482042171,11277482043023,852
11277482291385,11277482292043,658
11277482534797,11277482535595,798
11277482777689,11277482778415,726
11277483018112,11277483018927,815
11277483259323,11277483260026,703
11277483501694,11277483502520,826
11277483743075,11277483743739,664
11277483982723,11277483983532,809
11277484234716,11277484235386,670
11277484478377,11277484479245,868
11277484719664,11277484720369,705
11277484962851,11277484963678,827
11277485224156,11277485224840,684
11277485469937,11277485470798,861
11277485723403,11277485724073,670
11277485968509,11277485969360,851
11277486208425,11277486209110,685
11277486453926,11277486454772,846
11277486693699,11277486694394,695
11277486935267,11277486936119,852
11277487178109,11277487178786,677
11277487420964,11277487421809,845
11277487661845,11277487662508,663
11277487904528,11277487905333,805
11277488143332,11277488143983,651
11277488387344,11277488388202,858
11277488630304,11277488630988,684
11277488878872,11277488880050,1178
11277489128174,11277489128912,738
11277489371925,11277489372749,824
11277489617175,11277489617851,676
11277489858392,11277489859239,847
11277490100737,11277490101397,660
11277490341341,11277490342163,822
11277490622771,11277490623491,720
11277490868093,11277490868967,874
11277491108301,11277491109020,719
11277491350143,11277491350982,839
11277491591076,11277491591737,661
11277491859423,11277491860257,834
11277492104825,11277492105521,696
11277492352252,11277492353122,870
11277492611395,11277492612110,715
11277492853501,11277492854366,865
11277493094386,11277493095092,706
11277493339240,11277493340111,871
11277493581082,11277493581759,677
11277493822679,11277493823458,779
11277494063077,11277494063802,725
11277494303825,11277494304654,829
11277494545677,11277494546365,688
11277494817907,11277494818924,1017
11277495070322,11277495070994,672
11277495318853,11277495319679,826
11277495572827,11277495573477,650
11277495822125,11277495822911,786
11277496066193,11277496066913,720
11277496317866,11277496318699,833
11277496557524,11277496558232,708
11277496801806,11277496802631,825
11277497045926,11277497046625,699
11277497292386,11277497293243,857
11277497537104,11277497537753,649
11277497781523,11277497782343,820
11277498022547,11277498023205,658
11277498262664,11277498263525,861
11277498503611,11277498504310,699
11277498743122,11277498743992,870
11277498993075,11277498993800,725
11277499236972,11277499237831,859
11277499480424,11277499481082,658
11277499727135,11277499728003,868
11277499968982,11277499969678,696
11277500212999,11277500213871,872
11277500484133,11277500484788,655
11277500727177,11277500728011,834
11277500966816,11277500967493,677
11277501217461,11277501218298,837
11277501478322,11277501478964,642
11277501699565,11277501700374,809
11277501918140,11277501918760,620
11277502141995,11277502142778,783
11277502442265,11277502442910,645
11277502666364,11277502667145,781
11277502887224,11277502887834,610
11277503109626,11277503110365,739
11277503332082,11277503332683,601
11277503551270,11277503552041,771
11277503771136,11277503771757,621
11277503993544,11277503994319,775
11277504215000,11277504215639,639
11277504436402,11277504437156,754
11277504656930,11277504657545,615
11277504878181,11277504878918,737
11277505097249,11277505097836,587
11277505320380,11277505321129,749
11277505549005,11277505549614,609
11277505850950,11277505851688,738
11277506074411,11277506074990,579
11277506300442,11277506301187,745
11277506521955,11277506522554,599
11277506745998,11277506746687,689
11277506964825,11277506965418,593
11277507189539,11277507190289,750
11277507410629,11277507411233,604
11277507631211,11277507631910,699
11277507852758,11277507853372,614
11277508074692,11277508075451,759
11277508295592,11277508296178,586
11277508516893,11277508517643,750
11277508735864,11277508736477,613
11277509040926,11277509041696,770
11277509320200,11277509320888,688
11277509584519,11277509585251,732
11277509807321,11277509807941,620
11277510031499,11277510032259,760
11277510253147,11277510253798,651
11277510477886,11277510478640,754
11277510742112,11277510742779,667
11277511011268,11277511012034,766
11277511230448,11277511231065,617
11277511453930,11277511454728,798
11277511675216,11277511675824,608
11277511895174,11277511895954,780
11277512114893,11277512115501,608
11277512425524,11277512426339,815
11277512652137,11277512652764,627
11277512876554,11277512877329,775
11277513098099,11277513098707,608
11277513322220,11277513322963,743
11277513545226,11277513545847,621
11277513766394,11277513767139,745
11277513988583,11277513989207,624
11277514210480,11277514211241,761
11277514427896,11277514428505,609
11277514656988,11277514657706,718
11277514996129,11277514996809,680
11277515333233,11277515334139,906
11277515594903,11277515595597,694
11277515851460,11277515852456,996
11277516099206,11277516099905,699
11277516347621,11277516348441,820
11277516595263,11277516595897,634
11277516838498,11277516839300,802
11277517084562,11277517085212,650
11277517331239,11277517332050,811
11277517572762,11277517573440,678
11277517816005,11277517816824,819
11277518059563,11277518060248,685
11277518301777,11277518302611,834
11277518556410,11277518557107,697
11277518798039,11277518798878,839
11277519048352,11277519049023,671
11277519298438,11277519299227,789
11277519538594,11277519539261,667
11277519780448,11277519781250,802
11277520021503,11277520022191,688
11277520272329,11277520273147,818
11277520513829,11277520514507,678
11277520757916,11277520758738,822
11277520998287,11277520998938,651
11277521243418,11277521244241,823
11277521486750,11277521487449,699
11277521730093,11277521730947,854
11277521971160,11277521971823,663
11277522221962,11277522222806,844
11277522471663,11277522472328,665
11277522717065,11277522717911,846
11277522960478,11277522961137,659
11277523213142,11277523213953,811
11277523458341,11277523459036,695
11277523698356,11277523699210,854
11277523940613,11277523941286,673
11277524187202,11277524188078,876
11277524444886,11277524445562,676
11277524688199,11277524689054,855
11277524931599,11277524932289,690
11277525174319,11277525175162,843
11277525415466,11277525416143,677
11277525671135,11277525671955,820
11277525919102,11277525919764,662
11277526168277,11277526169087,810
11277526412568,11277526413246,678
11277526659354,11277526660188,834
11277526913440,11277526914099,659
11277527161737,11277527162576,839
11277527403143,11277527403792,649
11277527646233,11277527646987,754
11277527889892,11277527890554,662
11277528133200,11277528134041,841
11277528372511,11277528373163,652
11277528615662,11277528616490,828
11277528856113,11277528856801,688
11277529112271,11277529113099,828
11277529356747,11277529357413,666
11277529603758,11277529604553,795
11277529845863,11277529846543,680
11277530092899,11277530093685,786
11277530337030,11277530337675,645
11277530584738,11277530585556,818
11277530828671,11277530829324,653
11277531074482,11277531075292,810
11277531326348,11277531327025,677
11277531566634,11277531567450,816
11277531809619,11277531810313,694
11277532053401,11277532054278,877
11277532312203,11277532312895,692
11277532568453,11277532569320,867
11277532814156,11277532814821,665
11277533060726,11277533061593,867
11277533302530,11277533303207,677
11277533548453,11277533549341,888
11277533791688,11277533792414,726
11277534034124,11277534034972,848
11277534288556,11277534289252,696
11277534533015,11277534533914,899
11277534774750,11277534775482,732
11277535021616,11277535022478,862
11277535265474,11277535266193,719
11277535507200,11277535508036,836
11277535761840,11277535762534,694
11277536008614,11277536009488,874
11277536252610,11277536253282,672
11277536499292,11277536500155,863
11277536745175,11277536745864,689
11277536988138,11277536988996,858
11277537240367,11277537240991,624
11277537462292,11277537463060,768
11277537687277,11277537687913,636
11277537907626,11277537908387,761
11277538128523,11277538129112,589
11277538355055,11277538355814,759
11277538577014,11277538577641,627
11277538799551,11277538800285,734
11277539108440,11277539109091,651
11277539334648,11277539335445,797
11277539555947,11277539556586,639
11277539781080,11277539781861,781
11277540000411,11277540001048,637
11277540222432,11277540223160,728
11277540443154,11277540443750,596
11277540666345,11277540667124,779
11277540889070,11277540889675,605
11277541111456,11277541112200,744
11277541331875,11277541332484,609
11277541552720,11277541553471,751
11277541776309,11277541776926,617
11277541996403,11277541997162,759
11277542226789,11277542227408,619
11277542452535,11277542453329,794
11277542677189,11277542677780,591
11277542900855,11277542901634,779
11277543124203,11277543124837,634
11277543346363,11277543347136,773
11277543568657,11277543569270,613
11277543791348,11277543792145,797
11277544089202,11277544089821,619
11277544315444,11277544316212,768
11277544536461,11277544537097,636
11277544759641,11277544760395,754
11277544984839,11277544985450,611
11277545207134,11277545207937,803
11277545427862,11277545428457,595
11277545659732,11277545660532,800
11277545885860,11277545886483,623
11277546109965,11277546110725,760
11277546331754,11277546332348,594
11277546556281,11277546557023,742
11277546781971,11277546782570,599
11277547004010,11277547004772,762
11277547225676,11277547226284,608
11277547447844,11277547448613,769
11277547668228,11277547668822,594
11277547892583,11277547893321,738
11277548113073,11277548113666,593
11277548335939,11277548336723,784
11277548557526,11277548558147,621
11277548782866,11277548783615,749
11277549012238,11277549012889,651
11277549311591,11277549312364,773
11277549533545,11277549534138,593
11277549756855,11277549757664,809
11277549981047,11277549981682,635
11277550203192,11277550203970,778
11277550425545,11277550426184,639
11277550647123,11277550647873,750
11277550867232,11277550867853,621
11277551091364,11277551092137,773
11277551312496,11277551313114,618
11277551534106,11277551534858,752
11277551756622,11277551757255,633
11277551979921,11277551980674,753
11277552202722,11277552203370,648
11277552461392,11277552462168,776
11277552690390,11277552690997,607
11277552928571,11277552929341,770
11277553158871,11277553159496,625
11277553387768,11277553388557,789
11277553615527,11277553616188,661
11277553844405,11277553845181,776
11277554071488,11277554072120,632
11277554382188,11277554383003,815
11277554607790,11277554608453,663
11277554834915,11277554835705,790
11277555065986,11277555066597,611
11277555292772,11277555293540,768
11277555516731,11277555517352,621
11277555753577,11277555754370,793
11277555988926,11277555989537,611
11277556217127,11277556217900,773
11277556446910,11277556447526,616
11277556676270,11277556677061,791
11277556978932,11277556979572,640
11277557209183,11277557209975,792
11277557435814,11277557436441,627
11277557661971,11277557662752,781
11277557890170,11277557890792,622
11277558115434,11277558116243,809
11277558342914,11277558343544,630
11277558573015,11277558573813,798
11277558797240,11277558797877,637
11277559033107,11277559033902,795
11277559365301,11277559365959,658
11277559598190,11277559598971,781
11277559828942,11277559829568,626
11277560057823,11277560058663,840
11277560284588,11277560285213,625
11277560518657,11277560519446,789
11277560744852,11277560745491,639
11277560973819,11277560974571,752
11277561224181,11277561224796,615
11277561454252,11277561455035,783
11277561681894,11277561682485,591
11277561908532,11277561909261,729
11277562136125,11277562136746,621
11277562437031,11277562437843,812
11277562665742,11277562666378,636
11277562892418,11277562893231,813
11277563120783,11277563121437,654
11277563349591,11277563350375,784
11277563576873,11277563577575,702
11277563804854,11277563805645,791
11277564031380,11277564032038,658
11277564294920,11277564295860,940
11277564570502,11277564571154,652
11277564796720,11277564797478,758
11277565023434,11277565024043,609
11277565253406,11277565254168,762
11277565499625,11277565500226,601
11277565801674,11277565802450,776
11277566022596,11277566023238,642
11277566247001,11277566247753,752
11277566492912,11277566493566,654
11277566719464,11277566720265,801
11277566944051,11277566944741,690
11277567171340,11277567172153,813
11277567397338,11277567397980,642
11277567626917,11277567627709,792
11277567851008,11277567851684,676
11277568081118,11277568081893,775
11277568305795,11277568306421,626
11277568532492,11277568533287,795
11277568758158,11277568758789,631
11277569060859,11277569061616,757
11277569289449,11277569290080,631
11277569515710,11277569516475,765
11277569739137,11277569739786,649
11277569966855,11277569967615,760
11277570190191,11277570190815,624
11277570418047,11277570418820,773
11277570647551,11277570648159,608
11277570875339,11277570876103,764
11277571102102,11277571102721,619
11277571333435,11277571334204,769
11277571557297,11277571557920,623
11277571783411,11277571784151,740
11277572007655,11277572008266,611
11277572281480,11277572282319,839
11277572546258,11277572546871,613
11277572774242,11277572775035,793
11277572998398,11277572999041,643
11277573226052,11277573226822,770
11277573453626,11277573454246,620
11277573680669,11277573681425,756
11277573905695,11277573906335,640
11277574210592,11277574211359,767
11277574434757,11277574435374,617
11277574665159,11277574665905,746
11277574892588,11277574893211,623
11277575119534,11277575120287,753
11277575345310,11277575345975,665
11277575624015,11277575624866,851
11277575886532,11277575887167,635
11277576114579,11277576115363,784
11277576340249,11277576340875,626
11277576569363,11277576570122,759
11277576799135,11277576799765,630
11277577024754,11277577025538,784
11277577249901,11277577250571,670
11277577478032,11277577478812,780
11277577705054,11277577705723,669
11277577933695,11277577934479,784
11277578159487,11277578160144,657
11277578387735,11277578388539,804
11277578614878,11277578615535,657
11277578842952,11277578843743,791
11277579159622,11277579160289,667
11277579412234,11277579412981,747
11277579632469,11277579633127,658
11277579857889,11277579858689,800
11277580124360,11277580125047,687
11277580368271,11277580369135,864
11277580610592,11277580611266,674
11277580856821,11277580857642,821
11277581100069,11277581100761,692
11277581346414,11277581347276,862
11277581587986,11277581588631,645
11277581829062,11277581829916,854
11277582071686,11277582072373,687
11277582358403,11277582359143,740
11277582583134,11277582583762,628
11277582806321,11277582807060,739
11277583028874,11277583029471,597
11277583253457,11277583254192,735
11277583475034,11277583475645,611
11277583696793,11277583697548,755
11277583917598,11277583918195,597
11277584141795,11277584142569,774
11277584363877,11277584364475,598
11277584586247,11277584587033,786
11277584804545,11277584805165,620
11277585028572,11277585029354,782
11277585249075,11277585249698,623
11277585469806,11277585470537,731
11277585746425,11277585747086,661
11277585993107,11277585993980,873
11277586236545,11277586237234,689
11277586479718,11277586480548,830
11277586721371,11277586722021,650
11277586989596,11277586990346,750
11277587211119,11277587211738,619
11277587507834,11277587508580,746
11277587727680,11277587728279,599
11277587951255,11277587952030,775
11277588172757,11277588173359,602
11277588393458,11277588394193,735
11277588616056,11277588616650,594
11277588839405,11277588840147,742
11277589145813,11277589146427,614
11277589369651,11277589370405,754
11277589591720,11277589592335,615
11277589812085,11277589812822,737
11277590033599,11277590034221,622
11277590253775,11277590254544,769
11277590475971,11277590476601,630
11277590698635,11277590699392,757
11277590918270,11277590918945,675
11277591144862,11277591145605,743
11277591366275,11277591366877,602
11277591588066,11277591588836,770
11277591809249,11277591809879,630
11277592030610,11277592031389,779
11277592300829,11277592301548,719
11277592594300,11277592595115,815
11277592820842,11277592821482,640
11277593049575,11277593050364,789
11277593274121,11277593274756,635
11277593503875,11277593504642,767
11277593729122,11277593729769,647
11277593961658,11277593962485,827
11277594186089,11277594186710,621
11277594415049,11277594415841,792
11277594641452,11277594642088,636
11277594866280,11277594867025,745
11277595094483,11277595095111,628
11277595322050,11277595322837,787
11277595553449,11277595554119,670
11277595852992,11277595853788,796
11277596125233,11277596125958,725
11277596389084,11277596389897,813
11277596619514,11277596620180,666
11277596849238,11277596850062,824
11277597077156,11277597077829,673
11277597305511,11277597306279,768
11277597608118,11277597608739,621
11277597836299,11277597837082,783
11277598063660,11277598064329,669
11277598293859,11277598294633,774
11277598520074,11277598520718,644
11277598751237,11277598752002,765
11277598984520,11277598985171,651
11277599214313,11277599215106,793
11277599441671,11277599442336,665
11277599673270,11277599674051,781
11277599904695,11277599905371,676
11277600134812,11277600135550,738
11277600360291,11277600360951,660
11277600588385,11277600589189,804
11277600817926,11277600818556,630
11277601045232,11277601046042,810
11277601271541,11277601272200,659
11277601499331,11277601500130,799
11277601727891,11277601728545,654
11277601955689,11277601956499,810
11277602182054,11277602182721,667
11277602487930,11277602488685,755
11277602719501,11277602720161,660
11277602950656,11277602951440,784
11277603179775,11277603180408,633
11277603409030,11277603409811,781
11277603638265,11277603638886,621
11277603868948,11277603869740,792
11277604096928,11277604097539,611
11277604324205,11277604324951,746
11277604552076,11277604552722,646
11277604780685,11277604781426,741
11277605009701,11277605010346,645
11277605238392,11277605239145,753
11277605468477,11277605469132,655
11277605751292,11277605752119,827
11277605984065,11277605984715,650
11277606214144,11277606214963,819
11277606443288,11277606443972,684
11277606673534,11277606674290,756
11277606900722,11277606901350,628
11277607210012,11277607210761,749
11277607442593,11277607443195,602
11277607749473,11277607750238,765
11277607976977,11277607977592,615
11277608205202,11277608205966,764
11277608434534,11277608435172,638
11277608661541,11277608662318,777
11277608894127,11277608894732,605
11277609125271,11277609126044,773
11277609355911,11277609356563,652
11277609583301,11277609584050,749
11277609811637,11277609812270,633
11277610040673,11277610041436,763
11277610272194,11277610272831,637
11277610501604,11277610502410,806
11277610731407,11277610732072,665
11277610958663,11277610959456,793
11277611187520,11277611188164,644
11277611415313,11277611416097,784
11277611640938,11277611641569,631
11277611869356,11277611870130,774
11277612093472,11277612094105,633
11277612330409,11277612331220,811
11277612636832,11277612637483,651
11277612873700,11277612874530,830
11277613101436,11277613102064,628
11277613334050,11277613334839,789
11277613561225,11277613561877,652
11277613790006,11277613790791,785
11277614017252,11277614017899,647
11277614243820,11277614244623,803
11277614473889,11277614474518,629
11277614703959,11277614704737,778
11277614932560,11277614933209,649
11277615162068,11277615162865,797
11277615390005,11277615390656,651
11277615622553,11277615623346,793
11277615852632,11277615853244,612
11277616081539,11277616082323,784
11277616307541,11277616308162,621
11277616540697,11277616541503,806
11277616769776,11277616770429,653
11277616998207,11277616998976,769
11277617225262,11277617225901,639
11277617455173,11277617455970,797
11277617724797,11277617725475,678
11277617999872,11277618000640,768
11277618225219,11277618225860,641
11277618453672,11277618454398,726
11277618684029,11277618684666,637
11277618920067,11277618920822,755
11277619148558,11277619149209,651
11277619424742,11277619425619,877
11277619671368,11277619672027,659
11277619915479,11277619916284,805
11277620157873,11277620158543,670
11277620401245,11277620402059,814
11277620644099,11277620644746,647
11277620889616,11277620890432,816
11277621141928,11277621142637,709
11277621388460,11277621389314,854
11277621629208,11277621629925,717
11277621874969,11277621875796,827
11277622118603,11277622119232,629
11277622368336,11277622369148,812
11277622626136,11277622626845,709
11277622881973,11277622882810,837
11277623138405,11277623139087,682
11277623387865,11277623388726,861
11277623632656,11277623633323,667
11277623876531,11277623877378,847
11277624120094,11277624120801,707
11277624369422,11277624370270,848
11277624612110,11277624612818,708
11277624856112,11277624856983,871
11277625097959,11277625098664,705
11277625345590,11277625346430,840
11277625601888,11277625602546,658
11277625848764,11277625849603,839
11277626091512,11277626092195,683
11277626358495,11277626359323,828
11277626619826,11277626620475,649
11277626867002,11277626867784,782
11277627108841,11277627109529,688
11277627353454,11277627354274,820
11277627632881,11277627633560,679
11277627876020,11277627876877,857
11277628118851,11277628119514,663
11277628366600,11277628367407,807
11277628612404,11277628613088,684
11277628854930,11277628855722,792
11277629104962,11277629105635,673
11277629350111,11277629350973,862
11277629598066,11277629598762,696
11277629840655,11277629841495,840
11277630086380,11277630087058,678
11277630332343,11277630333153,810
11277630577038,11277630577719,681
11277630822383,11277630823219,836
11277631062320,11277631063013,693
11277631305735,11277631306623,888
11277631548008,11277631548666,658
11277631805022,11277631805866,844
11277632067263,11277632067948,685
11277632321177,11277632322017,840
11277632564661,11277632565274,613
11277632809112,11277632809941,829
11277633054102,11277633054755,653
11277633317428,11277633318286,858
11277633563182,11277633563819,637
11277633808713,11277633809524,811
11277634081927,11277634082623,696
11277634330082,11277634330930,848
11277634587921,11277634588611,690
11277634831808,11277634832633,825
11277635075041,11277635075678,637
11277635332947,11277635333767,820
11277635584915,11277635585607,692
11277635831750,11277635832596,846
11277636071367,11277636072024,657
11277636320157,11277636320983,826
11277636562889,11277636563534,645
11277636805766,11277636806583,817
11277637052514,11277637053189,675
11277637317668,11277637318499,831
11277637558662,11277637559349,687
11277637801206,11277637802035,829
11277638041175,11277638041861,686
11277638284845,11277638286664,1819
11277638524701,11277638525370,669
11277638765025,11277638765825,800
11277639016569,11277639018268,1699
11277639285002,11277639285849,847
11277639531071,11277639531745,674
11277639774959,11277639775793,834
11277640019563,11277640020216,653
11277640268664,11277640269495,831
11277640509950,11277640510623,673
11277640753860,11277640754657,797
11277640995003,11277640995633,630
11277641238110,11277641238946,836
11277641478056,11277641478700,644
11277641718357,11277641719143,786
11277641958318,11277641958997,679
11277642204999,11277642210042,5043
11277642453568,11277642454253,685
11277642697648,11277642698500,852
11277642941408,11277642942103,695
11277643184632,11277643185456,824
11277643428747,11277643429439,692
11277643673290,11277643674113,823
11277643917403,11277643918088,685
11277644160665,11277644161502,837
11277644403039,11277644403702,663
11277644645056,11277644645891,835
11277644886333,11277644887032,699
11277645128741,11277645129569,828
11277645367133,11277645367829,696
11277645618994,11277645619876,882
11277645863838,11277645864525,687
11277646109172,11277646110024,852
11277646356397,11277646357118,721
11277646604990,11277646605856,866
11277646845740,11277646846438,698
11277647090737,11277647091555,818
11277647335884,11277647336597,713
11277647579397,11277647580228,831
11277647821448,11277647822131,683
11277648063642,11277648064497,855
11277648306527,11277648307249,722
11277648548133,11277648548948,815
11277648790609,11277648791310,701
11277649039010,11277649039873,863
11277649300078,11277649300779,701
11277649540583,11277649541421,838
11277649783283,11277649784008,725
11277650028071,11277650028920,849
11277650273625,11277650274353,728
11277650514126,11277650514966,840
11277650755971,11277650756703,732
11277651000059,11277651000914,855
11277651250655,11277651251368,713
11277651496796,11277651497633,837
11277651735754,11277651736431,677
11277651978118,11277651978979,861
11277652229422,11277652230103,681
11277652475075,11277652475968,893
11277652718620,11277652719295,675
11277652963670,11277652964515,845
11277653204608,11277653205314,706
11277653447625,11277653448500,875
11277653691319,11277653692017,698
11277653933611,11277653934468,857
11277654174289,11277654175001,712
11277654424661,11277654425475,814
11277654665357,11277654666048,691
11277654909050,11277654909842,792
11277655149016,11277655149733,717
11277655390889,11277655391777,888
11277655640116,11277655640801,685
11277655883605,11277655884492,887
11277656127899,11277656128626,727
11277656375429,11277656376257,828
11277656617268,11277656617946,678
11277656860279,11277656861157,878
11277657102637,11277657103351,714
11277657346765,11277657347620,855
11277657589263,11277657589973,710
11277657834157,11277657835000,843
11277658075867,11277658076538,671
11277658317393,11277658318245,852
11277658556080,11277658556782,702
11277658800138,11277658800964,826
11277659054611,11277659055363,752
11277659296980,11277659297783,803
11277659539069,11277659539706,637
11277659785354,11277659786180,826
11277660027235,11277660027892,657
11277660270199,11277660271056,857
11277660510743,11277660511415,672
11277660755939,11277660756779,840
11277660996085,11277660996756,671
11277661238651,11277661239473,822
11277661484650,11277661485348,698
11277661727206,11277661728027,821
11277661967362,11277661968043,681
11277662215855,11277662216675,820
11277662459473,11277662460164,691
11277662708055,11277662708911,856
11277662954020,11277662954728,708
11277663197328,11277663198167,839
11277663443615,11277663444330,715
11277663692341,11277663693186,845
11277663935230,11277663935890,660
11277664177921,11277664178766,845
11277664421647,11277664422353,706
11277664664230,11277664665069,839
11277664906182,11277664906859,677
11277665151799,11277665152613,814
11277665392663,11277665393342,679
11277665641609,11277665642433,824
11277665884687,11277665885374,687
11277666131194,11277666132039,845
11277666390312,11277666391020,708
11277666635194,11277666636046,852
11277666877551,11277666878232,681
11277667122143,11277667122983,840
11277667364105,11277667364833,728
11277667608391,11277667609248,857
11277667850256,11277667850944,688
11277668090687,11277668091528,841
11277668338362,11277668339045,683
11277668579753,11277668580579,826
11277668822099,11277668822783,684
11277669068813,11277669069652,839
11277669314523,11277669315238,715
11277669554845,11277669555671,826
11277669793945,11277669794637,692
11277670034886,11277670035740,854
11277670293829,11277670294497,668
11277670538369,11277670539230,861
11277670777016,11277670777678,662
11277671017847,11277671018670,823
11277671263116,11277671263790,674
11277671512044,11277671512876,832
11277671751773,11277671752469,696
11277671996268,11277671997130,862
11277672250116,11277672250813,697
11277672495668,11277672496555,887
11277672737955,11277672738673,718
11277672982559,11277672983415,856
11277673225065,11277673225753,688
11277673469187,11277673470011,824
11277673709980,11277673710681,701
11277673954517,11277673955375,858
11277674197180,11277674197853,673
11277674438585,11277674439425,840
11277674679325,11277674679984,659
11277674927459,11277674928298,839
11277675171802,11277675172476,674
11277675411915,11277675412769,854
11277675659277,11277675659969,692
11277675901787,11277675902600,813
11277676144332,11277676145006,674
11277676385751,11277676386568,817
11277676626817,11277676627469,652
11277676869043,11277676869888,845
11277677115000,11277677115666,666
11277677356766,11277677357604,838
11277677611197,11277677611860,663
11277677855310,11277677856153,843
11277678095168,11277678095848,680
11277678340221,11277678341011,790
11277678582268,11277678582958,690
11277678824240,11277678825062,822
11277679071758,11277679072447,689
11277679317582,11277679318418,836
11277679562114,11277679562848,734
11277679805735,11277679806609,874
11277680048395,11277680049098,703
11277680292896,11277680293740,844
11277680533271,11277680533974,703
11277680773516,11277680774353,837
11277681013840,11277681014531,691
11277681257657,11277681258528,871
11277681498960,11277681499693,733
11277681738854,11277681739720,866
11277681980403,11277681981085,682
11277682233860,11277682234718,858
11277682476929,11277682477618,689
11277682720520,11277682721353,833
11277682963339,11277682964020,681
11277683202210,11277683203054,844
11277683444964,11277683445653,689
11277683693335,11277683694152,817
11277683935623,11277683936357,734
11277684177132,11277684177932,800
11277684418410,11277684419076,666
11277684662211,11277684663055,844
11277684906114,11277684906794,680
11277685149396,11277685150203,807
11277685389632,11277685390374,742
11277685641748,11277685642599,851
11277685885988,11277685886676,688
11277686136563,11277686137423,860
11277686383159,11277686383864,705
11277686626451,11277686627283,832
11277686872259,11277686872960,701
11277687114692,11277687115479,787
11277687354053,11277687354762,709
11277687596323,11277687597162,839
11277687835937,11277687836611,674
11277688084449,11277688085286,837
11277688330966,11277688331655,689
11277688571459,11277688572283,824
11277688813829,11277688814500,671
11277689066247,11277689067087,840
11277689308596,11277689309319,723
11277689549313,11277689550157,844
11277689793190,11277689793875,685
11277690037294,11277690038088,794
11277690280892,11277690281576,684
11277690523032,11277690523880,848
11277690763613,11277690764424,811
11277691004826,11277691005637,811
11277691248635,11277691249347,712
11277691489285,11277691490132,847
11277691729876,11277691730561,685
11277691972938,11277691973753,815
11277692218529,11277692219189,660
11277692465323,11277692466176,853
11277692709292,11277692709980,688
11277692953346,11277692954179,833
11277693196388,11277693197080,692
11277693443165,11277693444019,854
11277693687706,11277693688359,653
11277693931898,11277693932749,851
11277694174574,11277694175259,685
11277694418935,11277694419761,826
11277694662612,11277694663319,707
11277694903938,11277694904762,824
11277695143445,11277695144108,663
11277695387078,11277695387896,818
11277695637525,11277695638183,658
11277695881279,11277695882119,840
11277696126139,11277696126795,656
11277696370347,11277696371145,798
11277696617112,11277696617764,652
11277696860656,11277696861489,833
11277697101887,11277697102543,656
11277697343598,11277697344436,838
11277697585733,11277697586402,669
11277697873139,11277697873963,824
11277698118185,11277698118887,702
11277698367181,11277698368010,829
11277698608380,11277698609046,666
11277698854251,11277698855077,826
11277699109222,11277699109907,685
11277699354503,11277699355353,850
11277699621110,11277699621792,682
11277699867746,11277699868582,836
11277700113652,11277700114311,659
11277700364456,11277700365306,850
11277700606814,11277700607455,641
11277700848603,11277700849457,854
11277701090918,11277701091576,658
11277701334536,11277701335342,806
11277701577019,11277701577680,661
11277701821590,11277701822434,844
11277702062163,11277702062821,658
11277702350185,11277702351017,832
11277702598188,11277702598852,664
11277702842459,11277702846144,3685
11277703088420,11277703089085,665
11277703349262,11277703350117,855
11277703593031,11277703593743,712
11277703836251,11277703837098,847
11277704077232,11277704077881,649
11277704320330,11277704321177,847
11277704562454,11277704563166,712
11277704802001,11277704802823,822
11277705044586,11277705045266,680
11277705288368,11277705289181,813
11277705527648,11277705528343,695
11277705781333,11277705782185,852
11277706027916,11277706028575,659
11277706274822,11277706275689,867
11277706516849,11277706517546,697
11277706761645,11277706762513,868
11277707002939,11277707003614,675
11277707247978,11277707248777,799
11277707497932,11277707498573,641
11277707739353,11277707740133,780
11277707979259,11277707979920,661
11277708225838,11277708226677,839
11277708467409,11277708468075,666
11277708708070,11277708708896,826
11277708957650,11277708958330,680
11277709205233,11277709206030,797
11277709457513,11277709458209,696
11277709705950,11277709706803,853
11277709950847,11277709951552,705
11277710195035,11277710195855,820
11277710440738,11277710441454,716
11277710683149,11277710683946,797
11277710922110,11277710922794,684
11277711165077,11277711165894,817
11277711418954,11277711419644,690
11277711662776,11277711663609,833
11277711902667,11277711903368,701
11277712145806,11277712146645,839
11277712401424,11277712402097,673
11277712656221,11277712657103,882
11277712896765,11277712897456,691
11277713149890,11277713150766,876
11277713391008,11277713391694,686
11277713634268,11277713635132,864
11277713876033,11277713876735,702
11277714118690,11277714119555,865
11277714357126,11277714357818,692
11277714599504,11277714600331,827
11277714841912,11277714842552,640
11277715086352,11277715087159,807
11277715332828,11277715333483,655
11277715581393,11277715582210,817
11277715826000,11277715826691,691
11277716070801,11277716071679,878
11277716333900,11277716334603,703
11277716577154,11277716577993,839
11277716822011,11277716822757,746
11277717067016,11277717067866,850
11277717305632,11277717306334,702
11277717548464,11277717549288,824
11277717788890,11277717789598,708
11277718032842,11277718033678,836
11277718274695,11277718275375,680
11277718518215,11277718519039,824
11277718760710,11277718761407,697
11277719012414,11277719013269,855
11277719254249,11277719254921,672
11277719499165,11277719500046,881
11277719741267,11277719741977,710
11277719984438,11277719985276,838
11277720230697,11277720231358,661
11277720474329,11277720475161,832
11277720712478,11277720713121,643
11277720956068,11277720956916,848
11277721198215,11277721198926,711
11277721440703,11277721441524,821
11277721680949,11277721681645,696
11277721925072,11277721925904,832
11277722166752,11277722167428,676
11277722415710,11277722416540,830
11277722656356,11277722657025,669
11277722899577,11277722900388,811
11277723142225,11277723142889,664
11277723383310,11277723384144,834
11277723624704,11277723625354,650
11277723868458,11277723869294,836
11277724107129,11277724107827,698
11277724348884,11277724349722,838
11277724591418,11277724592127,709
11277724832540,11277724833386,846
11277725073997,11277725074691,694
11277725316020,11277725316865,845
11277725564714,11277725565369,655
11277725811209,11277725812112,903
11277726052420,11277726053142,722
11277726296093,11277726296906,813
11277726537866,11277726538603,737
11277726784181,11277726785030,849
11277727023793,11277727024498,705
11277727266933,11277727267744,811
11277727507663,11277727508356,693
11277727752645,11277727753455,810
11277727993277,11277727993967,690
11277728236618,11277728237486,868
11277728478986,11277728479669,683
11277728722201,11277728723047,846
11277728972909,11277728973580,671
11277729217232,11277729218058,826
11277729460802,11277729461483,681
11277729704557,11277729705418,861
11277729950077,11277729950805,728
11277730194797,11277730195618,821
11277730440548,11277730441192,644
11277730683776,11277730684593,817
11277730926181,11277730926821,640
11277731170682,11277731171492,810
11277731411018,11277731411663,645
11277731655114,11277731655954,840
11277731898456,11277731899104,648
11277732158953,11277732159791,838
11277732406255,11277732406912,657
11277732651311,11277732652103,792
11277732891897,11277732892556,659
11277733136698,11277733137523,825
11277733380519,11277733381177,658
11277733624286,11277733625110,824
11277733866329,11277733867010,681
11277734108257,11277734109107,850
11277734350272,11277734350921,649
11277734592827,11277734593649,822
11277734832521,11277734833205,684
11277735075087,11277735075941,854
11277735316631,11277735317300,669
11277735570235,11277735571060,825
11277735817373,11277735818045,672
11277736060973,11277736061807,834
11277736304346,11277736305035,689
11277736552869,11277736553762,893
11277736795756,11277736796448,692
11277737042240,11277737043092,852
11277737286767,11277737287425,658
11277737530609,11277737531385,776
11277737769683,11277737770343,660
11277738011683,11277738012503,820
11277738254102,11277738254756,654
11277738493814,11277738494621,807
11277738737773,11277738738411,638
11277738987057,11277738987874,817
11277739240779,11277739241462,683
11277739486497,11277739487305,808
11277739730521,11277739731214,693
11277739975058,11277739975898,840
11277740225254,11277740225955,701
11277740471499,11277740472338,839
11277740712906,11277740713567,661
11277740960040,11277740960847,807
11277741199802,11277741200451,649
11277741441471,11277741442258,787
11277741683602,11277741684230,628
11277741927813,11277741928630,817
11277742171259,11277742171945,686
11277742419051,11277742419885,834
11277742661871,11277742662535,664
11277742903467,11277742904274,807
11277743148110,11277743148718,608
11277743392206,11277743392992,786
11277743635919,11277743636574,655
11277743876871,11277743877682,811
11277744118812,11277744119485,673
11277744363543,11277744364351,808
11277744604493,11277744605143,650
11277744844284,11277744845106,822
11277745089142,11277745089793,651
11277745330499,11277745331317,818
11277745581846,11277745582511,665
11277745830526,11277745831352,826
11277746074606,11277746075282,676
11277746321925,11277746322729,804
11277746564864,11277746565521,657
11277746809138,11277746809965,827
11277747053284,11277747053945,661
11277747304408,11277747305195,787
11277747543650,11277747544311,661
11277747787391,11277747788175,784
11277748031258,11277748031901,643
11277748275411,11277748276195,784
11277748519093,11277748519744,651
11277748762581,11277748763417,836
11277749013317,11277749013991,674
11277749257187,11277749258008,821
11277749504360,11277749505017,657
11277749748516,11277749749350,834
11277749993363,11277749994051,688
11277750236234,11277750237075,841
11277750479010,11277750479675,665
11277750724318,11277750725157,839
11277750965880,11277750966530,650
11277751208263,11277751209067,804
11277751451811,11277751452490,679
11277751695458,11277751696276,818
11277751939170,11277751939877,707
11277752181818,11277752182643,825
11277752433229,11277752433891,662
11277752679054,11277752679866,812
11277752922281,11277752922969,688
11277753166210,11277753167055,845
11277753409816,11277753410517,701
11277753656321,11277753657145,824
11277753902292,11277753902982,690
11277754146256,11277754147109,853
11277754387536,11277754388238,702
11277754630421,11277754631251,830
11277754871914,11277754872582,668
11277755119140,11277755119988,848
11277755361269,11277755361967,698
11277755652240,11277755653095,855
11277755911676,11277755912378,702
11277756165371,11277756166278,907
11277756412991,11277756413696,705
11277756678590,11277756679583,993
11277756959330,11277756960041,711
11277757219822,11277757220678,856
11277757466415,11277757467095,680
11277757709228,11277757710084,856
11277757953057,11277757953790,733
11277758194533,11277758195343,810
11277758460522,11277758461203,681
11277758715306,11277758716188,882
11277758979618,11277758980303,685
11277759228499,11277759229416,917
11277759472384,11277759473056,672
11277759733756,11277759734608,852
11277759980433,11277759981104,671
11277760236309,11277760237152,843
11277760477600,11277760478295,695
11277760722505,11277760723382,877
11277760963996,11277760964673,677
11277761206422,11277761207238,816
11277761450608,11277761451300,692
11277761698475,11277761699293,818
11277761943953,11277761944667,714
11277762185437,11277762186307,870
11277762439107,11277762439828,721
11277762685263,11277762686084,821
11277762929073,11277762929775,702
11277763176079,11277763176927,848
11277763418877,11277763419549,672
11277763659577,11277763660413,836
11277763905115,11277763905829,714
11277764146970,11277764147828,858
11277764387433,11277764388138,705
11277764629318,11277764630203,885
11277764871975,11277764872659,684
11277765116536,11277765117354,818
11277765365657,11277765366371,714
11277765618226,11277765619043,817
11277765864388,11277765865044,656
11277766111177,11277766111976,799
11277766351500,11277766352226,726
11277766595018,11277766595864,846
11277766837844,11277766838543,699
11277767083526,11277767084344,818
11277767326401,11277767327105,704
11277767578647,11277767579472,825
11277767819271,11277767819978,707
11277768061022,11277768061878,856
11277768303762,11277768304425,663
11277768589188,11277768589985,797
11277768842518,11277768843169,651
11277769077320,11277769078133,813
11277769296365,11277769297011,646
11277769531825,11277769532570,745
11277769747470,11277769748083,613
11277769965959,11277769966743,784
11277770184607,11277770185241,634
11277770406293,11277770407042,749
11277770623823,11277770624440,617
11277770842776,11277770843535,759
11277771059585,11277771060176,591
11277771278189,11277771278957,768
11277771497033,11277771497653,620
11277771715351,11277771716140,789
11277771932021,11277771932670,649
11277772152736,11277772153508,772
11277772381185,11277772381825,640
11277772604731,11277772605516,785
11277772820894,11277772821526,632
11277773041215,11277773041963,748
11277773290952,11277773291649,697
11277773535442,11277773536256,814
11277773777792,11277773778479,687
11277774022900,11277774023729,829
11277774262593,11277774263289,696
11277774507272,11277774508153,881
11277774748777,11277774749445,668
11277774990463,11277774991270,807
11277775232043,11277775232758,715
11277775477907,11277775478763,856
11277775754246,11277775754907,661
11277776005838,11277776006661,823
11277776250098,11277776250792,694
11277776491974,11277776492864,890
11277776733762,11277776734432,670
11277776975593,11277776976412,819
11277777220988,11277777221706,718
11277777463950,11277777464737,787
11277777702626,11277777703347,721
11277777944497,11277777945329,832
11277778184593,11277778185249,656
11277778428080,11277778428907,827
11277778670064,11277778670757,693
11277778922016,11277778922837,821
11277779165248,11277779165938,690
11277779410489,11277779411349,860
11277779653632,11277779654347,715
11277779898050,11277779898875,825
11277780140212,11277780140925,713
11277780386832,11277780387648,816
11277780625512,11277780626190,678
11277780870838,11277780871665,827
11277781111455,11277781112153,698
11277781353110,11277781353934,824
11277781595880,11277781596571,691
11277781838783,11277781839572,789
11277782078015,11277782078670,655
11277782327783,11277782328619,836
11277782573406,11277782574087,681
11277782814572,11277782815374,802
11277783055129,11277783055823,694
11277783300848,11277783301666,818
11277783541293,11277783541984,691
11277783785565,11277783786411,846
11277784027214,11277784027959,745
11277784292536,11277784293332,796
11277784539606,11277784540315,709
11277784785175,11277784785967,792
11277785031399,11277785032105,706
11277785278679,11277785279489,810
11277785521885,11277785522591,706
11277785784781,11277785785691,910
11277786032607,11277786033281,674
11277786282915,11277786283747,832
11277786526465,11277786527137,672
11277786772734,11277786773551,817
11277787019866,11277787020516,650
11277787264653,11277787265463,810
11277787511068,11277787511698,630
11277787756125,11277787756941,816
11277787998388,11277787999058,670
11277788241677,11277788242478,801
11277788493974,11277788494640,666
11277788739054,11277788739855,801
11277788991302,11277788991972,670
11277789247480,11277789248324,844
11277789490319,11277789490958,639
11277789736161,11277789736999,838
11277789979047,11277789979763,716
11277790225046,11277790225877,831
11277790468787,11277790469495,708
11277790717264,11277790718128,864
11277790962584,11277790963270,686
11277791207926,11277791208770,844
11277791453612,11277791454312,700
11277791699698,11277791700645,947
11277791943648,11277791944321,673
11277792187085,11277792187925,840
11277792450607,11277792451281,674
11277792697989,11277792698823,834
11277792940895,11277792941568,673
11277793186067,11277793186873,806
11277793429707,11277793430418,711
11277793675619,11277793676398,779
11277793920449,11277793921150,701
11277794172037,11277794172840,803
11277794413226,11277794413928,702
11277794659909,11277794660771,862
11277794900447,11277794901127,680
11277795144728,11277795145518,790
11277795385211,11277795385860,649
11277795645632,11277795646471,839
11277795891043,11277795891712,669
11277796136351,11277796137278,927
11277796394185,11277796394851,666
11277796635717,11277796636549,832
11277796879920,11277796880590,670
11277797120866,11277797121669,803
11277797366494,11277797367162,668
11277797609414,11277797610197,783
11277797851195,11277797851881,686
11277798093345,11277798094184,839
11277798334421,11277798335143,722
11277798576560,11277798577368,808
11277798819832,11277798820526,694
11277799071652,11277799072497,845
11277799312369,11277799313011,642
11277799559148,11277799559953,805
11277799799838,11277799800513,675
11277800043998,11277800044833,835
11277800285855,11277800286532,677
11277800530457,11277800531268,811
11277800771271,11277800771930,659
11277801015370,11277801016213,843
11277801257401,11277801258146,745
11277801500474,11277801501288,814
11277801742137,11277801742794,657
11277801985432,11277801986279,847
11277802235926,11277802236581,655
11277802509363,11277802510228,865
11277802752379,11277802753094,715
11277802996642,11277802997445,803
11277803244271,11277803244968,697
11277803490106,11277803490896,790
11277803733992,11277803734653,661
11277803978301,11277803979099,798
11277804218889,11277804219536,647
11277804462032,11277804462804,772
11277804705268,11277804705934,666
11277804945666,11277804946484,818
11277805184616,11277805185337,721
11277805426390,11277805427196,806
11277805681485,11277805682166,681
11277805927497,11277805928324,827
11277806168446,11277806169139,693
11277806412748,11277806413574,826
11277806656903,11277806657570,667
11277806901201,11277806902047,846
11277807141961,11277807142593,632
11277807388007,11277807388824,817
11277807630143,11277807630846,703
11277807874245,11277807875078,833
11277808115546,11277808116219,673
11277808363227,11277808364023,796
11277808603734,11277808604412,678
11277808846954,11277808847763,809
11277809099105,11277809099838,733
11277809351749,11277809352593,844
11277809595548,11277809596230,682
11277809836977,11277809837883,906
11277810081608,11277810082320,712
11277810330479,11277810331346,867
11277810572251,11277810572921,670
11277810814669,11277810815474,805
11277811059997,11277811060735,738
11277811300595,11277811301409,814
11277811540618,11277811541308,690
11277811783059,11277811783907,848
11277812027891,11277812028648,757
11277812283491,11277812284324,833
11277812530573,11277812531264,691
11277812773403,11277812774230,827
11277813018030,11277813018741,711
11277813285423,11277813286234,811
11277813527449,11277813528122,673
11277813771626,11277813772458,832
11277814013545,11277814014255,710
11277814258221,11277814259049,828
11277814498214,11277814498886,672
11277814739801,11277814740638,837
11277814980682,11277814981369,687
11277815224772,11277815225574,802
11277815466670,11277815467366,696
11277815716447,11277815717296,849
11277815958996,11277815959727,731
11277816202372,11277816203186,814
11277816446131,11277816446831,700
11277816690567,11277816691421,854
11277816935007,11277816935701,694
11277817176731,11277817177573,842
11277817426047,11277817426740,693
11277817669182,11277817670012,830
11277817910906,11277817911649,743
11277818153374,11277818154202,828
11277818395078,11277818395766,688
11277818635835,11277818636665,830
11277818892820,11277818893488,668
11277819139824,11277819140650,826
11277819382455,11277819383132,677
11277819625330,11277819626156,826
11277819869836,11277819870574,738
11277820112737,11277820113565,828
11277820352894,11277820353604,710
11277820595924,11277820596759,835
11277820839248,11277820839897,649
11277821083569,11277821084377,808
11277821330921,11277821331608,687
11277821574220,11277821575063,843
11277821817106,11277821817785,679
11277822059843,11277822060712,869
11277822310539,11277822311243,704
11277822557025,11277822557858,833
11277822800702,11277822801418,716
11277823046149,11277823046961,812
11277823287554,11277823288229,675
11277823528398,11277823529241,843
11277823771306,11277823772005,699
11277824012948,11277824013752,804
11277824261849,11277824262524,675
11277824505563,11277824506394,831
11277824748049,11277824748756,707
11277824987984,11277824988798,814
11277825241426,11277825242105,679
11277825483530,11277825484307,777
11277825736894,11277825737591,697
11277825981749,11277825982556,807
11277826225033,11277826225716,683
11277826471133,11277826471935,802
11277826713989,11277826714643,654
11277826955917,11277826956727,810
11277827196870,11277827197548,678
11277827441389,11277827442242,853
11277827685532,11277827686222,690
11277827928599,11277827929436,837
11277828169773,11277828170471,698
11277828410737,11277828411585,848
11277828651733,11277828652474,741
11277828905575,11277828906361,786
11277829149734,11277829150399,665
11277829391757,11277829392533,776
11277829634107,11277829634778,671
11277829877015,11277829877857,842
11277830119253,11277830119918,665
11277830360460,11277830361293,833
11277830605332,11277830605979,647
11277830850058,11277830850884,826
11277831091220,11277831091858,638
11277831331140,11277831331950,810
11277831596327,11277831596960,633
11277831819277,11277831820038,761
11277832038608,11277832039245,637
11277832348377,11277832349125,748
11277832575439,11277832576041,602
11277832796959,11277832797670,711
11277833021574,11277833022188,614
11277833243640,11277833244408,768
11277833464852,11277833465443,591
11277833685625,11277833686371,746
11277833906695,11277833907302,607
11277834128828,11277834129567,739
11277834352762,11277834353337,575
11277834577829,11277834578578,749
11277834799610,11277834800224,614
11277835023531,11277835024314,783
11277835242822,11277835243446,624
11277835465978,11277835466735,757
11277835773242,11277835773875,633
11277836082357,11277836083111,754
11277836378566,11277836379197,631
11277836655519,11277836656337,818
11277836901131,11277836901796,665
11277837148113,11277837148958,845
11277837392078,11277837392769,691
11277837634380,11277837635225,845
11277837879666,11277837880377,711
11277838122906,11277838123738,832
11277838366301,11277838366990,689
11277838659724,11277838660540,816
11277838912008,11277838912692,684
11277839159054,11277839159868,814
11277839406229,11277839406900,671
11277839650799,11277839651623,824
11277839894932,11277839895564,632
11277840143899,11277840144691,792
11277840386036,11277840386693,657
11277840631869,11277840632690,821
11277840877187,11277840877891,704
11277841120228,11277841121043,815
11277841361447,11277841362147,700
11277841606917,11277841607740,823
11277841847334,11277841848036,702
11277842090171,11277842091012,841
11277842341098,11277842341764,666
11277842585692,11277842586505,813
11277842829836,11277842830519,683
11277843078654,11277843079479,825
11277843321237,11277843321906,669
11277843564728,11277843565538,810
11277843811101,11277843811741,640
11277844053620,11277844054438,818
11277844293199,11277844293873,674
11277844535025,11277844535840,815
11277844780238,11277844780948,710
11277845023970,11277845024802,832
11277845264455,11277845265117,662
11277845507256,11277845508063,807
11277845753979,11277845754677,698
11277845998967,11277845999826,859
11277846240304,11277846240951,647
11277846483868,11277846484704,836
11277846724874,11277846725493,619
11277846967945,11277846968769,824
11277847207155,11277847207815,660
11277847451437,11277847452275,838
11277847692871,11277847693573,702
11277847935376,11277847936199,823
11277848178281,11277848179005,724
11277848427642,11277848428470,828
11277848669430,11277848670080,650
11277848919630,11277848920463,833
11277849165323,11277849166042,719
11277849412266,11277849413065,799
11277849655297,11277849655997,700
11277849928933,11277849929766,833
11277850180669,11277850181345,676
11277850423880,11277850424729,849
11277850666015,11277850666733,718
11277850910564,11277850911396,832
11277851151791,11277851152522,731
11277851395065,11277851395895,830
11277851635276,11277851635930,654
11277851876496,11277851877317,821
11277852122398,11277852123085,687
11277852372492,11277852373331,839
11277852617079,11277852617730,651
11277852863180,11277852864012,832
11277853109531,11277853110196,665
11277853352760,11277853353548,788
11277853593448,11277853594153,705
11277853837460,11277853838287,827
11277854080147,11277854080844,697
11277854321898,11277854322728,830
11277854560304,11277854562115,1811
11277854807683,11277854808526,843
11277855046990,11277855047632,642
11277855291909,11277855292686,777
11277855530221,11277855530910,689
11277855784129,11277855784909,780
11277856024553,11277856025199,646
11277856269908,11277856270705,797
11277856510926,11277856511595,669
11277856755721,11277856756576,855
11277856997539,11277856998219,680
11277857239536,11277857240359,823
11277857479507,11277857480171,664
11277857721280,11277857722147,867
11277857961833,11277857962514,681
11277858201812,11277858202655,843
11277858444487,11277858445163,676
11277858684596,11277858685386,790
11277858931095,11277858931784,689
11277859188854,11277859189678,824
11277859435880,11277859436552,672
11277859677874,11277859678747,873
11277859922628,11277859923291,663
11277860167458,11277860168304,846
11277860410633,11277860411276,643
11277860658453,11277860659258,805
11277860899728,11277860900383,655
11277861140123,11277861140947,824
11277861379094,11277861379777,683
11277861623220,11277861624071,851
11277861865004,11277861865677,673
11277862113850,11277862114665,815
11277862388110,11277862388809,699
11277862647027,11277862647848,821
11277862889719,11277862890388,669
11277863131213,11277863132014,801
11277863373396,11277863374049,653
11277863618139,11277863618953,814
11277863875651,11277863876346,695
11277864125481,11277864126307,826
11277864367813,11277864368508,695
11277864617029,11277864617788,759
11277864860767,11277864861396,629
11277865100501,11277865101300,799
11277865342383,11277865343034,651
11277865601281,11277865602132,851
11277865841909,11277865842583,674
11277866085139,11277866085947,808
11277866327515,11277866328185,670
11277866568127,11277866568941,814
11277866809028,11277866809696,668
11277867053618,11277867054450,832
11277867294338,11277867295014,676
11277867536246,11277867537040,794
11277867778244,11277867778940,696
11277868019824,11277868020703,879
11277868265735,11277868266463,728
11277868510121,11277868510944,823
11277868749798,11277868750476,678
11277869005053,11277869005884,831
11277869249875,11277869250554,679
11277869493594,11277869494411,817
11277869734299,11277869734967,668
11277869978078,11277869978876,798
11277870217188,11277870217854,666
11277870463236,11277870464043,807
11277870704484,11277870705153,669
11277870945162,11277870945986,824
11277871184050,11277871184692,642
11277871428758,11277871429542,784
11277871668925,11277871669617,692
11277871912548,11277871913406,858
11277872154569,11277872155278,709
11277872410868,11277872411705,837
11277872654073,11277872654767,694
11277872893572,11277872894387,815
11277873134338,11277873135048,710
11277873378272,11277873379128,856
11277873621875,11277873622527,652
11277873866259,11277873867088,829
11277874107313,11277874108003,690
11277874348789,11277874349581,792
11277874611042,11277874611660,618
11277874833938,11277874834660,722
11277875053544,11277875054202,658
11277875273789,11277875274540,751
11277875505913,11277875506527,614
11277875809450,11277875810205,755
11277876107798,11277876108406,608
11277876417379,11277876418117,738
11277876691210,11277876691937,727
11277876934100,11277876934928,828
11277877179360,11277877180030,670
11277877420856,11277877421665,809
11277877662586,11277877663259,673
11277877905199,11277877906036,837
11277878150260,11277878151012,752
11277878392451,11277878393297,846
11277878634160,11277878634882,722
11277878883563,11277878884377,814
11277879131193,11277879131912,719
11277879377113,11277879377962,849
11277879620592,11277879621262,670
11277879865507,11277879866367,860
11277880107703,11277880108391,688
11277880351918,11277880352766,848
11277880597111,11277880597759,648
11277880842674,11277880843481,807
11277881082105,11277881082771,666
11277881328600,11277881329440,840
11277881570078,11277881570780,702
11277881813606,11277881814439,833
11277882055438,11277882056098,660
11277882305258,11277882306089,831
11277882548479,11277882549130,651
11277882790972,11277882791831,859
11277883031754,11277883032427,673
11277883273219,11277883273999,780
11277883516274,11277883516962,688
11277883762414,11277883763250,836
11277884005264,11277884005959,695
11277884248232,11277884248997,765
11277884489982,11277884490645,663
11277884731942,11277884732783,841
11277884976420,11277884977043,623
11277885218065,11277885218887,822
11277885457793,11277885458449,656
11277885719240,11277885720110,870
11277885963262,11277885963909,647
11277886208605,11277886209455,850
11277886448900,11277886449603,703
11277886690244,11277886691110,866
11277886936703,11277886937401,698
11277887177635,11277887178469,834
11277887420367,11277887421054,687
11277887665702,11277887666548,846
11277887908867,11277887909575,708
11277888149885,11277888150706,821
11277888391280,11277888391957,677
11277888634119,11277888634944,825
11277888881579,11277888882268,689
11277889128471,11277889129315,844
11277889371940,11277889372577,637
11277889615690,11277889616522,832
11277889857733,11277889858396,663
11277890105563,11277890106373,810
11277890346389,11277890347055,666
11277890592712,11277890593503,791
11277890835663,11277890836345,682
11277891078927,11277891079717,790
11277891323836,11277891324546,710
11277891566482,11277891567292,810
11277891808818,11277891809499,681
11277892051542,11277892052378,836
11277892305972,11277892306657,685
11277892550083,11277892550922,839
11277892794005,11277892794702,697
11277893040140,11277893040983,843
11277893284755,11277893285424,669
11277893530869,11277893531663,794
11277893774297,11277893774971,674
11277894019027,11277894019860,833
11277894258983,11277894259681,698
11277894501871,11277894502698,827
11277894745209,11277894745887,678
11277894989063,11277894989889,826
11277895229519,11277895230178,659
11277895472937,11277895473788,851
11277895720487,11277895721148,661
11277895963835,11277895964716,881
11277896205216,11277896205897,681
11277896448156,11277896449038,882
11277896694300,11277896695003,703
11277896939808,11277896940656,848
11277897180452,11277897181152,700
11277897424719,11277897425552,833
11277897670537,11277897671241,704
11277897912646,11277897913476,830
11277898155450,11277898156136,686
11277898397401,11277898398206,805
11277898642439,11277898643108,669
11277898892275,11277898893093,818
11277899140555,11277899141256,701
11277899385535,11277899386378,843
11277899629264,11277899629944,680
11277899875669,11277899876477,808
11277900121490,11277900122189,699
11277900363910,11277900364708,798
11277900606930,11277900607618,688
11277900851438,11277900852337,899
11277901095852,11277901096543,691
11277901342071,11277901342895,824
11277901584840,11277901585520,680
11277901827783,11277901828619,836
11277902074414,11277902075107,693
11277902325431,11277902326278,847
11277902578443,11277902579145,702
11277902823682,11277902824547,865
11277903064793,11277903065512,719
11277903311496,11277903312330,834
11277903556230,11277903556907,677
11277903802200,11277903802990,790
11277904044190,11277904044845,655
11277904289980,11277904290798,818
11277904533087,11277904533820,733
11277904776352,11277904777188,836
11277905016064,11277905016761,697
11277905257026,11277905257866,840
11277905502024,11277905502708,684
11277905750561,11277905751412,851
11277905992839,11277905993545,706
11277906236279,11277906237134,855
11277906480600,11277906481324,724
11277906723373,11277906724235,862
11277906965052,11277906965741,689
11277907210920,11277907211743,823
11277907457091,11277907457771,680
11277907704283,11277907705076,793
11277907944544,11277907945207,663
11277908192208,11277908193045,837
11277908433137,11277908433817,680
11277908676353,11277908677176,823
11277908964235,11277908964904,669
11277909211350,11277909212200,850
11277909451205,11277909451903,698
11277909693900,11277909694738,838
11277909936318,11277909937009,691
11277910180266,11277910181087,821
11277910420108,11277910420785,677
11277910663112,11277910663947,835
11277910904819,11277910905524,705
11277911148883,11277911149723,840
11277911389066,11277911389688,622
11277911631034,11277911631840,806
11277911875278,11277911875943,665
11277912121356,11277912122171,815
11277912370920,11277912371664,744
11277912615839,11277912616694,855
11277912857996,11277912858704,708
11277913100796,11277913101634,838
11277913343188,11277913343876,688
11277913584269,11277913585142,873
11277913828015,11277913828742,727
11277914073447,11277914074279,832
11277914314175,11277914314877,702
11277914556650,11277914557521,871
11277914800332,11277914801031,699
11277915044438,11277915045291,853
11277915292742,11277915293423,681
11277915536853,11277915537723,870
11277915788245,11277915788967,722
11277916034767,11277916035656,889
11277916286574,11277916287239,665
11277916529389,11277916530252,863
11277916770042,11277916770755,713
11277917016250,11277917017083,833
11277917257710,11277917258378,668
11277917504297,11277917505116,819
11277917748376,11277917749067,691
11277917991358,11277917992209,851
11277918234812,11277918235471,659
11277918477027,11277918477826,799
11277918719015,11277918719686,671
11277918972823,11277918973677,854
11277919215884,11277919216621,737
11277919456938,11277919457762,824
11277919701357,11277919702013,656
11277919944428,11277919945279,851
11277920185731,11277920186424,693
11277920428234,11277920429082,848
11277920672493,11277920673197,704
11277920914865,11277920915727,862
11277921155677,11277921156368,691
11277921399161,11277921399991,830
11277921640675,11277921641350,675
11277921887591,11277921888400,809
11277922127623,11277922128297,674
11277922380512,11277922381341,829
11277922627891,11277922628554,663
11277922898948,11277922899759,811
11277923146455,11277923147153,698
11277923387893,11277923388733,840
11277923630872,11277923631545,673
11277923872951,11277923873776,825
11277924112975,11277924113674,699
11277924356308,11277924357151,843
11277924597836,11277924598522,686
11277924838519,11277924839354,835
11277925079128,11277925079796,668
11277925321498,11277925322320,822
11277925569666,11277925570397,731
11277925817044,11277925817874,830
11277926056353,11277926057063,710
11277926298387,11277926300190,1803
11277926540006,11277926540699,693
11277926782798,11277926783652,854
11277927024305,11277927026000,1695
11277927266464,11277927267357,893
11277927508235,11277927508913,678
11277927754243,11277927755095,852
11277927995997,11277927996687,690
11277928237589,11277928238409,820
11277928476229,11277928476847,618
11277928720594,11277928721405,811
11277928971905,11277928972595,690
11277929214743,11277929215576,833
11277929454883,11277929455563,680
11277929705780,11277929706601,821
11277929945634,11277929946325,691
11277930187273,11277930188094,821
11277930425844,11277930426562,718
11277930669841,11277930670654,813
11277930910112,11277930910760,648
11277931153641,11277931154493,852
11277931393877,11277931394548,671
11277931638092,11277931638922,830
11277931878285,11277931878996,711
11277932121636,11277932122470,834
11277932371377,11277932372089,712
11277932616264,11277932617096,832
11277932857947,11277932858614,667
11277933103004,11277933103828,824
11277933342939,11277933343639,700
11277933582701,11277933583552,851
11277933826688,11277933827395,707
11277934071620,11277934072480,860
11277934313740,11277934314464,724
11277934557187,11277934558061,874
11277934798317,11277934799034,717
11277935041861,11277935042681,820
11277935282221,11277935282898,677
11277935526124,11277935526974,850
11277935776487,11277935777212,725
11277936018694,11277936019551,857
11277936255247,11277936255875,628
11277936500335,11277936501232,897
11277936739506,11277936740198,692
11277936980284,11277936981140,856
11277937221063,11277937221761,698
11277937467021,11277937467857,836
11277937705908,11277937706604,696
11277937947965,11277937948792,827
11277938187705,11277938188410,705
11277938430611,11277938431387,776
11277938671057,11277938671735,678
11277938920590,11277938921433,843
11277939160349,11277939161053,704
11277939403150,11277939403996,846
11277939643865,11277939644591,726
11277939883889,11277939884678,789
11277940126071,11277940126745,674
11277940368249,11277940369109,860
11277940611081,11277940611782,701
11277940853015,11277940853836,821
11277941094382,11277941095074,692
11277941336562,11277941337391,829
11277941574242,11277941574931,689
11277941817838,11277941818662,824
11277942057481,11277942058167,686
11277942310226,11277942311072,846
11277942551461,11277942552162,701
11277942797536,11277942798379,843
11277943037085,11277943037770,685
11277943279392,11277943280246,854
11277943522043,11277943522707,664
11277943764347,11277943765171,824
11277944011422,11277944012113,691
11277944253825,11277944254625,800
11277944494538,11277944495245,707
11277944735230,11277944736073,843
11277944977932,11277944978606,674
11277945218732,11277945219589,857
11277945460042,11277945460725,683
11277945709858,11277945710733,875
11277945951783,11277945952475,692
11277946194571,11277946195389,818
11277946435386,11277946436053,667
11277946676574,11277946677416,842
11277946917314,11277946918012,698
11277947162007,11277947162824,817
11277947402767,11277947403450,683
11277947642352,11277947643158,806
11277947885860,11277947886574,714
11277948129467,11277948130315,848
11277948369062,11277948369746,684
11277948611789,11277948612606,817
11277948851290,11277948851977,687
11277949101607,11277949102457,850
11277949343974,11277949344676,702
11277949586685,11277949587507,822
11277949828098,11277949828763,665
11277950072321,11277950073145,824
11277950313292,11277950313974,682
11277950558186,11277950559010,824
11277950799031,11277950799688,657
11277951041326,11277951042133,807
11277951283491,11277951284157,666
11277951528065,11277951528852,787
11277951771124,11277951771764,640
11277952012766,11277952013558,792
11277952265774,11277952266436,662
11277952509858,11277952510728,870
11277952752040,11277952752705,665
11277952991272,11277952992090,818
11277953231739,11277953232445,706
11277953473718,11277953474533,815
11277953718733,11277953719403,670
11277953959212,11277953960026,814
11277954200146,11277954200788,642
11277954442199,11277954443053,854
11277954683155,11277954683823,668
11277954928462,11277954929280,818
11277955168816,11277955169485,669
11277955412883,11277955413680,797
11277955662167,11277955662842,675
11277955909446,11277955910242,796
11277956149910,11277956150572,662
11277956392347,11277956393208,861
11277956639100,11277956639771,671
11277956885214,11277956886039,825
11277957131361,11277957132038,677
11277957375096,11277957375878,782
11277957615193,11277957615854,661
11277957857535,11277957858330,795
11277958101678,11277958102371,693
11277958341353,11277958342158,805
11277958583896,11277958584605,709
11277958825950,11277958826794,844
11277959079201,11277959079933,732
11277959321785,11277959322630,845
11277959564687,11277959565348,661
11277959806434,11277959807260,826
11277960049554,11277960050187,633
11277960291441,11277960292270,829
11277960534682,11277960535347,665
11277960775235,11277960776092,857
11277961015082,11277961015767,685
11277961259078,11277961259903,825
11277961499849,11277961500526,677
11277961833330,11277961834176,846
11277962078514,11277962079220,706
11277962331007,11277962331864,857
11277962585734,11277962586434,700
11277962830263,11277962831093,830
11277963069948,11277963070673,725
11277963314305,11277963315119,814
11277963559536,11277963560210,674
11277963800986,11277963801796,810
11277964041925,11277964042609,684
11277964287820,11277964288656,836
11277964529314,11277964529999,685
11277964772500,11277964773313,813
11277965013689,11277965014398,709
11277965255077,11277965256874,1797
11277965501163,11277965501852,689
11277965747148,11277965748009,861
11277965988191,11277965989936,1745
11277966231165,11277966232000,835
11277966473755,11277966474418,663
11277966717783,11277966718601,818
11277966960071,11277966960764,693
11277967201866,11277967202706,840
11277967444626,11277967445291,665
11277967688300,11277967689157,857
11277967930613,11277967931268,655
11277968173495,11277968174371,876
11277968414826,11277968415540,714
11277968661738,11277968662580,842
11277968915609,11277968916268,659
11277969161010,11277969161841,831
11277969408183,11277969408874,691
11277969660626,11277969661423,797
11277969900851,11277969901536,685
11277970144736,11277970145576,840
11277970386957,11277970387647,690
11277970631598,11277970632415,817
11277970872027,11277970872731,704
11277971114709,11277971115570,861
11277971357343,11277971358059,716
11277971600698,11277971601523,825
11277971843360,11277971844037,677
11277972086422,11277972087241,819
11277972334658,11277972335398,740
11277972579756,11277972580589,833
11277972824409,11277972825080,671
11277973070147,11277973070956,809
11277973316294,11277973317001,707
11277973559081,11277973559931,850
11277973801861,11277973802596,735
11277974048897,11277974049742,845
11277974291237,11277974291930,693
11277974533540,11277974534308,768
11277974775215,11277974775885,670
11277975017133,11277975017963,830
11277975260252,11277975260913,661
11277975503092,11277975503939,847
11277975749307,11277975749982,675
11277975993202,11277975994038,836
11277976237704,11277976238371,667
11277976481514,11277976482346,832
11277976722120,11277976722776,656
11277977004319,11277977005416,1097
11277977278243,11277977278913,670
11277977523491,11277977524245,754
11277977778697,11277977779331,634
11277978020891,11277978021694,803
11277978251956,11277978252596,640
11277978475095,11277978475897,802
11277978695699,11277978696302,603
11277978926045,11277978926841,796
11277979151991,11277979152645,654
11277979370603,11277979371384,781
11277979588737,11277979589373,636
11277979807894,11277979808682,788
11277980025353,11277980025982,629
11277980244404,11277980245164,760
11277980460477,11277980461092,615
11277980713712,11277980714526,814
11277980958617,11277980959294,677
11277981205066,11277981205943,877
11277981447084,11277981447771,687
11277981695451,11277981696258,807
11277981937011,11277981937701,690
11277982177908,11277982178750,842
11277982426694,11277982427416,722
11277982672615,11277982673482,867
11277982912458,11277982913087,629
11277983154598,11277983155402,804
11277983404335,11277983405006,671
11277983650386,11277983651206,820
11277983890122,11277983890805,683
11277984133149,11277984133939,790
11277984374251,11277984374964,713
11277984619547,11277984620376,829
11277984862929,11277984863629,700
11277985102479,11277985103331,852
11277985345836,11277985346483,647
11277985601207,11277985602028,821
11277985845752,11277985846433,681
11277986088494,11277986089320,826
11277986328931,11277986329587,656
11277986570942,11277986571769,827
11277986814430,11277986815106,676
11277987057147,11277987057984,837
11277987297305,11277987297986,681
11277987539486,11277987540357,871
11277987783425,11277987784103,678
11277988027425,11277988028254,829
11277988268707,11277988269392,685
11277988512495,11277988513319,824
11277988753541,11277988754206,665
11277989001363,11277989002179,816
11277989244258,11277989244887,629
11277989489824,11277989490664,840
11277989729422,11277989730122,700
11277989972675,11277989973535,860
11277990239774,11277990240481,707
11277990486254,11277990488061,1807
11277990727921,11277990728627,706
11277990970324,11277990971167,843
11277991209168,11277991209860,692
11277991452085,11277991452973,888
11277991692544,11277991693232,688
11277991935828,11277991936670,842
11277992176926,11277992177609,683
11277992427653,11277992428529,876
11277992672320,11277992673046,726
11277992912007,11277992912861,854
11277993154286,11277993154976,690
11277993395984,11277993396839,855
11277993635428,11277993636134,706
11277993874363,11277993875227,864
11277994115251,11277994115941,690
11277994355929,11277994356766,837
11277994595410,11277994596075,665
11277994836036,11277994836906,870
11277995080486,11277995081164,678
11277995322415,11277995323249,834
11277995566920,11277995567589,669
11277995812029,11277995812858,829
11277996050361,11277996051062,701
11277996321675,11277996322396,721
11277996541051,11277996541674,623
11277996762829,11277996763601,772
11277996980886,11277996981468,582
11277997203026,11277997203739,713
11277997420208,11277997420810,602
11277997641062,11277997641807,745
11277997861395,11277997861962,567
11277998080720,11277998081530,810
11277998301500,11277998302115,615
11277998522455,11277998523197,742
11277998739714,11277998740308,594
11277999013428,11277999014259,831
11277999255314,11277999256010,696
11277999495121,11277999495957,836
11277999735458,11277999736154,696
11277999976609,11277999977452,843
11278000257267,11278000257877,610
11278000479785,11278000480625,840
11278000700992,11278000701586,594
11278000922316,11278000923157,841
11278001141937,11278001142546,609
11278001362806,11278001363635,829
11278001580666,11278001581287,621
11278001802391,11278001803166,775
11278002021054,11278002021685,631
11278002292223,11278002293078,855
11278002549598,11278002550278,680
11278002771518,11278002772281,763
11278002990797,11278002991437,640
11278003212269,11278003213063,794
11278003432455,11278003433058,603
11278003653123,11278003653876,753
11278003871396,11278003872032,636
11278004092236,11278004092977,741
11278004312457,11278004313047,590
11278004535302,11278004536021,719
11278004754576,11278004755209,633
11278004978106,11278004978871,765
11278005200561,11278005201167,606
11278005421923,11278005422708,785
11278005727859,11278005728471,612
11278005951217,11278005951981,764
11278006171181,11278006171806,625
11278006392723,11278006393499,776
11278006612162,11278006612776,614
11278006831707,11278006832461,754
11278007052300,11278007052896,596
11278007273155,11278007273904,749
11278007539593,11278007540264,671
11278007784762,11278007785595,833
11278008024561,11278008025268,707
11278008289896,11278008290657,761
11278008513112,11278008513727,615
11278008734593,11278008735340,747
11278009039767,11278009040355,588
11278009264114,11278009264906,792
11278009483463,11278009484075,612
11278009713617,11278009714393,776
11278009935221,11278009935803,582
11278010156386,11278010157107,721
11278010374772,11278010375387,615
11278010598481,11278010599244,763
11278010819725,11278010820328,603
11278011041540,11278011042270,730
11278011262159,11278011262758,599
11278011483910,11278011484672,762
11278011707397,11278011708002,605
11278011927602,11278011928358,756
11278012145857,11278012146484,627
11278012446616,11278012447384,768
11278012677992,11278012678599,607
11278012899377,11278012900132,755
11278013119045,11278013119645,600
11278013340091,11278013340832,741
11278013563560,11278013564130,570
11278013785509,11278013786234,725
11278014004545,11278014005154,609
11278014226069,11278014226863,794
11278014448626,11278014449233,607
11278014673933,11278014674704,771
11278014892969,11278014893582,613
11278015115087,11278015115852,765
11278015336361,11278015336972,611
11278015566633,11278015567399,766
11278015848168,11278015848892,724
11278016091744,11278016092614,870
11278016335260,11278016335935,675
11278016618718,11278016619447,729
11278016837795,11278016838373,578
11278017058787,11278017059562,775
11278017280847,11278017281436,589
11278017500208,11278017500947,739
11278017722011,11278017722648,637
11278017943860,11278017944616,756
11278018164878,11278018165469,591
11278018384346,11278018385127,781
11278018605864,11278018606488,624
11278018827064,11278018827790,726
11278019106421,11278019107082,661
11278019369166,11278019369899,733
11278019588755,11278019589355,600
11278019811532,11278019812279,747
11278020034262,11278020034877,615
11278020255474,11278020256184,710
11278020477875,11278020478478,603
11278020699550,11278020700280,730
11278020919701,11278020920322,621
11278021141754,11278021142524,770
11278021360339,11278021360938,599
11278021580624,11278021581373,749
11278021803809,11278021804438,629
11278022024885,11278022025660,775
11278022250415,11278022251011,596
11278022474780,11278022475546,766
11278022696113,11278022696754,641
11278022922175,11278022922926,751
11278023143555,11278023144180,625
11278023366880,11278023367623,743
11278023592029,11278023592673,644
11278023816296,11278023817040,744
11278024109932,11278024110513,581
11278024336138,11278024336876,738
11278024559367,11278024560006,639
11278024781441,11278024782197,756
11278025001587,11278025002236,649
11278025223800,11278025224533,733
11278025468811,11278025469441,630
11278025777739,11278025778517,778
11278026008922,11278026009547,625
11278026237156,11278026237932,776
11278026466362,11278026467003,641
11278026694596,11278026695361,765
11278026925399,11278026926016,617
11278027153905,11278027154682,777
11278027381650,11278027382275,625
11278027609579,11278027610351,772
11278027834540,11278027835157,617
11278028112472,11278028113322,850
11278028352288,11278028352969,681
11278028595241,11278028596080,839
11278028836770,11278028837464,694
11278029112473,11278029113255,782
11278029334312,11278029334920,608
11278029580611,11278029581382,771
11278029805755,11278029806367,612
11278030033017,11278030033786,769
11278030262913,11278030263530,617
11278030490065,11278030490866,801
11278030717439,11278030718049,610
11278030944578,11278030945314,736
11278031173156,11278031173810,654
11278031400504,11278031401288,784
11278031625266,11278031625921,655
11278031851258,11278031852047,789
11278032080461,11278032081095,634
11278032316304,11278032317091,787
11278032545239,11278032545875,636
11278032772400,11278032773176,776
11278032999566,11278033000213,647
11278033228729,11278033229466,737
11278033454996,11278033455643,647
11278033681860,11278033682659,799
11278033907228,11278033907852,624
11278034209462,11278034210256,794
11278034438594,11278034439227,633
11278034667060,11278034667860,800
11278034896016,11278034896670,654
11278035122108,11278035122892,784
11278035356892,11278035357526,634
11278035629370,11278035630209,839
11278035889723,11278035890396,673
11278036117208,11278036118002,794
11278036345138,11278036345767,629
11278036572736,11278036573538,802
11278036801109,11278036801769,660
11278037028081,11278037028881,800
11278037254463,11278037255106,643
11278037483578,11278037484381,803
11278037710568,11278037711214,646
11278037938078,11278037938885,807
11278038166212,11278038166850,638
11278038394443,11278038395241,798
11278038620603,11278038621215,612
11278038849268,11278038850065,797
11278039162644,11278039163286,642
11278039390936,11278039391751,815
11278039624158,11278039624788,630
11278039854681,11278039855462,781
11278040084393,11278040085075,682
11278040314122,11278040314913,791
11278040543194,11278040543828,634
11278040770865,11278040771619,754
11278040995723,11278040996376,653
11278041222776,11278041223563,787
11278041450429,11278041451032,603
11278041680545,11278041681323,778
11278041904483,11278041905097,614
11278042134166,11278042134942,776
11278042413369,11278042414057,688
11278042648450,11278042649247,797
11278042876323,11278042876958,635
11278043147919,11278043148750,831
11278043435742,11278043436411,669
11278043694556,11278043695471,915
11278043942776,11278043943448,672
11278044191393,11278044192246,853
11278044437097,11278044437723,626
11278044678190,11278044679024,834
11278044923638,11278044924342,704
11278045205763,11278045206657,894
11278045489907,11278045490621,714
11278045754667,11278045755530,863
11278046011711,11278046012413,702
11278046313169,11278046314195,1026
11278046628960,11278046629616,656
11278046936848,11278046937620,772
11278047234151,11278047234770,619
11278047537467,11278047538255,788
11278047837470,11278047838137,667
11278048113812,11278048114693,881
11278048353700,11278048354414,714
11278048599992,11278048600853,861
11278048865089,11278048865733,644
11278049254907,11278049255673,766
11278049553942,11278049554571,629
11278049852098,11278049852856,758
11278050154987,11278050155611,624
11278050458994,11278050459770,776
11278050738632,11278050739322,690
11278050980919,11278050981705,786
11278051225469,11278051226139,670
11278051467983,11278051468816,833
11278051710788,11278051711501,713
11278051952883,11278051953693,810
11278052195444,11278052196121,677
11278052468655,11278052469421,766
11278052769145,11278052769777,632
11278053077208,11278053077966,758
11278053371931,11278053372543,612
11278053675436,11278053676207,771
11278054013404,11278054014121,717
11278054352646,11278054353401,755
11278054660894,11278054661519,625
11278054941840,11278054942635,795
11278055184385,11278055185031,646
11278055428340,11278055429158,818
11278055675902,11278055676577,675
11278055920271,11278055921097,826
11278056161054,11278056161708,654
11278056409595,11278056410417,822
11278056650999,11278056651675,676
11278056892234,11278056893107,873
11278057130482,11278057131170,688
11278057376356,11278057377192,836
11278057615906,11278057616579,673
11278057859763,11278057860642,879
11278058103522,11278058104217,695
11278058348828,11278058349650,822
11278058588915,11278058589568,653
11278058830019,11278058830847,828
11278059074582,11278059075274,692
11278059316394,11278059317246,852
11278059566223,11278059566926,703
11278059809113,11278059809946,833
11278060051662,11278060052372,710
11278060320118,11278060322024,1906
11278060571407,11278060572089,682
11278060813303,11278060814171,868
11278061053929,11278061055662,1733
11278061297294,11278061298145,851
11278061540302,11278061540996,694
11278061781933,11278061783731,1798
11278062024384,11278062025090,706
11278062316438,11278062317344,906
11278062564406,11278062565147,741
11278062813423,11278062814260,837
11278063053502,11278063054250,748
11278063301374,11278063302218,844
11278063552948,11278063553657,709
11278063795325,11278063796187,862
11278064036831,11278064037528,697
11278064281723,11278064282544,821
11278064522238,11278064522929,691
11278064765619,11278064766506,887
11278065007635,11278065008338,703
11278065267711,11278065268598,887
11278065510361,11278065511065,704
11278065761354,11278065762205,851
11278066004420,11278066005125,705
11278066262352,11278066263198,846
11278066508391,11278066509091,700
11278066750963,11278066751822,859
11278066994004,11278066994692,688
11278067239642,11278067240529,887
11278067479595,11278067480337,742
11278067721792,11278067722650,858
11278067963287,11278067963979,692
11278068205881,11278068206733,852
11278068443796,11278068444471,675
11278068687804,11278068688661,857
11278068935196,11278068935885,689
11278069182936,11278069183809,873
11278069422084,11278069422785,701
11278069665780,11278069666620,840
11278069910238,11278069910935,697
11278070151887,11278070152748,861
11278070393260,11278070393935,675
11278070641684,11278070642534,850
11278070882563,11278070883247,684
11278071123215,11278071124043,828
11278071362077,11278071362802,725
11278071606053,11278071606888,835
11278071846858,11278071847572,714
11278072091276,11278072092102,826
11278072340984,11278072341662,678
11278072586530,11278072587410,880
11278072827610,11278072828287,677
11278073072378,11278073073253,875
11278073313970,11278073314665,695
11278073557010,11278073557879,869
11278073797956,11278073798654,698
11278074039936,11278074040798,862
11278074284468,11278074285185,717
11278074525045,11278074525899,854
11278074765171,11278074765870,699
11278075008802,11278075009644,842
11278075250937,11278075251652,715
11278075491083,11278075491946,863
11278075738146,11278075738871,725
11278075983458,11278075984323,865
11278076223798,11278076224462,664
11278076467595,11278076468453,858
11278076707006,11278076707719,713
11278076949552,11278076950406,854
11278077192740,11278077193474,734
11278077435791,11278077436659,868
11278077674862,11278077675555,693
11278077921514,11278077922390,876
11278078159965,11278078160707,742
11278078401799,11278078402641,842
11278078647342,11278078648060,718
11278078905472,11278078906405,933
11278079151706,11278079152405,699
11278079395040,11278079395879,839
11278079639976,11278079640677,701
11278079885322,11278079886170,848
11278080126928,11278080127665,737
11278080370487,11278080371370,883
11278080615394,11278080616101,707
11278080857217,11278080858089,872
11278081099469,11278081100168,699
11278081340928,11278081341764,836
11278081583752,11278081584438,686
11278081830228,11278081831080,852
11278082070741,11278082071418,677
11278082318904,11278082319793,889
11278082562951,11278082563631,680
11278082808618,11278082809476,858
11278083052614,11278083053307,693
11278083297026,11278083297862,836
11278083540108,11278083540767,659
11278083782640,11278083783494,854
11278084026444,11278084027138,694
11278084274381,11278084275255,874
11278084514653,11278084515338,685
11278084758355,11278084759243,888
11278085003503,11278085004200,697
11278085248388,11278085249234,846
11278085492215,11278085492889,674
11278085741529,11278085742352,823
11278085984270,11278085984940,670
11278086228282,11278086229071,789
11278086470028,11278086470673,645
11278086713526,11278086714354,828
11278086955104,11278086955814,710
11278087202820,11278087203657,837
11278087443736,11278087444412,676
11278087686867,11278087687674,807
11278087926895,11278087927558,663
11278088167359,11278088168161,802
11278088432209,11278088432873,664
11278088674932,11278088675742,810
11278088922010,11278088922682,672
11278089167291,11278089168107,816
11278089412068,11278089412731,663
11278089656166,11278089657016,850
11278089898702,11278089899391,689
11278090142617,11278090143489,872
11278090385413,11278090386079,666
11278090640311,11278090641148,837
11278090880117,11278090880820,703
11278091123046,11278091123964,918
11278091366278,11278091366962,684
11278091610220,11278091611052,832
11278091851832,11278091852523,691
11278092096455,11278092097261,806
11278092349303,11278092350013,710
11278092594667,11278092595493,826
11278092840116,11278092840778,662
11278093083696,11278093084527,831
11278093333698,11278093334372,674
11278093576251,11278093577116,865
11278093821297,11278093821992,695
11278094069682,11278094070547,865
11278094311421,11278094312142,721
11278094553473,11278094554325,852
11278094800135,11278094800824,689
11278095041802,11278095042612,810
11278095284728,11278095285420,692
11278095528243,11278095529086,843
11278095778026,11278095778726,700
11278096021975,11278096022863,888
11278096263309,11278096264046,737
11278096505183,11278096506043,860
11278096743339,11278096744053,714
11278096986991,11278096987797,806
11278097234134,11278097234827,693
11278097475495,11278097476374,879
11278097713685,11278097714379,694
11278097958462,11278097959268,806
11278098202522,11278098203207,685
11278098446523,11278098447363,840
11278098686621,11278098687256,635
11278098939422,11278098940250,828
11278099189104,11278099189761,657
11278099438111,11278099438914,803
11278099681791,11278099682463,672
11278099927641,11278099928481,840
11278100172701,11278100173410,709
11278100444602,11278100445407,805
11278100686741,11278100687420,679
11278100932451,11278100933248,797
11278101184485,11278101185152,667
11278101427152,11278101427958,806
11278101667564,11278101668238,674
11278101912426,11278101913252,826
11278102153651,11278102154326,675
11278102418848,11278102419689,841
11278102666025,11278102666684,659
11278102912815,11278102913634,819
11278103154899,11278103155563,664
11278103424731,11278103425588,857
11278103668112,11278103668808,696
11278103913542,11278103914365,823
11278104156070,11278104156797,727
11278104399540,11278104400413,873
11278104644449,11278104645163,714
11278104888748,11278104889588,840
11278105132390,11278105133098,708
11278105379096,11278105379918,822
11278105634704,11278105635382,678
11278105888915,11278105889730,815
11278106130902,11278106131602,700
11278106380710,11278106381546,836
11278106620337,11278106621014,677
11278106861808,11278106862641,833
11278107105039,11278107105708,669
11278107363877,11278107364733,856
11278107603884,11278107604546,662
11278107848633,11278107849501,868
11278108090922,11278108091654,732
11278108336347,11278108337231,884
11278108578293,11278108578966,673
11278108822703,11278108823530,827
11278109073260,11278109073913,653
11278109317259,11278109318167,908
11278109562148,11278109562808,660
11278109806667,11278109807549,882
11278110051407,11278110052139,732
11278110307959,11278110308799,840
11278110549231,11278110549874,643
11278110884595,11278110885356,761
11278111167120,11278111167809,689
11278111408773,11278111409631,858
11278111646404,11278111647087,683
11278111889330,11278111890219,889
11278112131028,11278112131728,700
11278112380534,11278112381374,840
11278112623760,11278112624473,713
11278112867703,11278112868576,873
11278113107707,11278113108417,710
11278113351849,11278113352676,827
11278113593681,11278113594343,662
11278113833936,11278113834771,835
11278114074701,11278114075374,673
11278114318233,11278114319079,846
11278114560558,11278114561256,698
11278114802810,11278114803693,883
11278115043655,11278115044326,671
11278115284562,11278115285381,819
11278115527618,11278115528314,696
11278115777673,11278115778533,860
11278116022436,11278116023085,649
11278116268745,11278116269552,807
11278116512467,11278116513139,672
11278116757078,11278116757930,852
11278116999416,11278117000097,681
11278117295424,11278117296271,847
11278117541018,11278117541713,695
11278117791032,11278117791860,828
11278118040427,11278118041085,658
11278118284578,11278118285410,832
11278118525241,11278118525929,688
11278118768533,11278118769354,821
11278119021187,11278119021866,679
11278119268872,11278119269695,823
11278119512085,11278119512788,703
11278119757118,11278119757936,818
11278120004269,11278120004935,666
11278120249449,11278120250246,797
11278120492526,11278120493199,673
11278120738258,11278120739073,815
11278120982187,11278120982841,654
11278121224900,11278121225740,840
11278121468236,11278121468947,711
11278121711542,11278121712404,862
11278121952245,11278121952936,691
11278122196207,11278122197074,867
11278122447769,11278122448478,709
11278122694467,11278122695315,848
11278122940227,11278122940892,665
11278123188117,11278123188955,838
11278123431302,11278123432026,724
11278123687162,11278123688286,1124
11278123938244,11278123938985,741
11278124183476,11278124184483,1007
11278124431764,11278124432488,724
11278124678043,11278124678917,874
11278124923344,11278124924028,684
11278125168175,11278125169089,914
11278125416591,11278125417284,693
11278125677355,11278125678263,908
11278125929287,11278125930010,723
11278126173760,11278126174603,843
11278126419344,11278126420037,693
11278126667803,11278126668609,806
11278126911304,11278126911982,678
11278127158409,11278127159257,848
11278127412169,11278127412888,719
11278127656443,11278127657293,850
11278127900677,11278127901617,940
11278128145660,11278128146476,816
11278128391091,11278128391793,702
11278128635028,11278128635908,880
11278128885761,11278128886452,691
11278129131269,11278129132097,828
11278129374315,11278129374993,678
11278129646905,11278129647688,783
11278129899663,11278129900338,675
11278130143231,11278130144053,822
11278130385117,11278130385806,689
11278130631300,11278130632158,858
11278130872395,11278130873096,701
11278131113756,11278131114610,854
11278131358689,11278131359389,700
11278131601729,11278131602566,837
11278131844248,11278131844974,726
11278132086706,11278132087539,833
11278132337556,11278132338226,670
11278132583583,11278132584454,871
11278132827302,11278132828009,707
11278133067788,11278133068634,846
11278133311579,11278133312286,707
11278133554436,11278133555327,891
11278133795273,11278133797013,1740
11278134037627,11278134038458,831
11278134277518,11278134278212,694
11278134519199,11278134520041,842
11278134761861,11278134762494,633
11278135003027,11278135003833,806
11278135243893,11278135244608,715
11278135483983,11278135484834,851
11278135728967,11278135729659,692
11278135973092,11278135973986,894
11278136216187,11278136216901,714
11278136459189,11278136460017,828
11278136698076,11278136698743,667
11278136943107,11278136943949,842
11278137182231,11278137182908,677
11278137423682,11278137424499,817
11278137663195,11278137663869,674
11278137905298,11278137906148,850
11278138145608,11278138146263,655
11278138388910,11278138389748,838
11278138625591,11278138626247,656
11278138865838,11278138866673,835
11278139135754,11278139136454,700
11278139378663,11278139379492,829
11278139621977,11278139622658,681
11278139867400,11278139868252,852
11278140111558,11278140112228,670
11278140353936,11278140354802,866
11278140594453,11278140595173,720
11278140833913,11278140834735,822
11278141074647,11278141075336,689
11278141327218,11278141328073,855
11278141567535,11278141568183,648
11278141809060,11278141809878,818
11278142049575,11278142050233,658
11278142304107,11278142305011,904
11278142546090,11278142546774,684
11278142788029,11278142788888,859
11278143029545,11278143030200,655
11278143275269,11278143276109,840
11278143516704,11278143517343,639
11278143759056,11278143759883,827
11278143999768,11278144000449,681
11278144243071,11278144243900,829
11278144511104,11278144511707,603
11278144735368,11278144736127,759
11278144953087,11278144953679,592
11278145184532,11278145185298,766
11278145405475,11278145406099,624
11278145720780,11278145721564,784
11278145945515,11278145946140,625
11278146170639,11278146171394,755
11278146392245,11278146392853,608
11278146617356,11278146618129,773
11278146840497,11278146841147,650
11278147060903,11278147061659,756
11278147281736,11278147282345,609
11278147579621,11278147580385,764
11278147799613,11278147800228,615
11278148021866,11278148022610,744
11278148243280,11278148243891,611
11278148462981,11278148463681,700
11278148683903,11278148684521,618
11278148960149,11278148960954,805
11278149223022,11278149223670,648
11278149448861,11278149449632,771
11278149671279,11278149671927,648
11278149897086,11278149897879,793
11278150121472,11278150122102,630
11278150344532,11278150345274,742
11278150564690,11278150565306,616
11278150788936,11278150789730,794
11278151008998,11278151009660,662
11278151234823,11278151235578,755
11278151455609,11278151456209,600
11278151678974,11278151679712,738
11278151897114,11278151897745,631
11278152118196,11278152118988,792
11278152422784,11278152423402,618
11278152648821,11278152649635,814
11278152875765,11278152876399,634
11278153098130,11278153098890,760
11278153321632,11278153322285,653
11278153544721,11278153545481,760
11278153767308,11278153767970,662
11278153987758,11278153988540,782
11278154210171,11278154210796,625
11278154430290,11278154431054,764
11278154650766,11278154651420,654
11278154874953,11278154875707,754
11278155096363,11278155096985,622
11278155314414,11278155315172,758
11278155535665,11278155536291,626
11278155858069,11278155858873,804
11278156078864,11278156079505,641
11278156300971,11278156301735,764
11278156520892,11278156521528,636
11278156745776,11278156746555,779
11278156968454,11278156969087,633
11278157189746,11278157190533,787
11278157474847,11278157475550,703
11278157739594,11278157740352,758
11278157958747,11278157959336,589
11278158183456,11278158184192,736
11278158404319,11278158404912,593
11278158625478,11278158626235,757
11278158846961,11278158847579,618
11278159167966,11278159168774,808
11278159393176,11278159393799,623
11278159615919,11278159616696,777
11278159839868,11278159840507,639
11278160063830,11278160064614,784
11278160287324,11278160287961,637
11278160508428,11278160509198,770
11278160730796,11278160731381,585
11278160954728,11278160955502,774
11278161174612,11278161175226,614
11278161393762,11278161394551,789
11278161616132,11278161616737,605
11278161838105,11278161838856,751
11278162059828,11278162060440,612
11278162364026,11278162364810,784
11278162659826,11278162660474,648
11278162883073,11278162883845,772
11278163102875,11278163103488,613
11278163326102,11278163326825,723
11278163547439,11278163548054,615
11278163768792,11278163769542,750
11278163986411,11278163987011,600
11278164210420,11278164211188,768
11278164431298,11278164431904,606
11278164652438,11278164653182,744
11278164872352,11278164872959,607
11278165096677,11278165097434,757
11278165320405,11278165321000,595
11278165549507,11278165550257,750
11278165772252,11278165772913,661
11278165994805,11278165995582,777
11278166219406,11278166220027,621
11278166441443,11278166442231,788
11278166662836,11278166663444,608
11278166886089,11278166886869,780
11278167108070,11278167108704,634
11278167328452,11278167329208,756
11278167623270,11278167623911,641
11278167850185,11278167850930,745
11278168072899,11278168073469,570
11278168297924,11278168298643,719
11278168518829,11278168519433,604
11278168739691,11278168740465,774
11278168968143,11278168968746,603
11278169194436,11278169195222,786
11278169440282,11278169440947,665
11278169671067,11278169671884,817
11278169899307,11278169899955,648
11278170128472,11278170129261,789
11278170356884,11278170357562,678
11278170589703,11278170590512,809
11278170972229,11278170972876,647
11278171279085,11278171279864,779
11278171606872,11278171607475,603
11278171907212,11278171907941,729
11278172200400,11278172201007,607
11278172678352,11278172679131,779
11278173009209,11278173009833,624
11278173313750,11278173314513,763
11278173642234,11278173642845,611
11278173941538,11278173942300,762
11278174245294,11278174245903,609
11278174548430,11278174549158,728
11278174853285,11278174853897,612
11278175129995,11278175130783,788
11278175372288,11278175372972,684
11278175626523,11278175627345,822
11278175875594,11278175876296,702
11278176140830,11278176141604,774
11278176418094,11278176418745,651
11278176662255,11278176663079,824
11278176909726,11278176910417,691
11278177154831,11278177155670,839
11278177395283,11278177395994,711
11278177639151,11278177639993,842
11278177882040,11278177882686,646
11278178130186,11278178131030,844
11278178370060,11278178370707,647
11278178614913,11278178615742,829
11278178855140,11278178855809,669
11278179112162,11278179112989,827
11278179357890,11278179358531,641
11278179601656,11278179602485,829
11278179846794,11278179847410,616
11278180093986,11278180094817,831
11278180337055,11278180337754,699
11278180579851,11278180580679,828
11278180823654,11278180824331,677
11278181066797,11278181067625,828
11278181312547,11278181313226,679
11278181556396,11278181557232,836
11278181798766,11278181799471,705
11278182041894,11278182042736,842
11278182291005,11278182291683,678
11278182535958,11278182536764,806
11278182782384,11278182783045,661
11278183024648,11278183025465,817
11278183265982,11278183266610,628
11278183513737,11278183514574,837
11278183754309,11278183755010,701
11278183996210,11278183997087,877
11278184236833,11278184237497,664
11278184482499,11278184483344,845
11278184724665,11278184725348,683
11278184968401,11278184969218,817
11278185210908,11278185211543,635
11278185455234,11278185456073,839
11278185706897,11278185707560,663
11278185952569,11278185953417,848
11278186194960,11278186195654,694
11278186443492,11278186444350,858
11278186689114,11278186689778,664
11278186932378,11278186933156,778
11278187175646,11278187176314,668
11278187453504,11278187454323,819
11278187695275,11278187695949,674
11278187939141,11278187940011,870
11278188179549,11278188180208,659
11278188422945,11278188423777,832
11278188664925,11278188665597,672
11278188916582,11278188917424,842
11278189162044,11278189162704,660
11278189405746,11278189406575,829
11278189648252,11278189648935,683
11278189893501,11278189894340,839
11278190139863,11278190140537,674
11278190384239,11278190385070,831
11278190624702,11278190625406,704
11278190867580,11278190868386,806
11278191112031,11278191112704,673
11278191356766,11278191357565,799
11278191599438,11278191600157,719
11278191842962,11278191843794,832
11278192084851,11278192085571,720
11278192339842,11278192340716,874
11278192582862,11278192583566,704
11278192832215,11278192833029,814
11278193075881,11278193076586,705
11278193322305,11278193323156,851
11278193568802,11278193569477,675
11278193813239,11278193814112,873
11278194054900,11278194055577,677
11278194301810,11278194302654,844
11278194542224,11278194542908,684
11278194783578,11278194784438,860
11278195026010,11278195026718,708
11278195269060,11278195269865,805
11278195512745,11278195513455,710
11278195766344,11278195767136,792
11278196009898,11278196010569,671
11278196257121,11278196257947,826
11278196504607,11278196505313,706
11278196750019,11278196750813,794
11278196994346,11278196995029,683
11278197239953,11278197240786,833
11278197480579,11278197481272,693
11278197727143,11278197727991,848
11278197970429,11278197971112,683
11278198215159,11278198215956,797
11278198455640,11278198456340,700
11278198701460,11278198702287,827
11278198957842,11278198958550,708
11278199206836,11278199207656,820
11278199451384,11278199452039,655
11278199724929,11278199725891,962
11278199971953,11278199972648,695
11278200219023,11278200219894,871
11278200464616,11278200465314,698
11278200705161,11278200706031,870
11278200947436,11278200948132,696
11278201189358,11278201190246,888
11278201429511,11278201430204,693
11278201673387,11278201674214,827
11278201913477,11278201914146,669
11278202154326,11278202155145,819
11278202402031,11278202402732,701
11278202647864,11278202648709,845
11278202887725,11278202888380,655
11278203130747,11278203131588,841
11278203372248,11278203372927,679
11278203617260,11278203618108,848
11278203857736,11278203858400,664
11278204101375,11278204102229,854
11278204343635,11278204344333,698
11278204587536,11278204588349,813
11278204828048,11278204828685,637
11278205068793,11278205069669,876
11278205307254,11278205307949,695
11278205555863,11278205556713,850
11278205800978,11278205801623,645
11278206047286,11278206048133,847
11278206289591,11278206290235,644
11278206532415,11278206533239,824
11278206777076,11278206777757,681
11278207020603,11278207021429,826
11278207262583,11278207263238,655
11278207503472,11278207504294,822
11278207745241,11278207745900,659
11278207990938,11278207991767,829
11278208231505,11278208232162,657
11278208472346,11278208473153,807
11278208712617,11278208713320,703
11278208965429,11278208966275,846
11278209219384,11278209220061,677
11278209462953,11278209463828,875
11278209705601,11278209706291,690
11278209950535,11278209951383,848
11278210194115,11278210194785,670
11278210436149,11278210436997,848
11278210676160,11278210676833,673
11278210917987,11278210918812,825
11278211162130,11278211162807,677
11278211402836,11278211403655,819
11278211641516,11278211642144,628
11278211884016,11278211884834,818
11278212124440,11278212125117,677
11278212375555,11278212376408,853
11278212618058,11278212618707,649
11278212862969,11278212863865,896
11278213102199,11278213102865,666
11278213349323,11278213350175,852
11278213590696,11278213591412,716
11278213834155,11278213835002,847
11278214075670,11278214076357,687
11278214316043,11278214316902,859
11278214558904,11278214559573,669
11278214803088,11278214803908,820
11278215042882,11278215043545,663
11278215284052,11278215284859,807
11278215527849,11278215528543,694
11278215780000,11278215780851,851
11278216027724,11278216028426,702
11278216270487,11278216271291,804
11278216512441,11278216513037,596
11278216758375,11278216759228,853
11278216998428,11278216999113,685
11278217241385,11278217242201,816
11278217483630,11278217484276,646
11278217728184,11278217728981,797
11278217969113,11278217969785,672
11278218213443,11278218214243,800
11278218452025,11278218452654,629
11278218696507,11278218697299,792
11278218944174,11278218944844,670
11278219188564,11278219189358,794
11278219432202,11278219432855,653
11278219680159,11278219681012,853
11278219923495,11278219924169,674
11278220167339,11278220168154,815
11278220411759,11278220412435,676
11278220651952,11278220652759,807
11278220895549,11278220896193,644
11278221137947,11278221138773,826
11278221380070,11278221380749,679
11278221622338,11278221623138,800
11278221862181,11278221862833,652
11278222104690,11278222105522,832
11278222352940,11278222353644,704
11278222599089,11278222599922,833
11278222842483,11278222843155,672
11278223089449,11278223090321,872
11278223331541,11278223332193,652
11278223575101,11278223575947,846
11278223817390,11278223818068,678
11278224059246,11278224060074,828
11278224302773,11278224303437,664
11278224549920,11278224550760,840
11278224788875,11278224789561,686
11278225028865,11278225029670,805
11278225274618,11278225275284,666
11278225516549,11278225517404,855
11278225767094,11278225767759,665
11278226018592,11278226019479,887
11278226262688,11278226263402,714
11278226510196,11278226511047,851
11278226752519,11278226753222,703
11278226995876,11278226996741,865
11278227238831,11278227239498,667
11278227484653,11278227485493,840
11278227725182,11278227725838,656
11278227967533,11278227968309,776
11278228208574,11278228209257,683
11278228451952,11278228452743,791
11278228692389,11278228693056,667
11278228939915,11278228940737,822
11278229185752,11278229186423,671
11278229430065,11278229430897,832
11278229676118,11278229676772,654
11278229920982,11278229921802,820
11278230167404,11278230168059,655
11278230408555,11278230409399,844
11278230651118,11278230651749,631
11278230895229,11278230896034,805
11278231136262,11278231136945,683
11278231378138,11278231378949,811
11278231619306,11278231619955,649
11278231863414,11278231864233,819
11278232103266,11278232103975,709
11278232358659,11278232359475,816
11278232603087,11278232603743,656
11278232848291,11278232849116,825
11278233090622,11278233091242,620
11278233332395,11278233333163,768
11278233577690,11278233578357,667
11278233820233,11278233821022,789
11278234062064,11278234062747,683
11278234301958,11278234302784,826
11278234548145,11278234548832,687
11278234789503,11278234790324,821
11278235033351,11278235034002,651
11278235275244,11278235276047,803
11278235516181,11278235516816,635
11278235762697,11278235763503,806
11278236009547,11278236010249,702
11278236255975,11278236256843,868
11278236498717,11278236499410,693
11278236744406,11278236745235,829
11278236986292,11278236986954,662
11278237231713,11278237232467,754
11278237471697,11278237472341,644
11278237713356,11278237714176,820
11278237956121,11278237956739,618
11278238202437,11278238203212,775
11278238439859,11278238440496,637
11278238684570,11278238685320,750
11278238934502,11278238935137,635
11278239178685,11278239179496,811
11278239424248,11278239424874,626
11278239670401,11278239671250,849
11278239914688,11278239915370,682
11278240159142,11278240159966,824
11278240400840,11278240401471,631
11278240645064,11278240645875,811
11278240891470,11278240892145,675
11278241131218,11278241131976,758
11278241371629,11278241372276,647
11278241616838,11278241617640,802
11278241857159,11278241857856,697
11278242099806,11278242100639,833
11278242349080,11278242349760,680
11278242593306,11278242594138,832
11278242840303,11278242840995,692
11278243083586,11278243084382,796
11278243327635,11278243328338,703
11278243569273,11278243570079,806
11278243814311,11278243814951,640
11278244056191,11278244056959,768
11278244297875,11278244298523,648
11278244541397,11278244542163,766
11278244784008,11278244784639,631
11278245031023,11278245031807,784
11278245270990,11278245271627,637
11278245512408,11278245513212,804
11278245765294,11278245765953,659
11278246012865,11278246013695,830
11278246255701,11278246256337,636
11278246500903,11278246501717,814
11278246743583,11278246744276,693
11278246988574,11278246989385,811
11278247234474,11278247235102,628
11278247475985,11278247476787,802
11278247718880,11278247719493,613
11278247962719,11278247963518,799
11278248205131,11278248205778,647
11278248446658,11278248447501,843
11278248689589,11278248690254,665
11278248941748,11278248942572,824
11278249188353,11278249189010,657
11278249434962,11278249435776,814
11278249680900,11278249681540,640
11278249924587,11278249925371,784
11278250167882,11278250168551,669
11278250413423,11278250414201,778
11278250654347,11278250654995,648
11278250896202,11278250897015,813
11278251135290,11278251135969,679
11278251380264,11278251381076,812
11278251620871,11278251621529,658
11278251863510,11278251864312,802
11278252105571,11278252106225,654
11278252360595,11278252361448,853
11278252607701,11278252608344,643
11278252860717,11278252861573,856
11278253103306,11278253104050,744
11278253352328,11278253353185,857
11278253595368,11278253596044,676
11278253840038,11278253840850,812
11278254081583,11278254082269,686
11278254325111,11278254325927,816
11278254568933,11278254569642,709
11278254811145,11278254811918,773
11278255053321,11278255053953,632
11278255316646,11278255317464,818
11278255568715,11278255569393,678
11278255821025,11278255821879,854
11278256069703,11278256070386,683
11278256349379,11278256350196,817
11278256598678,11278256599418,740
11278256852189,11278256853096,907
11278257136513,11278257137181,668
11278257407757,11278257408597,840
11278257770568,11278257771238,670
11278258020571,11278258021420,849
11278258273190,11278258273855,665
11278258520191,11278258521035,844
11278258774341,11278258775011,670
11278259039414,11278259040342,928
11278259286885,11278259287580,695
11278259535581,11278259536396,815
11278259780350,11278259781061,711
11278260023934,11278260024749,815
11278260282268,11278260282926,658
11278260529138,11278260529970,832
11278260770229,11278260770884,655
11278261014205,11278261015028,823
11278261263482,11278261264170,688
11278261510020,11278261510846,826
11278261752350,11278261753016,666
11278261995673,11278261996464,791
11278262246370,11278262247078,708
11278262493973,11278262494829,856
11278262735942,11278262736670,728
11278262978199,11278262979051,852
11278263222307,11278263222993,686
11278263465909,11278263466734,825
11278263706516,11278263707190,674
11278263953101,11278263953926,825
11278264197029,11278264197672,643
11278264440092,11278264440907,815
11278264683537,11278264684213,676
11278264928753,11278264929574,821
11278265174428,11278265175157,729
11278265418863,11278265419672,809
11278265668656,11278265669354,698
11278265915408,11278265916261,853
11278266157676,11278266158348,672
11278266403555,11278266404381,826
11278266643910,11278266644608,698
11278266913188,11278266913993,805
11278267152707,11278267153392,685
11278267395049,11278267395848,799
11278267634008,11278267634679,671
11278267878473,11278267879279,806
11278268119410,11278268120097,687
11278268360069,11278268360922,853
11278268602152,11278268602840,688
11278268847955,11278268848773,818
11278269093568,11278269094277,709
11278269337474,11278269338312,838
11278269581663,11278269582334,671
11278269823888,11278269825775,1887
11278270067023,11278270067670,647
11278270310135,11278270310944,809
11278270551924,11278270552591,667
11278270795562,11278270796390,828
11278271038095,11278271038811,716
11278271281651,11278271282422,771
11278271524111,11278271524752,641
11278271765112,11278271765922,810
11278272007141,11278272007787,646
11278272264414,11278272265177,763
11278272504021,11278272504635,614
11278272747724,11278272748552,828
11278272992523,11278272993183,660
11278273236848,11278273237666,818
11278273475659,11278273476282,623
11278273724859,11278273725620,761
11278273964777,11278273965388,611
11278274210795,11278274211610,815
11278274453364,11278274454075,711
11278274693652,11278274694467,815
11278274934727,11278274935403,676
11278275181401,11278275182161,760
11278275422558,11278275423240,682
11278275673017,11278275673866,849
11278275915688,11278275916363,675
11278276158959,11278276159782,823
11278276400908,11278276401586,678
11278276642500,11278276643313,813
11278276882730,11278276883405,675
11278277126537,11278277127363,826
11278277380212,11278277380877,665
11278277621578,11278277622395,817
11278277860098,11278277860726,628
11278278102826,11278278103621,795
11278278357033,11278278357708,675
11278278600098,11278278600927,829
11278278838187,11278278838833,646
11278279089254,11278279090071,817
11278279336012,11278279336677,665
11278279578141,11278279578990,849
11278279819103,11278279819739,636
11278280063963,11278280064808,845
11278280326384,11278280327051,667
11278280569618,11278280570433,815
11278280811007,11278280811642,635
11278281054521,11278281055358,837
11278281298411,11278281299093,682
11278281539433,11278281540292,859
11278281782875,11278281783593,718
11278282024951,11278282025779,828
11278282275854,11278282276524,670
11278282520378,11278282521197,819
11278282762801,11278282763460,659
11278283005348,11278283006192,844
11278283245056,11278283245714,658
11278283485264,11278283486071,807
11278283728713,11278283729397,684
11278283974819,11278283975682,863
11278284214443,11278284215095,652
11278284456768,11278284457618,850
11278284696487,11278284697197,710
11278284940791,11278284941623,832
11278285183458,11278285184130,672
11278285424775,11278285425617,842
11278285675911,11278285676550,639
11278285925734,11278285926576,842
11278286168150,11278286168794,644
11278286417332,11278286418171,839
11278286658242,11278286658905,663
11278286903895,11278286904750,855
11278287148438,11278287149140,702
11278287401784,11278287402659,875
11278287641433,11278287642120,687
11278287885983,11278287886823,840
11278288129046,11278288129730,684
11278288387823,11278288388685,862
11278288628787,11278288629522,735
11278288870123,11278288870992,869
11278289123054,11278289123745,691
11278289370971,11278289371754,783
11278289613110,11278289613758,648
11278289856853,11278289857660,807
11278290099527,11278290100216,689
11278290344686,11278290345556,870
11278290587760,11278290588453,693
11278290832625,11278290833458,833
11278291077979,11278291078663,684
11278291322236,11278291323079,843
11278291564120,11278291564773,653
11278291808555,11278291809405,850
11278292047251,11278292047928,677
11278292313729,11278292314596,867
11278292560954,11278292561635,681
11278292803837,11278292804630,793
11278293048860,11278293049519,659
11278293308223,11278293309054,831
11278293554711,11278293555388,677
11278293798862,11278293799660,798
11278294038616,11278294039265,649
11278294283143,11278294283979,836
11278294523583,11278294524235,652
11278294768111,11278294768944,833
11278295011489,11278295012114,625
11278295258062,11278295258866,804
11278295502801,11278295503471,670
11278295752725,11278295753508,783
11278295995850,11278295996492,642
11278296239383,11278296240180,797
11278296498673,11278296499322,649
11278296740415,11278296741222,807
11278296982806,11278296983445,639
11278297224733,11278297225554,821
11278297465721,11278297466365,644
11278297707685,11278297708566,881
11278297953947,11278297954611,664
11278298215879,11278298216694,815
11278298456514,11278298457170,656
11278298699692,11278298700542,850
11278298946803,11278298947504,701
11278299195157,11278299195956,799
11278299442171,11278299442866,695
11278299685444,11278299686294,850
11278299927425,11278299928095,670
11278300173650,11278300174540,890
11278300430082,11278300430767,685
11278300673249,11278300674068,819
11278300917305,11278300917958,653
11278301160563,11278301161439,876
11278301408325,11278301408986,661
11278301651762,11278301652617,855
11278301892350,11278301892982,632
11278302135095,11278302135962,867
11278302391988,11278302392644,656
11278302636185,11278302637024,839
11278302876374,11278302877039,665
11278303119618,11278303120442,824
11278303361791,11278303362457,666
11278303606812,11278303607659,847
11278303846707,11278303847393,686
11278304088786,11278304089626,840
11278304333824,11278304334519,695
11278304576990,11278304577857,867
11278304819632,11278304820293,661
11278305062936,11278305063776,840
11278305303415,11278305304088,673
11278305550513,11278305551351,838
11278305796627,11278305797296,669
11278306040327,11278306041151,824
11278306284293,11278306284970,677
11278306528705,11278306529535,830
11278306772445,11278306773156,711
11278307016357,11278307017164,807
11278307261293,11278307261970,677
11278307510286,11278307511188,902
11278307753771,11278307754436,665
11278307998128,11278307998976,848
11278308242228,11278308242884,656
11278308484910,11278308485756,846
11278308725763,11278308726426,663
11278308974787,11278308975678,891
11278309219866,11278309220581,715
11278309464143,11278309465034,891
11278309708321,11278309709054,733
11278309953797,11278309954699,902
11278310196539,11278310197233,694
11278310456838,11278310457690,852
11278310700725,11278310701410,685
11278310945599,11278310946412,813
11278311190609,11278311191286,677
11278311435821,11278311436681,860
11278311677941,11278311678614,673
11278311922039,11278311922846,807
11278312164937,11278312165619,682
11278312417384,11278312418194,810
11278312657537,11278312658190,653
11278312901770,11278312902568,798
11278313144308,11278313144957,649
11278313394137,11278313394969,832
11278313634857,11278313635508,651
11278313878411,11278313879260,849
11278314119089,11278314119777,688
11278314371146,11278314371940,794
11278314612205,11278314612889,684
11278314856575,11278314857388,813
11278315099718,11278315100362,644
11278315345763,11278315346558,795
11278315596609,11278315597276,667
11278315841947,11278315842796,849
11278316087346,11278316088045,699
11278316332870,11278316333733,863
11278316584117,11278316584833,716
11278316828717,11278316829587,870
11278317071866,11278317072558,692
11278317312973,11278317313799,826
11278317553503,11278317554169,666
11278317796958,11278317797773,815
11278318041316,11278318041972,656
11278318284845,11278318285694,849
11278318525291,11278318525960,669
11278318770108,11278318770904,796
11278319017216,11278319017918,702
11278319263416,11278319264260,844
11278319533067,11278319533784,717
11278319776359,11278319777173,814
11278320023454,11278320024158,704
11278320279243,11278320280092,849
11278320519886,11278320520571,685
11278320762559,11278320763411,852
11278321006157,11278321006836,679
11278321248167,11278321248989,822
11278321489644,11278321490273,629
11278321733824,11278321734656,832
11278321978048,11278321978690,642
11278322229667,11278322230511,844
11278322472722,11278322473407,685
11278322722077,11278322722923,846
11278322968010,11278322968675,665
11278323219575,11278323220432,857
11278323462602,11278323463326,724
11278323706901,11278323707748,847
11278323949141,11278323949857,716
11278324189074,11278324189947,873
11278324433751,11278324434443,692
11278324677032,11278324677872,840
11278324921209,11278324921871,662
11278325161805,11278325162672,867
11278325418401,11278325419104,703
11278325670358,11278325671213,855
11278325914612,11278325915278,666
11278326168538,11278326169328,790
11278326413842,11278326414497,655
11278326659795,11278326660645,850
11278326901930,11278326902614,684
11278327147167,11278327148003,836
11278327390662,11278327391298,636
11278327635796,11278327636609,813
11278327876289,11278327876944,655
11278328118482,11278328119276,794
11278328398867,11278328399511,644
11278328654354,11278328655201,847
11278328902328,11278328902990,662
11278329146188,11278329146998,810
11278329393772,11278329394406,634
11278329638164,11278329638998,834
11278329883528,11278329884182,654
11278330129447,11278330130282,835
11278330379976,11278330380685,709
11278330622220,11278330623026,806
11278330866399,11278330867097,698
11278331109363,11278331110199,836
11278331361015,11278331361672,657
11278331604250,11278331605059,809
11278331846006,11278331846703,697
11278332091246,11278332092041,795
11278332367126,11278332367801,675
11278332613395,11278332614202,807
11278332856052,11278332856750,698
11278333098998,11278333099848,850
11278333339473,11278333340151,678
11278333585711,11278333586588,877
11278333828218,11278333828911,693
11278334071176,11278334071996,820
11278334313610,11278334314260,650
11278334564370,11278334565210,840
11278334806134,11278334806799,665
11278335047562,11278335048424,862
11278335293378,11278335294083,705
11278335537052,11278335537885,833
11278335791229,11278335791908,679
11278336035801,11278336036625,824
11278336305141,11278336305780,639
11278336559224,11278336560002,778
11278336802222,11278336802864,642
11278337046329,11278337047147,818
11278337299011,11278337299680,669
11278337544937,11278337545743,806
11278337785436,11278337786100,664
11278338027470,11278338028278,808
11278338281741,11278338282378,637
11278338526207,11278338527001,794
11278338769780,11278338770442,662
11278339019974,11278339020887,913
11278339274991,11278339275681,690
11278339519351,11278339520151,800
11278339788542,11278339789233,691
11278340033044,11278340033864,820
11278340272990,11278340273679,689
11278340516506,11278340517291,785
11278340756920,11278340757640,720
11278340999180,11278341000003,823
11278341240925,11278341241609,684
11278341488934,11278341489843,909
11278341728058,11278341728703,645
11278341970529,11278341971357,828
11278342217849,11278342218522,673
11278342461647,11278342465310,3663
11278342710534,11278342711203,669
11278342954791,11278342955621,830
11278343207409,11278343208095,686
11278343450320,11278343451126,806
11278343694026,11278343694731,705
11278343938565,11278343939433,868
11278344178743,11278344179421,678
11278344419249,11278344420039,790
11278344662181,11278344662873,692
11278344902791,11278344903603,812
11278345143108,11278345143805,697
11278345393956,11278345394786,830
11278345645293,11278345645970,677
11278345888608,11278345889477,869
11278346129697,11278346130430,733
11278346374883,11278346375732,849
11278346615106,11278346615813,707
11278346859539,11278346860367,828
11278347101531,11278347102233,702
11278347346895,11278347347776,881
11278347586357,11278347587047,690
11278347831214,11278347832032,818
11278348071340,11278348072044,704
11278348316453,11278348317278,825
11278348556970,11278348557627,657
11278348803162,11278348803989,827
11278349049142,11278349049865,723
11278349318277,11278349319123,846
11278349561243,11278349561968,725
11278349802081,11278349802914,833
11278350045343,11278350046004,661
11278350289419,11278350290183,764
11278350531159,11278350531869,710
11278350772290,11278350773140,850
11278351014188,11278351014853,665
11278351258791,11278351259638,847
11278351497900,11278351498554,654
11278351738056,11278351738874,818
11278351977747,11278351978424,677
11278352229086,11278352229969,883
11278352472288,11278352473002,714
11278352717907,11278352718741,834
11278352957144,11278352957823,679
11278353205099,11278353205925,826
11278353447989,11278353448672,683
11278353690610,11278353691416,806
11278353929092,11278353929781,689
11278354176152,11278354177005,853
11278354416147,11278354416846,699
11278354657510,11278354658376,866
11278354899730,11278354900390,660
11278355141868,11278355142662,794
11278355395202,11278355395876,674
11278355646368,11278355647186,818
11278355889682,11278355890372,690
11278356133544,11278356134361,817
11278356377508,11278356378163,655
11278356620350,11278356621155,805
11278356862813,11278356863503,690
11278357107112,11278357107945,833
11278357348523,11278357349239,716
11278357591511,11278357592319,808
11278357834682,11278357835394,712
11278358076948,11278358077822,874
11278358330991,11278358331681,690
11278358571997,11278358572821,824
11278358818408,11278358819106,698
11278359070895,11278359071742,847
11278359325969,11278359326650,681
11278359569535,11278359570377,842
11278359814174,11278359814867,693
11278360056044,11278360056865,821
11278360301848,11278360302577,729
11278360543303,11278360544146,843
11278360787144,11278360787816,672
11278361027890,11278361028740,850
11278361269042,11278361269696,654
11278361510230,11278361511080,850
11278361756684,11278361757398,714
11278362002372,11278362003214,842
11278362250645,11278362251310,665
11278362520850,11278362521691,841
11278362765514,11278362766222,708
11278363010258,11278363011104,846
11278363256090,11278363256767,677
11278363502426,11278363503223,797
11278363742950,11278363743625,675
11278363985118,11278363985937,819
11278364229571,11278364230210,639
11278364469524,11278364470317,793
11278364710966,11278364711634,668
11278364953688,11278364954506,818
11278365200874,11278365201563,689
11278365459589,11278365460428,839
11278365714009,11278365714740,731
11278365961591,11278365962440,849
11278366207201,11278366207915,714
11278366467029,11278366467834,805
11278366713798,11278366714466,668
11278366964779,11278366965614,835
11278367235903,11278367236604,701
11278367482684,11278367483564,880
11278367732586,11278367733270,684
11278367976190,11278367977050,860
11278368215613,11278368216269,656
11278368464431,11278368465271,840
11278368708276,11278368708990,714
11278368962583,11278368963423,840
11278369210959,11278369211621,662
11278369462674,11278369463523,849
11278369708048,11278369708733,685
11278369949958,11278369950779,821
11278370193678,11278370194320,642
11278370436114,11278370436997,883
11278370678405,11278370679087,682
11278370920887,11278370921761,874
11278371179568,11278371180252,684
11278371422450,11278371423259,809
11278371665526,11278371666205,679
11278371913422,11278371914260,838
11278372155523,11278372156197,674
11278372406751,11278372407585,834
11278372651030,11278372651724,694
11278372898159,11278372899008,849
11278373139005,11278373139663,658
11278373385977,11278373386801,824
11278373626975,11278373627640,665
11278373869833,11278373870687,854
11278374115502,11278374116214,712
11278374356749,11278374357544,795
11278374598095,11278374598809,714
11278374845471,11278374846285,814
11278375086375,11278375087056,681
11278375329281,11278375330138,857
11278375579458,11278375580071,613
11278375826160,11278375826960,800
11278376069221,11278376069875,654
11278376317957,11278376318797,840
11278376561690,11278376562411,721
11278376803831,11278376804629,798
11278377044737,11278377045408,671
11278377289624,11278377290422,798
11278377533853,11278377534538,685
11278377776882,11278377777734,852
11278378017741,11278378018416,675
11278378258554,11278378259430,876
11278378505738,11278378506421,683
11278378749696,11278378750616,920
11278379000066,11278379000735,669
11278379246520,11278379247377,857
11278379494601,11278379495295,694
11278379738285,11278379739159,874
11278379979833,11278379980490,657
11278380229660,11278380230558,898
11278380472045,11278380472693,648
11278380715549,11278380716404,855
11278380955869,11278380956565,696
11278381199150,11278381199983,833
11278381447374,11278381448017,643
11278381692015,11278381692892,877
11278381934173,11278381934885,712
11278382176791,11278382177637,846
11278382426737,11278382427420,683
11278382670708,11278382671529,821
11278382917480,11278382918147,667
11278383160673,11278383161510,837
11278383402446,11278383403111,665
11278383644849,11278383645660,811
11278383889100,11278383889807,707
11278384131281,11278384132117,836
11278384376669,11278384377384,715
11278384619937,11278384620791,854
11278384862134,11278384862841,707
11278385103620,11278385104444,824
11278385345735,11278385346443,708
11278385599334,11278385600178,844
11278385844964,11278385845657,693
11278386088000,11278386088807,807
11278386335058,11278386335727,669
11278386582319,11278386583149,830
11278386824970,11278386825619,649
11278387070607,11278387071431,824
11278387325903,11278387326546,643
11278387568034,11278387568882,848
11278387808672,11278387809341,669
11278388050744,11278388051572,828
11278388293805,11278388294480,675
11278388553852,11278388554735,883
11278388793499,11278388794218,719
11278389058061,11278389058927,866
11278389303075,11278389303762,687
11278389549442,11278389550258,816
11278389792196,11278389792857,661
11278390034064,11278390034879,815
11278390275683,11278390276345,662
11278390520736,11278390521518,782
11278390762532,11278390763187,655
11278391005295,11278391006134,839
11278391267686,11278391268404,718
11278391511381,11278391512211,830
11278391751346,11278391752000,654
11278391993844,11278391994628,784
11278392244200,11278392244865,665
11278392487885,11278392488710,825
11278392734127,11278392734836,709
11278392978671,11278392979555,884
11278393220808,11278393221508,700
11278393479853,11278393480720,867
11278393721902,11278393722600,698
11278393965558,11278393966407,849
11278394207612,11278394208294,682
11278394452122,11278394452910,788
11278394692773,11278394693478,705
11278394939041,11278394939861,820
11278395183998,11278395184648,650
11278395426269,11278395427099,830
11278395674678,11278395675383,705
11278395921375,11278395922256,881
11278396163828,11278396164476,648
11278396417202,11278396418047,845
11278396659818,11278396660439,621
11278396903288,11278396904171,883
11278397148412,11278397149113,701
11278397389393,11278397390241,848
11278397630439,11278397631116,677
11278397872606,11278397873398,792
11278398115068,11278398115729,661
11278398363561,11278398364415,854
11278398602872,11278398603516,644
11278398893511,11278398894403,892
11278399139611,11278399140291,680
11278399385259,11278399386091,832
11278399631215,11278399631873,658
11278399878290,11278399879079,789
11278400121534,11278400122231,697
11278400367878,11278400368725,847
11278400609593,11278400610298,705
11278400853189,11278400854049,860
11278401095222,11278401095921,699
11278401339648,11278401340468,820
11278401579032,11278401579715,683
11278401820486,11278401821344,858
11278402060795,11278402061472,677
11278402322948,11278402323791,843
11278402568234,11278402568892,658
11278402816309,11278402817166,857
11278403057478,11278403058148,670
11278403306385,11278403307250,865
11278403551593,11278403552230,637
11278403797876,11278403798674,798
11278404038356,11278404039044,688
11278404280596,11278404281406,810
11278404523010,11278404523710,700
11278404768126,11278404768956,830
11278405011001,11278405011662,661
11278405256953,11278405257746,793
11278405497745,11278405498440,695
11278405750817,11278405751636,819
11278405994643,11278405995300,657
11278406243508,11278406244370,862
11278406485273,11278406485961,688
11278406729144,11278406729986,842
11278406972559,11278406973242,683
11278407215218,11278407216036,818
11278407458529,11278407459173,644
11278407702961,11278407703772,811
11278407951656,11278407952299,643
11278408194615,11278408195486,871
11278408455580,11278408456263,683
11278408699740,11278408700590,850
11278408951575,11278408952263,688
11278409199564,11278409200369,805
11278409442161,11278409442832,671
11278409687622,11278409688481,859
11278409929512,11278409930163,651
11278410169112,11278410169930,818
11278410413259,11278410413880,621
11278410655631,11278410656438,807
11278410897424,11278410898028,604
11278411138072,11278411138867,795
11278411389913,11278411390530,617
11278411634451,11278411635243,792
11278411874407,11278411875022,615
11278412117236,11278412118023,787
11278412401670,11278412402409,739
11278412654173,11278412654997,824
11278412895176,11278412895873,697
11278413143863,11278413144704,841
11278413387093,11278413387786,693
11278413629431,11278413630278,847
11278413869575,11278413870213,638
11278414113639,11278414114511,872
11278414385869,11278414387553,1684
11278414629846,11278414630670,824
11278414871948,11278414872597,649
11278415115259,11278415116163,904
11278415354080,11278415354709,629
11278415606959,11278415607795,836
11278415849669,11278415850323,654
11278416092669,11278416093462,793
11278416360724,11278416361388,664
11278416604099,11278416604894,795
11278416843998,11278416844644,646
11278417084501,11278417085339,838
11278417331598,11278417332275,677
11278417572518,11278417573304,786
11278417813572,11278417814230,658
11278418054424,11278418055289,865
11278418322803,11278418323527,724
11278418564297,11278418565137,840
11278418803621,11278418804267,646
11278419048429,11278419049253,824
11278419290468,11278419291135,667
11278419558433,11278419559272,839
11278419805050,11278419805717,667
11278420045047,11278420045905,858
11278420288132,11278420288782,650
11278420534479,11278420535310,831
11278420773511,11278420774194,683
11278421018698,11278421019570,872
11278421264187,11278421264862,675
11278421506410,11278421507256,846
11278421743619,11278421744286,667
11278421986253,11278421987090,837
11278422232201,11278422232835,634
11278422477921,11278422478748,827
11278422719998,11278422720654,656
11278422963103,11278422963957,854
11278423204947,11278423205632,685
11278423452056,11278423452874,818
11278423693229,11278423693899,670
11278423937417,11278423938245,828
11278424178930,11278424179589,659
11278424419360,11278424420171,811
11278424662043,11278424662725,682
11278424908525,11278424909325,800
11278425149653,11278425150321,668
11278425390409,11278425391204,795
11278425640159,11278425640821,662
11278425883463,11278425884291,828
11278426131766,11278426132407,641
11278426374549,11278426375366,817
11278426616182,11278426616857,675
11278426861118,11278426861958,840
11278427103448,11278427104091,643
11278427345317,11278427346119,802
11278427586753,11278427587420,667
11278427826806,11278427827593,787
11278428066477,11278428067126,649
11278428311026,11278428311857,831
11278428552360,11278428553017,657
11278428796862,11278428797670,808
11278429044158,11278429044839,681
11278429290060,11278429290935,875
11278429531649,11278429532322,673
11278429775773,11278429776615,842
11278430019137,11278430019754,617
11278430273907,11278430274753,846
11278430513964,11278430514621,657
11278430753220,11278430754013,793
11278430996834,11278430997497,663
11278431252522,11278431253354,832
11278431494205,11278431494897,692
11278431736916,11278431737731,815
11278431976597,11278431977281,684
11278432224466,11278432225286,820
11278432467139,11278432467802,663
11278432710272,11278432711130,858
11278432953124,11278432953820,696
11278433199524,11278433200370,846
11278433438148,11278433438803,655
11278433680873,11278433681685,812
11278433924005,11278433924676,671
11278434168674,11278434169495,821
11278434409436,11278434410091,655
11278434653629,11278434654467,838
11278434896987,11278434897649,662
11278435138385,11278435139217,832
11278435378812,11278435379486,674
11278435629263,11278435630164,901
11278435874106,11278435874781,675
11278436122805,11278436123624,819
11278436368206,11278436368877,671
11278436616689,11278436617511,822
11278436860919,11278436861602,683
11278437106196,11278437107007,811
11278437348685,11278437349324,639
11278437589583,11278437590394,811
11278437831437,11278437832111,674
11278438076996,11278438077818,822
11278438317867,11278438318522,655
11278438559118,11278438559937,819
11278438800963,11278438801630,667
11278439049442,11278439050298,856
11278439294836,11278439295543,707
11278439536658,11278439537511,853
11278439778483,11278439779158,675
11278440021471,11278440022298,827
11278440269380,11278440270038,658
11278440510233,11278440511079,846
11278440748771,11278440749446,675
11278440990958,11278440991826,868
11278441234789,11278441235444,655
11278441477546,11278441478407,861
11278441721264,11278441721937,673
11278441963613,11278441964451,838
11278442201381,11278442202052,671
11278442477231,11278442478072,841
11278442720816,11278442721485,669
11278442966240,11278442967078,838
11278443215124,11278443215810,686
11278443461420,11278443462280,860
11278443705684,11278443706362,678
11278443950038,11278443950862,824
11278444192362,11278444193009,647
11278444439197,11278444440029,832
11278444686481,11278444687142,661
11278444927401,11278444928274,873
11278445193525,11278445194195,670
11278445561742,11278445562637,895
11278445813171,11278445813878,707
11278446057596,11278446058450,854
11278446302831,11278446303495,664
11278446549461,11278446550303,842
11278446794845,11278446795518,673
11278447039534,11278447040388,854
11278447283932,11278447284625,693
11278447529981,11278447530832,851
11278447769760,11278447770436,676
11278448013576,11278448014432,856
11278448256126,11278448256806,680
11278448499541,11278448500360,819
11278448738091,11278448738806,715
11278448991833,11278448992640,807
11278449236236,11278449236902,666
11278449489531,11278449490353,822
11278449735726,11278449736396,670
11278449979125,11278449979970,845
11278450250063,11278450250717,654
11278450501518,11278450502277,759
11278450743490,11278450744125,635
11278450985698,11278450986503,805
11278451233296,11278451233914,618
11278451476732,11278451477527,795
11278451718158,11278451718824,666
11278451962419,11278451963257,838
11278452211004,11278452211921,917
11278452482419,11278452483311,892
11278452731005,11278452731678,673
11278452980975,11278452981812,837
11278453248392,11278453249032,640
11278453509796,11278453510945,1149
11278453757732,11278453758403,671
11278454012880,11278454013687,807
11278454268812,11278454269455,643
11278454633106,11278454634252,1146
11278454931053,11278454931895,842
11278455238260,11278455239833,1573
11278455704194,11278455705302,1108
11278456144566,11278456145902,1336
11278456612742,11278456613905,1163
11278456937560,11278456938690,1130
11278457254522,11278457255495,973
11278457555063,11278457556139,1076
11278457846467,11278457847312,845
11278458120847,11278458121657,810
11278458400921,11278458401544,623
11278458724424,11278458725608,1184
11278459063256,11278459064050,794
11278459329088,11278459329998,910
11278459564687,11278459565312,625
11278459799550,11278459800318,768
11278460038930,11278460039622,692
11278460367338,11278460368439,1101
11278460696597,11278460697304,707
11278460955039,11278460955912,873
11278461181300,11278461181921,621
11278461437607,11278461438409,802
11278461661788,11278461662406,618
11278461885676,11278461886444,768
11278462105910,11278462106545,635
11278462341281,11278462342091,810
11278462580467,11278462581115,648
11278462860462,11278462861329,867
11278463119338,11278463120031,693
11278463477317,11278463478434,1117
11278463801972,11278463803326,1354
11278464138678,11278464140221,1543
11278464564247,11278464565398,1151
11278464969214,11278464970150,936
11278465208634,11278465209340,706
11278465445479,11278465446289,810
11278465690019,11278465690714,695
11278465968842,11278465969850,1008
11278466431630,11278466432824,1194
11278466755702,11278466756796,1094
11278467060878,11278467061589,711
11278467349062,11278467350235,1173
11278467613241,11278467613868,627
11278467848640,11278467849402,762
11278468071833,11278468072461,628
11278468298121,11278468298876,755
11278468521502,11278468522133,631
11278468745426,11278468746181,755
11278468985820,11278468986479,659
11278469215453,11278469216238,785
11278469456628,11278469457329,701
11278469701012,11278469701785,773
11278469957418,11278469958062,644
11278470219432,11278470220206,774
11278470462603,11278470463228,625
11278470698576,11278470699381,805
11278470924414,11278470925104,690
11278471162966,11278471163717,751
11278471405931,11278471406461,530
11278471652617,11278471653474,857
11278471873920,11278471874532,612
11278472140689,11278472141460,771
11278472424784,11278472425546,762
11278472671288,11278472672089,801
11278472898484,11278472899194,710
11278473136860,11278473137674,814
11278473361089,11278473361751,662
11278473584127,11278473584863,736
11278473804035,11278473804641,606
11278474027435,11278474028219,784
11278474275094,11278474275730,636
11278474497372,11278474498117,745
11278474718693,11278474719316,623
11278474939997,11278474940736,739
11278475190461,11278475191016,555
11278475422146,11278475422920,774
11278475771370,11278475772119,749
11278476021372,11278476022249,877
11278476247171,11278476247849,678
11278476500462,11278476501282,820
11278476757158,11278476757764,606
11278477040610,11278477041454,844
11278477272762,11278477273398,636
11278477508456,11278477509241,785
11278477727540,11278477728251,711
11278477948775,11278477949569,794
11278478166704,11278478167355,651
11278478411741,11278478412537,796
11278478629613,11278478630216,603
11278478897270,11278478898092,822
11278479118660,11278479119328,668
11278479337963,11278479338713,750
11278479553588,11278479554235,647
11278479772827,11278479773612,785
11278479995583,11278479996229,646
11278480216484,11278480217239,755
11278480433747,11278480434410,663
11278480652337,11278480653081,744
11278480871423,11278480872015,592
11278481091157,11278481091900,743
11278481304602,11278481305210,608
11278481521296,11278481522051,755
11278481768369,11278481769024,655
11278481991973,11278481992789,816
11278482212519,11278482213200,681
11278482435320,11278482436066,746
11278482650994,11278482651584,590
11278482871288,11278482872069,781
11278483086638,11278483087228,590
11278483305027,11278483305774,747
11278483523937,11278483524567,630
11278483781376,11278483782110,734
11278484019974,11278484020585,611
11278484237782,11278484238508,726
11278484452432,11278484453053,621
11278484671695,11278484672401,706
11278484889263,11278484889888,625
11278485115805,11278485116469,664
11278485336007,11278485336573,566
11278485569841,11278485570645,804
11278485835430,11278485836098,668
11278486069099,11278486069858,759
11278486283649,11278486284300,651
11278486539727,11278486540496,769
11278486758632,11278486759285,653
11278486973585,11278486974328,743
11278487189509,11278487190174,665
11278487408296,11278487409034,738
11278487622898,11278487623498,600
11278487836889,11278487838678,1789
11278488054769,11278488055388,619
11278488270464,11278488271235,771
11278488487155,11278488488811,1656
11278488705807,11278488706574,767
11278488926023,11278488926649,626
11278489144604,11278489145353,749
11278489360085,11278489360712,627
11278489576584,11278489577347,763
11278489792342,11278489792938,596
11278490012343,11278490013133,790
11278490227163,11278490227802,639
11278490446191,11278490446979,788
11278490662718,11278490663371,653
11278490880926,11278490881666,740
11278491092250,11278491092858,608
11278491309997,11278491310787,790
11278491525244,11278491525862,618
11278491738547,11278491739297,750
11278491952898,11278491953518,620
11278492170382,11278492171157,775
11278492391945,11278492392560,615
11278492609014,11278492609776,762
11278492824511,11278492825152,641
11278493040240,11278493041038,798
11278493257614,11278493258280,666
11278493472326,11278493473086,760
11278493685170,11278493685790,620
11278493903162,11278493903910,748
11278494119878,11278494120490,612
11278494336686,11278494337407,721
11278494553226,11278494553860,634
11278494769457,11278494770259,802
11278494988284,11278494988932,648
11278495219903,11278495220705,802
11278495433756,11278495434402,646
11278495656201,11278495656996,795
11278495878725,11278495879376,651
11278496116973,11278496117868,895
11278496351969,11278496352609,640
11278496569443,11278496570245,802
11278496814795,11278496815630,835
11278497060750,11278497061518,768
11278497277462,11278497278123,661
11278497497145,11278497497907,762
11278497717096,11278497717739,643
11278497934362,11278497935136,774
11278498165106,11278498165767,661
11278498403304,11278498404074,770
11278498620373,11278498620985,612
11278498835861,11278498836626,765
11278499071444,11278499072023,579
11278499291600,11278499292365,765
11278499514606,11278499515253,647
11278499732233,11278499732977,744
11278499947484,11278499948127,643
11278500165282,11278500166015,733
11278500382172,11278500382772,600
11278500597116,11278500597929,813
11278500812763,11278500813394,631
11278501033102,11278501033888,786
11278501249820,11278501250432,612
11278501465531,11278501466298,767
11278501681060,11278501681708,648
11278501898229,11278501899029,800
11278502115078,11278502115707,629
11278502340366,11278502341125,759
11278502556821,11278502557447,626
11278502775461,11278502776230,769
11278502991135,11278502991794,659
11278503207939,11278503208717,778
11278503430946,11278503431606,660
11278503683745,11278503684559,814
11278503916893,11278503917539,646
11278504142865,11278504143619,754
11278504359125,11278504359744,619
11278504577041,11278504577802,761
11278504792863,11278504793494,631
11278505027966,11278505028766,800
11278505293185,11278505293880,695
11278505670963,11278505672145,1182
11278505937441,11278505938100,659
11278506166951,11278506167759,808
11278506385612,11278506386233,621
11278506601429,11278506602209,780
11278506818483,11278506819116,633
11278507038039,11278507038793,754
11278507253166,11278507253759,593
11278507471839,11278507472624,785
11278507688031,11278507688673,642
11278507906100,11278507906867,767
11278508120903,11278508121511,608
11278508345481,11278508346259,778
11278508563422,11278508564055,633
11278508782367,11278508783126,759
11278509009471,11278509010119,648
11278509232926,11278509233676,750
11278509449910,11278509450535,625
11278509667789,11278509668546,757
11278509882060,11278509882625,565
11278510100369,11278510101112,743
11278510315411,11278510316018,607
11278510530002,11278510530721,719
11278510744366,11278510745016,650
11278510960767,11278510961513,746
11278511176615,11278511177241,626
11278511393839,11278511394564,725
11278511608373,11278511608938,565
11278511824647,11278511825383,736
11278512040147,11278512040719,572
11278512262220,11278512262959,739
11278512480629,11278512481296,667
11278512699326,11278512700094,768
11278512914695,11278512915331,636
11278513134828,11278513135586,758
11278513350248,11278513350860,612
11278513569698,11278513570452,754
11278513781608,11278513782245,637
11278514000609,11278514001360,751
11278514225119,11278514225724,605
11278514440405,11278514441153,748
11278514656275,11278514656866,591
11278514871061,11278514871835,774
11278515086262,11278515086889,627
11278515307714,11278515308479,765
11278515522191,11278515522799,608
11278515751279,11278515752041,762
11278515970347,11278515970961,614
11278516186270,11278516187051,781
11278516405162,11278516405811,649
11278516624105,11278516624872,767
11278516837401,11278516838032,631
11278517057119,11278517057844,725
11278517275375,11278517275977,602
11278517498652,11278517499417,765
11278517714910,11278517715490,580
11278517933194,11278517933954,760
11278518149003,11278518149593,590
11278518374261,11278518375035,774
11278518589737,11278518590276,539
11278518806862,11278518807574,712
11278519034696,11278519035313,617
11278519255629,11278519256373,744
11278519471247,11278519471851,604
11278519695960,11278519696673,713
11278519913831,11278519914403,572
11278520129696,11278520130427,731
11278520347020,11278520347641,621
11278520564827,11278520565605,778
11278520780041,11278520780620,579
11278521000658,11278521001400,742
11278521214398,11278521215022,624
11278521452512,11278521453256,744
11278521666520,11278521667128,608
11278521885113,11278521885876,763
11278522100698,11278522101291,593
11278522342256,11278522343022,766
11278522573340,11278522574010,670
11278522792535,11278522793323,788
11278523014148,11278523014792,644
11278523234001,11278523234830,829
11278523449809,11278523450419,610
11278523667896,11278523668696,800
11278523885687,11278523886347,660
11278524103163,11278524103927,764
11278524317939,11278524318578,639
11278524535096,11278524535891,795
11278524755729,11278524756356,627
11278524975369,11278524976124,755
11278525190806,11278525191431,625
11278525411313,11278525412131,818
11278525645778,11278525646429,651
11278525871082,11278525871837,755
11278526087797,11278526088411,614
11278526305163,11278526305907,744
11278526520806,11278526521431,625
11278526741287,11278526742005,718
11278526955131,11278526955750,619
11278527175257,11278527176038,781
11278527387377,11278527388020,643
11278527605792,11278527606551,759
11278527820398,11278527821019,621
11278528037395,11278528038151,756
11278528255770,11278528256378,608
11278528476082,11278528476794,712
11278528692300,11278528692893,593
11278528915344,11278528916075,731
11278529133126,11278529133766,640
11278529351081,11278529351835,754
11278529565088,11278529565742,654
11278529782052,11278529782830,778
11278529997827,11278529998470,643
11278530215246,11278530216022,776
11278530428696,11278530429353,657
11278530646843,11278530647557,714
11278530861333,11278530861954,621
11278531078776,11278531079586,810
11278531292125,11278531292742,617
11278531508221,11278531509005,784
11278531725430,11278531726062,632
11278531941171,11278531941967,796
11278532155980,11278532156564,584
11278532389929,11278532390709,780
11278532610421,11278532611054,633
11278532827562,11278532828304,742
11278533044293,11278533044903,610
11278533266454,11278533267204,750
11278533479265,11278533479845,580
11278533701646,11278533702400,754
11278533915709,11278533916318,609
11278534134256,11278534134983,727
11278534352793,11278534353435,642
11278534570803,11278534571536,733
11278534784383,11278534784960,577
11278535001565,11278535002312,747
11278535213564,11278535214202,638
11278535431642,11278535432396,754
11278535659681,11278535660314,633
11278535879369,11278535880153,784
11278536094106,11278536094681,575
11278536310659,11278536311416,757
11278536528286,11278536528902,616
11278536741543,11278536742244,701
11278536957875,11278536958481,606
11278537175018,11278537175772,754
11278537394603,11278537395179,576
11278537610798,11278537611560,762
11278537824228,11278537824814,586
11278538041314,11278538042042,728
11278538262962,11278538263577,615
11278538482490,11278538483201,711
11278538697090,11278538697683,593
11278538921810,11278538922510,700
11278539136260,11278539136912,652
11278539362116,11278539362835,719
11278539577314,11278539577928,614
11278539794692,11278539795455,763
11278540009268,11278540009880,612
11278540237697,11278540238513,816
11278540455894,11278540456517,623
11278540671718,11278540672497,779
11278540885736,11278540886365,629
11278541101979,11278541102696,717
11278541319968,11278541320573,605
11278541535407,11278541536133,726
11278541750253,11278541750837,584
11278541965751,11278541966509,758
11278542182138,11278542182715,577
11278542409061,11278542409816,755
11278542627469,11278542628080,611
11278542843571,11278542844317,746
11278543059695,11278543060307,612
11278543282217,11278543283014,797
11278543496169,11278543496817,648
11278543713056,11278543713887,831
11278543925892,11278543926525,633
11278544144820,11278544145640,820
11278544361017,11278544361634,617
11278544579959,11278544580728,769
11278544796139,11278544796739,600
11278545014760,11278545015558,798
11278545229769,11278545230417,648
11278545445499,11278545446280,781
11278545669642,11278545670299,657
11278545889614,11278545890390,776
11278546109176,11278546109831,655
11278546325961,11278546326732,771
11278546541449,11278546542088,639
11278546764419,11278546765237,818
11278546980862,11278546981521,659
11278547198068,11278547198797,729
11278547415454,11278547416074,620
11278547632366,11278547633123,757
11278547846698,11278547847327,629
11278548065565,11278548066303,738
11278548285303,11278548285915,612
11278548503822,11278548504621,799
11278548743742,11278548744671,929
11278548973606,11278548974390,784
11278549202825,11278549203470,645
11278549421212,11278549422004,792
11278549633711,11278549634324,613
11278549852923,11278549853652,729
11278550069025,11278550069650,625
11278550284894,11278550285636,742
11278550500804,11278550501422,618
11278550719521,11278550720278,757
11278550933165,11278550933835,670
11278551148575,11278551149324,749
11278551360621,11278551361227,606
11278551578018,11278551578752,734
11278551790541,11278551791205,664
11278552008597,11278552009347,750
11278552232444,11278552233052,608
11278552456304,11278552457027,723
11278552670524,11278552671183,659
11278552885142,11278552886929,1787
11278553100992,11278553101601,609
11278553316923,11278553317669,746
11278553531373,11278553531964,591
11278553747783,11278553748544,761
11278553961954,11278553962581,627
11278554176249,11278554176988,739
11278554395032,11278554395638,606
11278554610635,11278554611392,757
11278554824567,11278554825151,584
11278555040738,11278555041519,781
11278555258466,11278555259049,583
11278555492628,11278555493356,728
11278555714342,11278555714955,613
11278555933187,11278555933925,738
11278556145747,11278556146364,617
11278556364687,11278556365421,734
11278556608236,11278556608886,650
11278556903042,11278556904125,1083
11278557262472,11278557263431,959
11278557510228,11278557511090,862
11278557727831,11278557728504,673
11278557949195,11278557949968,773
11278558167109,11278558167759,650
11278558384877,11278558385666,789
11278558601481,11278558602129,648
11278558817903,11278558818657,754
11278559044493,11278559045156,663
11278559262306,11278559263082,776
11278559479689,11278559480320,631
11278559695068,11278559695827,759
11278559912734,11278559913361,627
11278560126902,11278560127650,748
11278560341207,11278560341861,654
11278560557014,11278560557773,759
11278560771008,11278560771621,613
11278560986148,11278560986928,780
11278561200481,11278561201129,648
11278561424077,11278561424853,776
11278561637194,11278561637811,617
11278561853209,11278561853968,759
11278562066201,11278562066855,654
11278562292673,11278562293429,756
11278562511057,11278562511680,623
11278562728005,11278562728752,747
11278562942637,11278562943253,616
11278563156326,11278563157089,763
11278563369954,11278563370569,615
11278563680636,11278563681486,850
11278563902001,11278563902673,672
11278564118321,11278564119091,770
11278564336182,11278564336833,651
11278564554621,11278564555372,751
11278564768869,11278564769497,628
11278564985520,11278564986298,778
11278565207288,11278565207945,657
11278565424631,11278565425424,793
11278565647135,11278565647778,643
11278565865046,11278565865780,734
11278566080956,11278566081623,667
11278566304584,11278566305370,786
11278566517145,11278566517797,652
11278566732456,11278566733223,767
11278566948263,11278566948912,649
11278567165111,11278567166755,1644
11278567381033,11278567381658,625
11278567596749,11278567597546,797
11278567810182,11278567810793,611
11278568027928,11278568028664,736
11278568241184,11278568241769,585
11278568456524,11278568457295,771
11278568674328,11278568674966,638
11278568900082,11278568900868,786
11278569133235,11278569133909,674
11278569353492,11278569354284,792
11278569569784,11278569570402,618
11278569788022,11278569788756,734
11278570005420,11278570006045,625
11278570224562,11278570225295,733
11278570439577,11278570440207,630
11278570656349,11278570657105,756
11278570870360,11278570871012,652
11278571089307,11278571090024,717
11278571315665,11278571316306,641
11278571533541,11278571534326,785
11278571748955,11278571749602,647
11278571967798,11278571968546,748
11278572182478,11278572183122,644
11278572409472,11278572410243,771
11278572627477,11278572628107,630
11278572843246,11278572844026,780
11278573059623,11278573060251,628
11278573277324,11278573278119,795
11278573494003,11278573494906,903
11278573718413,11278573719214,801
11278573935798,11278573936443,645
11278574154113,11278574154933,820
11278574369422,11278574370073,651
11278574586500,11278574587294,794
11278574802654,11278574803338,684
11278575022680,11278575023463,783
11278575234119,11278575234760,641
11278575451656,11278575452450,794
11278575671806,11278575672472,666
11278575893566,11278575894349,783
11278576106541,11278576107137,596
11278576325610,11278576326339,729
11278576538644,11278576539268,624
11278576753862,11278576754661,799
11278576969349,11278576969966,617
11278577184989,11278577185759,770
11278577400240,11278577400923,683
11278577617178,11278577617903,725
11278577834756,11278577835347,591
11278578052288,11278578053033,745
11278578267184,11278578267805,621
11278578482628,11278578483408,780
11278578698281,11278578698928,647
11278578920708,11278578921505,797
11278579136716,11278579137369,653
11278579356855,11278579357637,782
11278579573866,11278579574542,676
11278579794389,11278579795138,749
11278580007767,11278580008388,621
11278580247239,11278580248039,800
11278580459769,11278580460406,637
11278580679056,11278580679844,788
11278580891509,11278580892140,631
11278581108452,11278581109216,764
11278581325075,11278581325723,648
11278581541143,11278581541943,800
11278581756679,11278581757340,661
11278581972585,11278581973348,763
11278582205015,11278582210151,5136
11278582429232,11278582430009,777
11278582648757,11278582649386,629
11278582864998,11278582865749,751
11278583076002,11278583076634,632
11278583299433,11278583300222,789
11278583515626,11278583516282,656
11278583734096,11278583734940,844
11278583950488,11278583951108,620
11278584166719,11278584167491,772
11278584379956,11278584380570,614
11278584599028,11278584599786,758
11278584813249,11278584813853,604
11278585028820,11278585029605,785
11278585246275,11278585246923,648
11278585460684,11278585461458,774
11278585684512,11278585685139,627
11278585907316,11278585908070,754
11278586155219,11278586155865,646
11278586372633,11278586373388,755
11278586590571,11278586591173,602
11278586807279,11278586808038,759
11278587021978,11278587022607,629
11278587239359,11278587244307,4948
11278587463911,11278587464545,634
11278587680585,11278587681354,769
11278587892303,11278587892912,609
11278588115187,11278588115946,759
11278588330264,11278588330836,572
11278588549205,11278588549952,747
11278588764054,11278588764609,555
11278588986024,11278588986799,775
11278589200985,11278589201554,569
11278589421537,11278589422295,758
11278589636737,11278589637336,599
11278589852757,11278589853503,746
11278590067543,11278590068172,629
11278590284036,11278590284771,735
11278590498983,11278590499586,603
11278590716451,11278590717197,746
11278590932186,11278590932812,626
11278591146882,11278591147611,729
11278591364199,11278591364793,594
11278591583399,11278591584157,758
11278591797725,11278591798340,615
11278592014033,11278592014800,767
11278592231539,11278592232167,628
11278592458587,11278592459292,705
11278592671696,11278592672277,581
11278592893063,11278592893792,729
11278593108377,11278593109036,659
11278593344032,11278593344801,769
11278593556000,11278593556586,586
11278593773175,11278593773913,738
11278593986168,11278593986778,610
11278594202707,11278594203453,746
11278594418028,11278594418621,593
11278594634951,11278594635667,716
11278594847936,11278594848530,594
11278595063773,11278595064539,766
11278595282355,11278595282959,604
11278595500809,11278595501580,771
11278595726071,11278595726678,607
11278595943915,11278595944687,772
11278596177104,11278596177737,633
11278596397461,11278596398195,734
11278596611612,11278596612197,585
11278596827033,11278596827778,745
11278597042225,11278597042835,610
11278597271057,11278597271830,773
11278597485041,11278597485627,586
11278597702021,11278597702738,717
11278597916632,11278597917218,586
11278598134783,11278598135569,786
11278598352394,11278598352980,586
11278598569368,11278598570143,775
11278598781981,11278598782575,594
11278599003853,11278599004645,792
11278599221270,11278599221863,593
11278599436548,11278599437344,796
11278599652757,11278599653386,629
11278599869612,11278599870352,740
11278600085345,11278600085959,614
11278600314843,11278600315638,795
11278600535358,11278600535968,610
11278600753385,11278600754124,739
11278600967163,11278600967753,590
11278601186003,11278601186740,737
11278601398133,11278601398714,581
11278601613768,11278601614503,735
11278601830023,11278601830614,591
11278602049439,11278602050208,769
11278602283586,11278602284240,654
11278602501354,11278602502074,720
11278602716623,11278602717165,542
11278602935399,11278602936154,755
11278603152155,11278603152724,569
11278603371097,11278603371851,754
11278603584981,11278603585602,621
11278603802886,11278603803623,737
11278604018020,11278604018605,585
11278604237060,11278604237780,720
11278604456373,11278604456935,562
11278604671376,11278604672137,761
11278604886276,11278604886845,569
11278605110003,11278605110743,740
11278605325925,11278605326571,646
11278605548550,11278605549321,771
11278605764773,11278605765398,625
11278605983923,11278605984673,750
11278606198600,11278606199199,599
11278606416535,11278606417253,718
11278606633618,11278606634235,617
11278606851218,11278606851932,714
11278607064280,11278607064893,613
11278607280185,11278607280943,758
11278607496599,11278607497230,631
11278607710288,11278607711038,750
11278607927010,11278607927649,639
11278608144016,11278608144791,775
11278608358656,11278608359287,631
11278608572496,11278608573224,728
11278608787422,11278608788002,580
11278609008876,11278609009619,743
11278609226982,11278609227615,633
11278609441138,11278609441865,727
11278609655549,11278609656138,589
11278609874685,11278609875434,749
11278610087702,11278610088289,587
11278610303440,11278610304226,786
11278610517639,11278610518259,620
11278610737898,11278610738641,743
11278610949548,11278610950137,589
11278611166790,11278611167555,765
11278611381463,11278611382106,643
11278611596837,11278611597597,760
11278611837029,11278611837664,635
11278612058006,11278612058790,784
11278612276558,11278612277230,672
11278612493650,11278612494426,776
11278612707579,11278612708191,612
11278612922304,11278612923079,775
11278613136031,11278613136679,648
11278613353036,11278613353814,778
11278613568530,11278613569165,635
11278613782886,11278613783622,736
11278613997836,11278613998447,611
11278614213945,11278614214708,763
11278614426646,11278614427249,603
11278614641704,11278614642457,753
11278614854354,11278614854971,617
11278615068487,11278615069232,745
11278615287138,11278615287795,657
11278615504049,11278615504800,751
11278615721360,11278615721982,622
11278615939533,11278615940294,761
11278616156096,11278616156722,626
11278616372824,11278616373608,784
11278616584241,11278616584832,591
11278616800041,11278616800809,768
11278617015828,11278617016461,633
11278617230133,11278617230919,786
11278617443135,11278617443811,676
11278617657724,11278617658481,757
11278617870862,11278617871505,643
11278618087225,11278618087984,759
11278618299582,11278618300222,640
11278618515154,11278618515901,747
11278618726329,11278618726951,622
11278618945833,11278618946583,750
11278619161624,11278619162233,609
11278619384041,11278619384830,789
11278619598286,11278619598897,611
11278619817512,11278619818285,773
11278620030146,11278620030811,665
11278620246091,11278620246865,774
11278620463118,11278620463735,617
11278620677346,11278620678134,788
11278620892964,11278620893589,625
11278621107020,11278621107810,790
11278621323021,11278621323641,620
11278621538217,11278621538935,718
11278621751724,11278621752325,601
11278621967398,11278621968108,710
11278622179894,11278622180485,591
11278622402273,11278622403009,736
11278622615347,11278622615958,611
11278622834791,11278622835549,758
11278623049428,11278623050050,622
11278623266682,11278623267423,741
11278623477088,11278623477687,599
11278623695277,11278623696007,730
11278623908898,11278623909491,593
11278624124583,11278624125329,746
11278624337231,11278624337838,607
11278624552308,11278624552986,678
11278624767890,11278624768523,633
11278624984515,11278624985288,773
11278625196776,11278625197358,582
11278625426779,11278625427480,701
11278625648914,11278625649534,620
11278625864009,11278625864777,768
11278626195832,11278626196832,1000
11278626460765,11278626461639,874
11278626710680,11278626711357,677
11278626946674,11278626947514,840
11278627163970,11278627164577,607
11278627397224,11278627397994,770
11278627613466,11278627614077,611
11278627832105,11278627832879,774
11278628070379,11278628071106,727
11278628391625,11278628392708,1083
11278628748575,11278628749587,1012
11278629021502,11278629022330,828
11278629249753,11278629250392,639
11278629475261,11278629476056,795
11278629689532,11278629690183,651
11278629909989,11278629910789,800
11278630127411,11278630128051,640
11278630348293,11278630349073,780
11278630564048,11278630564697,649
11278630782476,11278630783286,810
11278630996980,11278630997599,619
11278631216859,11278631217593,734
11278631433295,11278631433913,618
11278631650116,11278631650855,739
11278631867983,11278631868607,624
11278632087134,11278632087902,768
11278632313811,11278632314457,646
11278632535552,11278632536292,740
11278632754484,11278632755131,647
11278632979219,11278632979964,745
11278633198894,11278633199556,662
11278633414411,11278633415174,763
11278633629497,11278633630104,607
11278633848815,11278633849583,768
11278634064943,11278634065556,613
11278634282054,11278634282851,797
11278634497013,11278634497611,598
11278634716865,11278634717657,792
11278634935661,11278634936282,621
11278635156950,11278635157711,761
11278635374827,11278635375482,655
11278635604218,11278635604972,754
11278635821850,11278635822483,633
11278636038660,11278636039442,782
11278636256267,11278636256882,615
11278636475250,11278636476019,769
11278636685710,11278636686362,652
11278636904937,11278636905767,830
11278637120530,11278637121147,617
11278637336514,11278637337300,786
11278637550976,11278637551601,625
11278637767200,11278637767900,700
11278637985555,11278637986138,583
11278638204841,11278638205612,771
11278638430519,11278638431132,613
11278638645896,11278638646612,716
11278638863314,11278638863913,599
11278639092865,11278639093627,762
11278639311233,11278639311857,624
11278639546645,11278639547403,758
11278639761782,11278639762377,595
11278639981212,11278639981937,725
11278640197435,11278640198046,611
11278640416744,11278640417535,791
11278640634269,11278640634917,648
11278640852507,11278640853266,759
11278641066581,11278641067192,611
11278641284390,11278641285182,792
11278641495302,11278641495941,639
11278641712362,11278641713123,761
11278641930820,11278641931431,611
11278642148780,11278642149542,762
11278642369246,11278642369875,629
11278642589583,11278642590387,804
11278642806294,11278642806903,609
11278643029397,11278643030440,1043
11278643270386,11278643271053,667
11278643617555,11278643623251,5696
11278643891260,11278643892361,1101
11278644133767,11278644134593,826
11278644369866,11278644370541,675
11278644589135,11278644589919,784
11278644804388,11278644805049,661
11278645026967,11278645027723,756
11278645248948,11278645249561,613
11278645472040,11278645472792,752
11278645700729,11278645701350,621
11278645922196,11278645922989,793
11278646141615,11278646142220,605
11278646360126,11278646360923,797
11278646577601,11278646578249,648
11278646795711,11278646796469,758
11278647015531,11278647016197,666
11278647235002,11278647235754,752
11278647451292,11278647451882,590
11278647669080,11278647669796,716
11278647891983,11278647892617,634
11278648115398,11278648116189,791
11278648335896,11278648336507,611
11278648558096,11278648558829,733
11278648777494,11278648778095,601
11278649004864,11278649005649,785
11278649225827,11278649226508,681
11278649451372,11278649452157,785
11278649705894,11278649706507,613
11278649926437,11278649927270,833
11278650141257,11278650141880,623
11278650357289,11278650358070,781
11278650573199,11278650573773,574
11278650790970,11278650791714,744
11278651007025,11278651007711,686
11278651223442,11278651224179,737
11278651436451,11278651437081,630
11278651652487,11278651653207,720
11278651869569,11278651870159,590
11278652084099,11278652084850,751
11278652309426,11278652310050,624
11278652533228,11278652534003,775
11278652750506,11278652751162,656
11278652969272,11278652970046,774
11278653185718,11278653186366,648
11278653543018,11278653544158,1140
11278653929763,11278653930693,930
11278654313691,11278654314907,1216
11278654690729,11278654691697,968
11278655083002,11278655084162,1160
11278655452459,11278655453482,1023
11278655870108,11278655871257,1149
11278656260269,11278656261207,938
11278656630267,11278656631350,1083
11278657014347,11278657015298,951
11278657424584,11278657425721,1137
11278657810036,11278657810842,806
11278658202358,11278658203412,1054
11278658609249,11278658610102,853
11278658993133,11278658994343,1210
11278659354978,11278659355883,905
11278659734246,11278659735369,1123
11278660164344,11278660165221,877
11278660543201,11278660544415,1214
11278660926042,11278660930976,4934
11278661342468,11278661343727,1259
11278661723858,11278661724807,949
11278662099684,11278662100954,1270
11278662478834,11278662479917,1083
11278662927742,11278662929107,1365
11278663379905,11278663380967,1062
11278663831121,11278663832718,1597
11278664340205,11278664341734,1529
11278664991341,11278664992997,1656
11278665624318,11278665625686,1368
11278666147695,11278666149625,1930
11278666518043,11278666518904,861
11278666842046,11278666843237,1191
11278667093971,11278667094656,685
11278667355889,11278667356871,982
11278667615267,11278667616095,828
11278667883643,11278667884540,897
11278668119650,11278668120253,603
11278668356009,11278668356751,742
11278668587120,11278668587749,629
11278668831961,11278668832824,863
11278669117653,11278669118568,915
11278669361905,11278669362785,880
11278669612479,11278669613082,603
11278669839789,11278669840558,769
11278670058763,11278670059414,651
11278670281554,11278670282321,767
11278670502860,11278670503474,614
11278670725453,11278670726236,783
11278670945031,11278670945669,638
11278671184838,11278671185623,785
11278671408857,11278671409508,651
11278671631843,11278671632614,771
11278671850835,11278671851467,632
11278672072822,11278672073580,758
11278672301476,11278672302169,693
11278672541701,11278672542481,780
11278672760205,11278672760818,613
11278672982185,11278672982944,759
11278673202981,11278673203610,629
11278673426004,11278673426747,743
11278673641313,11278673641965,652
11278673869642,11278673870369,727
11278674147663,11278674148304,641
11278674421356,11278674422099,743
11278674676826,11278674677478,652
11278674911861,11278674912769,908
11278675135074,11278675135731,657
11278675357808,11278675358614,806
11278675598417,11278675599068,651
11278675840424,11278675841277,853
11278676063459,11278676064123,664
11278676315517,11278676316266,749
11278676532807,11278676533422,615
11278676750220,11278676751033,813
11278676965830,11278676966411,581
11278677181457,11278677182204,747
11278677400247,11278677400907,660
11278677619264,11278677620059,795
11278677872392,11278677873004,612
11278678107892,11278678108675,783
11278678407583,11278678408444,861
11278678788338,11278678789181,843
11278679097094,11278679097828,734
11278679379789,11278679380879,1090
11278679651806,11278679652477,671
11278679947658,11278679948477,819
11278680225198,11278680226030,832
11278680542608,11278680543659,1051
11278680873162,11278680874184,1022
11278681175099,11278681176023,924
11278681468793,11278681469473,680
11278681797762,11278681798780,1018
11278682083652,11278682084559,907
11278682399574,11278682400739,1165
11278682661302,11278682661990,688
11278682908854,11278682909634,780
11278683135244,11278683135820,576
11278683392371,11278683393129,758
11278683632960,11278683633488,528
11278683895794,11278683896684,890
11278684119515,11278684120169,654
11278684415810,11278684416614,804
11278684664442,11278684665096,654
11278684888932,11278684889728,796
11278685112184,11278685112856,672
11278685344012,11278685344776,764
11278685582136,11278685582811,675
11278685805515,11278685806212,697
11278686028426,11278686029126,700
11278686249234,11278686250008,774
11278686466525,11278686467152,627
11278686687449,11278686688337,888
11278686934602,11278686935379,777
11278687158326,11278687159142,816
11278687385340,11278687385941,601
11278687606909,11278687607630,721
11278687826606,11278687827231,625
11278688045949,11278688046682,733
11278688264586,11278688265169,583
11278688497430,11278688498187,757
11278688715888,11278688716530,642
11278688945400,11278688946234,834
11278689187717,11278689188340,623
11278689465440,11278689466188,748
11278689739883,11278689740744,861
11278689992561,11278689993443,882
11278690218816,11278690219603,787
11278690442709,11278690443528,819
11278690668940,11278690669651,711
11278690892683,11278690893487,804
11278691115491,11278691116166,675
11278691350872,11278691351692,820
11278691597709,11278691599382,1673
11278691821651,11278691822468,817
11278692037813,11278692038461,648
11278692276320,11278692277183,863
11278692540043,11278692548289,8246
11278692796651,11278692797395,744
11278693011431,11278693012066,635
11278693226722,11278693227481,759
11278693439776,11278693440400,624
11278693661418,11278693662502,1084
11278693906753,11278693907420,667
11278694128902,11278694129681,779
11278694396171,11278694396852,681
11278694639660,11278694640476,816
11278694860222,11278694860851,629
11278695079959,11278695080725,766
11278695297205,11278695297855,650
11278695512655,11278695513466,811
11278695787840,11278695788457,617
11278696007543,11278696008371,828
11278696225781,11278696226447,666
11278696442621,11278696443419,798
11278696658059,11278696658696,637
11278696877015,11278696877793,778
11278697092452,11278697093060,608
11278697312487,11278697313289,802
11278697528002,11278697528628,626
11278697747842,11278697748637,795
11278697963896,11278697964527,631
11278698179472,11278698180276,804
11278698441710,11278698442405,695
11278698704626,11278698705519,893
11278698953735,11278698954405,670
11278699191112,11278699191944,832
11278699418417,11278699419052,635
11278699636107,11278699636915,808
11278699850095,11278699850745,650
11278700069865,11278700070651,786
11278700284881,11278700285494,613
11278700502391,11278700503194,803
11278700713797,11278700714378,581
11278700931731,11278700932497,766
11278701148362,11278701148969,607
11278701365132,11278701365933,801
11278701577775,11278701578409,634
11278701796223,11278701796996,773
11278702011157,11278702011772,615
11278702249024,11278702249820,796
11278702472173,11278702472861,688
11278702696233,11278702697030,797
11278702913825,11278702914463,638
11278703130644,11278703131416,772
11278703346590,11278703347179,589
11278703563892,11278703564607,715
11278703782223,11278703782876,653
11278703997335,11278703998068,733
11278704210901,11278704211506,605
11278704428665,11278704429385,720
11278704642011,11278704642619,608
11278704860387,11278704861124,737
11278705076522,11278705077101,579
11278705294721,11278705295481,760
11278705506623,11278705507217,594
11278705734095,11278705734892,797
11278705948408,11278705949059,651
11278706166048,11278706166795,747
11278706379482,11278706380119,637
11278706597097,11278706597865,768
11278706812110,11278706812721,611
11278707029307,11278707030069,762
11278707241631,11278707242219,588
11278707460178,11278707460957,779
11278707678170,11278707678802,632
11278707895341,11278707896153,812
11278708112265,11278708112900,635
11278708362069,11278708362915,846
11278708630624,11278708631284,660
11278708868302,11278708869071,769
11278709100400,11278709101057,657
11278709321769,11278709322550,781
11278709537416,11278709538030,614
11278709756967,11278709757776,809
11278709975428,11278709976037,609
11278710195004,11278710195773,769
11278710407274,11278710407915,641
11278710651255,11278710652071,816
11278710878291,11278710878919,628
11278711098613,11278711099426,813
11278711314807,11278711315427,620
11278711538002,11278711538814,812
11278711751692,11278711752285,593
11278711970154,11278711970904,750
11278712185192,11278712185799,607
11278712412645,11278712413392,747
11278712629082,11278712629719,637
11278712845845,11278712846614,769
11278713060375,11278713061014,639
11278713278830,11278713279598,768
11278713492279,11278713492903,624
11278713709298,11278713710033,735
11278713924688,11278713925264,576
11278714141308,11278714142026,718
11278714355555,11278714356158,603
11278714576573,11278714577328,755
11278714792290,11278714792901,611
11278715010600,11278715011381,781
11278715225256,11278715225846,590
11278715441569,11278715442329,760
11278715665382,11278715666056,674
11278715896119,11278715896888,769
11278716116031,11278716116678,647
11278716334137,11278716334866,729
11278716553383,11278716553968,585
11278716774438,11278716775201,763
11278716991211,11278716991823,612
11278717213840,11278717214639,799
11278717435687,11278717436291,604
11278717661585,11278717662369,784
11278717875419,11278717876042,623
11278718094375,11278718095130,755
11278718312191,11278718312837,646
11278718534827,11278718535571,744
11278718754483,11278718755100,617
11278718982260,11278718983027,767
11278719201662,11278719202275,613
11278719425412,11278719426134,722
11278719645916,11278719646516,600
11278719865580,11278719866371,791
11278720080885,11278720081541,656
11278720301771,11278720302518,747
11278720521183,11278720521748,565
11278720738657,11278720739400,743
11278720957211,11278720957849,638
11278721176285,11278721177020,735
11278721393899,11278721394451,552
11278721612650,11278721613408,758
11278721826804,11278721827385,581
11278722045031,11278722045772,741
11278722337429,11278722338042,613
11278722571052,11278722571788,736
11278722788901,11278722789535,634
11278723012193,11278723012930,737
11278723233279,11278723233915,636
11278723452990,11278723453753,763
11278723673437,11278723674068,631
11278723895507,11278723896265,758
11278724112187,11278724112771,584
11278724340588,11278724341330,742
11278724561149,11278724561731,582
11278724785274,11278724786053,779
11278725001868,11278725002493,625
11278725225298,11278725226069,771
11278725442014,11278725442657,643
11278725666696,11278725667490,794
11278725889708,11278725890371,663
11278726111342,11278726112150,808
11278726332887,11278726333487,600
11278726552686,11278726553454,768
11278726783479,11278726784101,622
11278727004170,11278727004935,765
11278727222519,11278727223124,605
11278727445549,11278727446325,776
11278727663958,11278727664629,671
11278727883243,11278727884034,791
11278728103436,11278728104073,637
11278728324497,11278728325261,764
11278728542908,11278728543489,581
11278728763176,11278728763917,741
11278728985258,11278728985889,631
11278729204872,11278729205645,773
11278729424535,11278729425156,621
11278729643314,11278729644132,818
11278729860184,11278729860802,618
11278730081751,11278730082544,793
11278730301569,11278730302198,629
11278730520362,11278730521208,846
11278730738219,11278730738824,605
11278730960394,11278730961165,771
11278731176880,11278731177589,709
11278731399618,11278731400372,754
11278731614518,11278731615127,609
11278731834315,11278731835033,718
11278732052508,11278732053134,626
11278732276195,11278732276956,761
11278732495442,11278732496070,628
11278732715188,11278732715923,735
11278732931785,11278732932399,614
11278733151634,11278733152392,758
11278733375834,11278733376451,617
11278733594518,11278733595292,774
11278733811340,11278733811913,573
11278734029756,11278734030510,754
11278734257721,11278734258292,571
11278734476687,11278734477504,817
11278734695833,11278734696413,580
11278734915864,11278734916653,789
11278735133627,11278735134269,642
11278735359543,11278735360321,778
11278735579910,11278735580530,620
11278735804062,11278735804773,711
11278736020568,11278736021180,612
11278736259060,11278736259788,728
11278736474936,11278736475548,612
11278736694683,11278736695452,769
11278736912591,11278736913212,621
11278737136217,11278737137004,787
11278737354161,11278737354764,603
11278737576477,11278737577267,790
11278737795824,11278737796417,593
11278738018520,11278738019260,740
11278738239870,11278738240479,609
11278738455410,11278738456165,755
11278738671465,11278738672048,583
11278738913952,11278738914735,783
11278739140306,11278739140931,625
11278739357003,11278739357746,743
11278739575815,11278739576437,622
11278739797730,11278739798481,751
11278740014882,11278740015517,635
11278740236551,11278740237293,742
11278740459407,11278740460014,607
11278740680729,11278740681495,766
11278740896854,11278740897424,570
11278741116496,11278741117242,746
11278741335833,11278741336441,608
11278741558535,11278741559276,741
11278741774719,11278741775288,569
11278741996001,11278741996791,790
11278742225150,11278742225780,630
11278742445176,11278742445954,778
11278742661723,11278742662364,641
11278742883048,11278742883818,770
11278743104994,11278743105604,610
11278743322371,11278743323161,790
11278743542678,11278743543306,628
11278743760237,11278743760979,742
11278743977037,11278743977641,604
11278744197454,11278744198181,727
11278744416892,11278744417504,612
11278744633708,11278744634422,714
11278744850753,11278744851404,651
11278745073479,11278745074209,730
11278745292815,11278745293390,575
11278745512539,11278745513289,750
11278745739045,11278745739686,641
11278745957013,11278745957760,747
11278746176919,11278746177545,626
11278746397941,11278746398711,770
11278746613953,11278746614552,599
11278746836691,11278746837478,787
11278747058941,11278747059606,665
11278747277478,11278747278247,769
11278747497723,11278747498349,626
11278747717905,11278747718693,788
11278747934733,11278747935355,622
11278748158503,11278748159302,799
11278748374880,11278748375481,601
11278748591944,11278748592720,776
11278748807650,11278748808232,582
11278749032387,11278749033175,788
11278749251380,11278749251996,616
11278749474007,11278749474763,756
11278749688640,11278749689215,575
11278749908101,11278749908823,722
11278750129784,11278750130366,582
11278750351265,11278750352004,739
11278750569105,11278750569700,595
11278750786970,11278750787707,737
11278751008243,11278751008836,593
11278751235070,11278751235855,785
11278751451913,11278751452538,625
11278751668992,11278751669746,754
11278751887015,11278751887660,645
11278752105391,11278752106152,761
11278752324873,11278752325533,660
11278752544549,11278752545304,755
11278752760041,11278752760674,633
11278752976643,11278752977421,778
11278753193147,11278753193737,590
11278753419811,11278753420607,796
11278753636232,11278753636864,632
11278753857093,11278753857869,776
11278754074224,11278754074866,642
11278754295048,11278754295773,725
11278754516061,11278754516679,618
11278754767478,11278754768259,781
11278754987634,11278754988194,560
11278755208500,11278755209249,749
11278755426955,11278755427514,559
11278755648931,11278755649661,730
11278755896471,11278755897148,677
11278756199366,11278756200215,849
11278756480353,11278756481020,667
11278756739790,11278756741662,1872
11278756989470,11278756990127,657
11278757275777,11278757276890,1113
11278757545849,11278757547653,1804
11278757816750,11278757818028,1278
11278758081234,11278758081941,707
11278758334514,11278758335381,867
11278758582372,11278758583049,677
11278758826420,11278758827243,823
11278759085680,11278759086409,729
11278759333687,11278759334536,849
11278759593983,11278759594678,695
11278759883741,11278759884607,866
11278760176321,11278760177001,680
11278760432979,11278760433849,870
11278760691528,11278760692224,696
11278760937120,11278760937980,860
11278761178940,11278761179625,685
11278761425672,11278761426504,832
11278761668491,11278761669158,667
11278761909052,11278761909892,840
11278762148749,11278762149420,671
11278762403105,11278762403928,823
11278762645942,11278762646681,739
11278762887477,11278762888331,854
11278763127682,11278763128364,682
11278763378043,11278763378839,796
11278763619237,11278763619903,666
11278763862154,11278763863022,868
11278764102844,11278764103629,785
11278764349811,11278764350699,888
11278764591038,11278764591757,719
11278764831285,11278764832110,825
11278765072173,11278765072881,708
11278765313526,11278765314374,848
11278765564288,11278765564972,684
11278765807551,11278765808386,835
11278766049608,11278766050270,662
11278766293737,11278766294551,814
11278766538724,11278766539433,709
11278766783992,11278766784834,842
11278767024252,11278767024951,699
11278767264428,11278767265264,836
11278767504286,11278767504960,674
11278767748473,11278767749313,840
11278767989127,11278767989792,665
11278768230455,11278768231264,809
11278768470499,11278768471207,708
11278768713968,11278768714776,808
11278768960740,11278768961482,742
11278769211318,11278769212188,870
11278769453801,11278769454492,691
11278769696725,11278769697553,828
11278769938653,11278769939333,680
11278770184061,11278770184884,823
11278770428052,11278770428728,676
11278770672865,11278770673650,785
11278770916394,11278770917060,666
11278771157249,11278771158071,822
11278771397368,11278771398056,688
11278771648252,11278771649038,786
11278771867009,11278771867636,627
11278772088916,11278772089683,767
11278772399433,11278772400074,641
11278772621651,11278772622430,779
11278772845435,11278772846049,614
11278773072059,11278773072825,766
11278773294833,11278773295465,632
11278773517875,11278773518638,763
11278773736489,11278773737108,619
11278773959523,11278773960236,713
11278774178960,11278774179543,583
11278774400379,11278774401138,759
11278774618502,11278774619057,555
11278774841705,11278774842451,746
11278775061238,11278775061844,606
11278775282005,11278775282762,757
11278775502613,11278775503243,630
11278775779214,11278775780061,847
11278776047755,11278776048414,659
11278776273629,11278776274378,749
11278776494274,11278776494927,653
11278776714507,11278776715292,785
11278776936146,11278776936771,625
11278777159705,11278777160473,768
11278777380640,11278777381288,648
11278777650386,11278777651226,840
11278777913951,11278777914609,658
11278778135357,11278778136128,771
11278778357358,11278778357991,633
11278778577459,11278778578229,770
11278778797269,11278778797959,690
11278779101133,11278779101943,810
11278779323272,11278779323897,625
11278779544159,11278779544944,785
11278779765674,11278779766303,629
11278779985351,11278779986155,804
11278780203088,11278780203679,591
11278780429125,11278780429904,779
11278780649079,11278780649689,610
11278780870156,11278780870946,790
11278781089847,11278781090477,630
11278781314262,11278781315052,790
11278781533910,11278781534562,652
11278781846422,11278781847214,792
11278782066808,11278782067458,650
11278782378500,11278782379310,810
11278782599319,11278782599966,647
11278782819975,11278782820757,782
11278783041009,11278783041660,651
11278783262427,11278783263217,790
11278783482848,11278783483490,642
11278783704708,11278783705478,770
11278783924010,11278783924643,633
11278784145454,11278784146234,780
11278784367175,11278784367847,672
11278784585851,11278784586619,768
11278784806068,11278784806719,651
11278785029591,11278785030368,777
11278785250569,11278785251203,634
11278785472288,11278785473052,764
11278785773388,11278785774032,644
11278785994965,11278785995743,778
11278786215895,11278786216563,668
11278786440930,11278786441687,757
11278786660382,11278786661046,664
11278786881578,11278786882361,783
11278787100812,11278787101478,666
11278787324341,11278787325103,762
11278787543702,11278787544361,659
11278787764260,11278787765027,767
11278787982967,11278787983623,656
11278788236376,11278788237121,745
11278788453325,11278788453954,629
11278788677658,11278788678440,782
11278788906298,11278788906958,660
11278789208081,11278789208876,795
11278789432360,11278789432971,611
11278789658467,11278789659241,774
11278789881122,11278789881718,596
11278790104380,11278790105130,750
11278790324753,11278790325386,633
11278790547415,11278790548162,747
11278790765916,11278790766507,591
11278790985926,11278790986714,788
11278791206208,11278791206837,629
11278791429735,11278791430490,755
11278791651986,11278791652620,634
11278791871305,11278791872053,748
11278792089140,11278792089806,666
11278792401504,11278792402280,776
11278792625473,11278792626098,625
11278792849249,11278792850038,789
11278793071447,11278793072101,654
11278793295061,11278793295827,766
11278793512611,11278793513213,602
11278793741151,11278793741939,788
11278793960125,11278793960738,613
11278794260222,11278794260999,777
11278794483096,11278794483742,646
11278794707636,11278794708402,766
11278794927037,11278794927661,624
11278795149873,11278795150661,788
11278795368776,11278795369380,604
11278795638166,11278795639064,898
11278795907333,11278795907943,610
11278796190312,11278796191092,780
11278796445555,11278796446253,698
11278796691572,11278796692385,813
11278796939391,11278796940075,684
11278797182773,11278797183561,788
11278797435759,11278797436422,663
11278797678611,11278797679412,801
11278797925193,11278797925882,689
11278798169457,11278798170263,806
11278798413478,11278798414137,659
11278798659823,11278798660640,817
11278798912849,11278798913564,715
11278799162379,11278799163201,822
11278799411475,11278799412182,707
11278799657506,11278799658363,857
11278799899651,11278799900324,673
11278800146244,11278800147065,821
11278800394707,11278800395420,713
11278800640529,11278800641359,830
11278800883940,11278800884625,685
11278801127963,11278801128790,827
11278801369815,11278801370537,722
11278801614820,11278801615648,828
11278801856041,11278801856757,716
11278802097414,11278802098257,843
11278802380367,11278802381016,649
11278802690859,11278802691610,751
11278803000829,11278803001434,605
11278803302995,11278803303770,775
11278803601946,11278803602552,606
11278803905872,11278803906643,771
11278804199786,11278804200448,662
11278804442036,11278804442863,827
11278804685305,11278804685972,667
11278804927998,11278804928840,842
11278805169892,11278805170615,723
11278805412312,11278805413496,1184
11278805662579,11278805663287,708
11278805904669,11278805905518,849
11278806154838,11278806155540,702
11278806413279,11278806414146,867
11278806652244,11278806652945,701
11278806895329,11278806896139,810
11278807138544,11278807139247,703
11278807396317,11278807397126,809
11278807635391,11278807636040,649
11278807876119,11278807876929,810
11278808120213,11278808120924,711
11278808369313,11278808370126,813
11278808609693,11278808610364,671
11278808852337,11278808853159,822
11278809101979,11278809102635,656
11278809348978,11278809349835,857
11278809593063,11278809593750,687
11278809837986,11278809838788,802
11278810082316,11278810082957,641
11278810333131,11278810333960,829
11278810576659,11278810577345,686
11278810821146,11278810821972,826
11278811062736,11278811063443,707
11278811308253,11278811309078,825
11278811550635,11278811551315,680
11278811790477,11278811791288,811
11278812031942,11278812032619,677
11278812288824,11278812289648,824
11278812534066,11278812534751,685
11278812775712,11278812776495,783
11278813019785,11278813020443,658
11278813265066,11278813265878,812
11278813509731,11278813510404,673
11278813756080,11278813756900,820
11278813998685,11278813999368,683
11278814242298,11278814243086,788
11278814481355,11278814482060,705
11278814725915,11278814726721,806
11278814969884,11278814970528,644
11278815209952,11278815210768,816
11278815454841,11278815455481,640
11278815707037,11278815707925,888
11278815954760,11278815955388,628
11278816199505,11278816200313,808
11278816449766,11278816450431,665
11278816694340,11278816695188,848
11278816940932,11278816941619,687
11278817181467,11278817182298,831
11278817421975,11278817422649,674
11278817665133,11278817665969,836
11278817905172,11278817905856,684
11278818148762,11278818149600,838
11278818396733,11278818397428,695
11278818643584,11278818644403,819
11278818891926,11278818892638,712
11278819140219,11278819141001,782
11278819386218,11278819386882,664
11278819630150,11278819630937,787
11278819873062,11278819873721,659
11278820122731,11278820123501,770
11278820366071,11278820366717,646
11278820608800,11278820609598,798
11278820851049,11278820851685,636
11278821095097,11278821095878,781
11278821336767,11278821337416,649
11278821577817,11278821578642,825
11278821819551,11278821820222,671
11278822060229,11278822061067,838
11278822320202,11278822320915,713
11278822569418,11278822570260,842
11278822811828,11278822812556,728
11278823055824,11278823056574,750
11278823301767,11278823302430,663
11278823547575,11278823548387,812
11278823792289,11278823792929,640
11278824034933,11278824035713,780
11278824273051,11278824273719,668
11278824512750,11278824513538,788
11278824756606,11278824757258,652
11278824998535,11278824999354,819
11278825240664,11278825241325,661
11278825482704,11278825483543,839
11278825732293,11278825733022,729
11278825975295,11278825976060,765
11278826218869,11278826219549,680
11278826460740,11278826461592,852
11278826706152,11278826706833,681
11278826950762,11278826951596,834
11278827191729,11278827192401,672
11278827436143,11278827436967,824
11278827674593,11278827675288,695
11278827917526,11278827918377,851
11278828157284,11278828157975,691
11278828399795,11278828400625,830
11278828639592,11278828640298,706
11278828893913,11278828894752,839
11278829136549,11278829137280,731
11278829384457,11278829385303,846
11278829651604,11278829652319,715
11278829906217,11278829907083,866
11278830151082,11278830151747,665
11278830393251,11278830394057,806
11278830639362,11278830640060,698
11278830880947,11278830881792,845
11278831121742,11278831122432,690
11278831371960,11278831372808,848
11278831615060,11278831615755,695
11278831856527,11278831857325,798
11278832097708,11278832098414,706
11278832349900,11278832350723,823
11278832593782,11278832594485,703
11278832838913,11278832839743,830
11278833080515,11278833081205,690
11278833322763,11278833323605,842
11278833567025,11278833567739,714
11278833811344,11278833812158,814
11278834048558,11278834049213,655
11278834295671,11278834296465,794
11278834537014,11278834537712,698
11278834779600,11278834780430,830
11278835019534,11278835020235,701
11278835262473,11278835263334,861
11278835501164,11278835501891,727
11278835746684,11278835747576,892
11278835990021,11278835990732,711
11278836231538,11278836232333,795
11278836471915,11278836472594,679
11278836711907,11278836712741,834
11278836952133,11278836952792,659
11278837192434,11278837193256,822
11278837432604,11278837433297,693
11278837671727,11278837672555,828
11278837911410,11278837912072,662
11278838151585,11278838152440,855
11278838390515,11278838391216,701
11278838631599,11278838632489,890
11278838871700,11278838877381,5681
11278839123657,11278839124525,868
11278839367024,11278839367663,639
11278839608220,11278839609064,844
11278839851585,11278839852267,682
11278840092571,11278840093423,852
11278840336093,11278840336781,688
11278840578826,11278840579685,859
11278840818778,11278840819441,663
11278841058904,11278841059731,827
11278841300756,11278841301450,694
11278841542253,11278841543111,858
11278841782018,11278841782751,733
11278842022344,11278842023184,840
11278842270180,11278842270922,742
11278842517341,11278842518189,848
11278842757259,11278842758028,769
11278843008169,11278843009001,832
11278843248231,11278843248959,728
11278843494998,11278843495842,844
11278843738039,11278843738695,656
11278843979245,11278843980075,830
11278844221982,11278844222682,700
11278844465183,11278844466014,831
11278844703887,11278844704578,691
11278844946257,11278844947092,835
11278845184559,11278845185287,728
11278845427412,11278845428244,832
11278845687398,11278845688081,683
11278845933811,11278845934668,857
11278846178820,11278846179510,690
11278846440894,11278846441768,874
11278846686849,11278846687554,705
11278846934042,11278846934906,864
11278847175854,11278847176539,685
11278847418196,11278847419041,845
11278847659498,11278847660215,717
11278847905738,11278847906564,826
11278848147638,11278848148349,711
11278848394869,11278848395687,818
11278848636309,11278848636993,684
11278848891729,11278848892534,805
11278849137953,11278849138645,692
11278849383122,11278849383984,862
11278849625005,11278849625695,690
11278849869933,11278849870771,838
11278850116396,11278850117081,685
11278850367080,11278850367921,841
11278850605026,11278850605712,686
11278850848300,11278850849148,848
11278851090294,11278851090982,688
11278851335488,11278851336296,808
11278851576961,11278851577673,712
11278851817819,11278851818647,828
11278852057732,11278852058393,661
11278852316046,11278852316864,818
11278852557949,11278852558603,654
11278852805343,11278852806197,854
11278853048532,11278853049211,679
11278853291004,11278853291818,814
11278853536378,11278853537041,663
11278853781250,11278853782060,810
11278854019505,11278854020180,675
11278854260514,11278854261326,812
11278854502404,11278854503110,706
11278854745612,11278854746456,844
11278854987865,11278854988528,663
11278855227225,11278855228071,846
11278855469518,11278855470191,673
11278855719617,11278855720468,851
11278855961451,11278855962119,668
11278856203826,11278856204650,824
11278856446602,11278856447288,686
11278856694374,11278856695192,818
11278856934123,11278856934772,649
11278857175739,11278857176520,781
11278857416828,11278857417519,691
11278857661774,11278857662564,790
11278857902658,11278857903354,696
11278858143744,11278858144556,812
11278858395090,11278858395778,688
11278858677341,11278858678173,832
11278858927867,11278858928537,670
11278859170915,11278859171721,806
11278859418820,11278859419483,663
11278859663396,11278859664187,791
11278859909677,11278859910372,695
11278860154737,11278860155560,823
11278860398058,11278860398705,647
11278860639831,11278860640683,852
11278860879627,11278860880281,654
11278861123554,11278861124370,816
11278861374569,11278861375234,665
11278861618710,11278861619502,792
11278861856836,11278861857524,688
11278862102036,11278862102828,792
11278862366341,11278862367045,704
11278862610988,11278862611773,785
11278862853509,11278862854166,657
11278863099170,11278863099958,788
11278863341903,11278863342537,634
11278863588169,11278863589002,833
11278863829535,11278863830152,617
11278864070964,11278864071770,806
11278864315358,11278864315995,637
11278864557745,11278864558541,796
11278864798789,11278864799451,662
11278865040816,11278865041619,803
11278865298124,11278865298777,653
11278865543587,11278865544799,1212
11278865791554,11278865792270,716
11278866033441,11278866034235,794
11278866276996,11278866277637,641
11278866523414,11278866524240,826
11278866766578,11278866767267,689
11278867010378,11278867011184,806
11278867253208,11278867253836,628
11278867503455,11278867504295,840
11278867745100,11278867745766,666
11278867997008,11278867997816,808
11278868242528,11278868243204,676
11278868486943,11278868487793,850
11278868728037,11278868728712,675
11278868980107,11278868980961,854
11278869224928,11278869225638,710
11278869473281,11278869474115,834
11278869764981,11278869765675,694
11278870145624,11278870146501,877
11278870400967,11278870401665,698
11278870624587,11278870625417,830
11278870841304,11278870841952,648
11278871061543,11278871062307,764
11278871280060,11278871280676,616
11278871497278,11278871498026,748
11278871712989,11278871713624,635
11278871934435,11278871935181,746
11278872155447,11278872156091,644
11278872408999,11278872409761,762
11278872627560,11278872628190,630
11278872848208,11278872848958,750
11278873066055,11278873066704,649
11278873282554,11278873283257,703
11278873504705,11278873505301,596
11278873720838,11278873721587,749
11278873937844,11278873938461,617
11278874156547,11278874157247,700
11278874370634,11278874371216,582
11278874588196,11278874588889,693
11278874805679,11278874806227,548
11278875025384,11278875026138,754
11278875251642,11278875252237,595
11278875469964,11278875470742,778
11278875693787,11278875694410,623
11278875924094,11278875924841,747
11278876142330,11278876142927,597
11278876375777,11278876376479,702
11278876591629,11278876592205,576
11278876810837,11278876811583,746
11278877022978,11278877023558,580
11278877240399,11278877241122,723
11278877455950,11278877456498,548
11278877672145,11278877672848,703
11278877887805,11278877888406,601
11278878103537,11278878104294,757
11278878317564,11278878318182,618
11278878532862,11278878533634,772
11278878747738,11278878748315,577
11278878973816,11278878974593,777
11278879214724,11278879215348,624
11278879431836,11278879432574,738
11278879650489,11278879651076,587
11278879870817,11278879871551,734
11278880087585,11278880088188,603
11278880313362,11278880314075,713
11278880527848,11278880528428,580
11278880747421,11278880748210,789
11278880963176,11278880963769,593
11278881184066,11278881184797,731
11278881400220,11278881400781,561
11278881618199,11278881618927,728
11278881834914,11278881835510,596
11278882053861,11278882054558,697
11278882280373,11278882280982,609
11278882504026,11278882504751,725
11278882719717,11278882720305,588
11278882939019,11278882939766,747
11278883159159,11278883159740,581
11278883376058,11278883376827,769
11278883596850,11278883597467,617
11278883818941,11278883819689,748
11278884048583,11278884049266,683
11278884268814,11278884269590,776
11278884485016,11278884485641,625
11278884705170,11278884705886,716
11278884925595,11278884926193,598
11278885141239,11278885142013,774
11278885359556,11278885360166,610
11278885592983,11278885593731,748
11278885814167,11278885814781,614
11278886032191,11278886032923,732
11278886247749,11278886248411,662
11278886466184,11278886466940,756
11278886681449,11278886682042,593
11278886900169,11278886900928,759
11278887116352,11278887116927,575
11278887332670,11278887333403,733
11278887545899,11278887546484,585
11278887765399,11278887766186,787
11278887980738,11278887981352,614
11278888196838,11278888197589,751
11278888411420,11278888412030,610
11278888629989,11278888630727,738
11278888844516,11278888845116,600
11278889069115,11278889069910,795
11278889289371,11278889289999,628
11278889507046,11278889507759,713
11278889726484,11278889727093,609
11278889950756,11278889951478,722
11278890165928,11278890166522,594
11278890383167,11278890383916,749
11278890600425,11278890600990,565
11278890818172,11278890818921,749
11278891032458,11278891033027,569
11278891280872,11278891281620,748
11278891497813,11278891498394,581
11278891712272,11278891713041,769
11278891926809,11278891927402,593
11278892144025,11278892144765,740
11278892386664,11278892387316,652
11278892607903,11278892608666,763
11278892821851,11278892822501,650
11278893036492,11278893037240,748
11278893252824,11278893253423,599
11278893470288,11278893471020,732
11278893685000,11278893685627,627
11278893901344,11278893902095,751
11278894116827,11278894117456,629
11278894332755,11278894333476,721
11278894551947,11278894552585,638
11278894767491,11278894768295,804
11278894982579,11278894983222,643
11278895207068,11278895207837,769
11278895421351,11278895421988,637
11278895640708,11278895641493,785
11278895857396,11278895858042,646
11278896072996,11278896073702,706
11278896297611,11278896298227,616
11278896518194,11278896518965,771
11278896733502,11278896734119,617
11278896954533,11278896955280,747
11278897168261,11278897168824,563
11278897385954,11278897386685,731
11278897602600,11278897603216,616
11278897818841,11278897819570,729
11278898059888,11278898060517,629
11278898279095,11278898279826,731
11278898492918,11278898493485,567
11278898708968,11278898709705,737
11278898928220,11278898928841,621
11278899146804,11278899147562,758
11278899359674,11278899360295,621
11278899574460,11278899575199,739
11278899787201,11278899787825,624
11278900005635,11278900006377,742
11278900217332,11278900217954,622
11278900433089,11278900433821,732
11278900646376,11278900646983,607
11278900862871,11278900863588,717
11278901075834,11278901076443,609
11278901290035,11278901290767,732
11278901503430,11278901504045,615
11278901719696,11278901720481,785
11278901935624,11278901936239,615
11278902149208,11278902149956,748
11278902370516,11278902371285,769
11278902586401,11278902587160,759
11278902803060,11278902803690,630
11278903015811,11278903016604,793
11278903231786,11278903232387,601
11278903443707,11278903444432,725
11278903660233,11278903660838,605
11278903876032,11278903876792,760
11278904086597,11278904087203,606
11278904301862,11278904302618,756
11278904516060,11278904516657,597
11278904730583,11278904731351,768
11278904943726,11278904944303,577
11278905159040,11278905159788,748
11278905370973,11278905371587,614
11278905595435,11278905596192,757
11278905808711,11278905809340,629
11278906026118,11278906026887,769
11278906240533,11278906241176,643
11278906456346,11278906457069,723
11278906670463,11278906671070,607
11278906891742,11278906892495,753
11278907105749,11278907106363,614
11278907323541,11278907324270,729
11278907540929,11278907541518,589
11278907759157,11278907759883,726
11278907972561,11278907973130,569
11278908196995,11278908201969,4974
11278908417196,11278908417783,587
11278908633740,11278908634493,753
11278908848597,11278908849186,589
11278909070690,11278909071477,787
11278909287262,11278909287887,625
11278909507028,11278909507760,732
11278909722464,11278909723057,593
11278909939060,11278909939822,762
11278910151591,11278910152211,620
11278910368805,11278910369561,756
11278910584073,11278910584651,578
11278910801096,11278910801844,748
11278911016160,11278911016785,625
11278911250676,11278911251400,724
11278911463069,11278911463660,591
11278911687626,11278911688359,733
11278911901699,11278911902303,604
11278912117082,11278912117838,756
11278912340211,11278912340829,618
11278912561078,11278912561871,793
11278912775456,11278912776082,626
11278912992247,11278912992982,735
11278913208280,11278913208898,618
11278913429068,11278913429813,745
11278913641568,11278913642170,602
11278913859063,11278913859813,750
11278914075178,11278914075776,598
11278914308674,11278914309430,756
11278914523554,11278914524205,651
11278914738703,11278914739450,747
11278914953117,11278914953731,614
11278915172468,11278915173168,700
11278915387274,11278915387871,597
11278915609589,11278915610396,807
11278915828464,11278915829122,658
11278916046665,11278916047392,727
11278916260820,11278916261419,599
11278916479706,11278916480454,748
11278916694531,11278916695139,608
11278916909931,11278916910662,731
11278917127448,11278917128045,597
11278917362995,11278917363755,760
11278917573975,11278917574596,621
11278917791137,11278917791921,784
11278918004723,11278918005353,630
11278918227023,11278918227827,804
11278918442872,11278918443490,618
11278918659986,11278918660760,774
11278918878085,11278918878777,692
11278919099251,11278919100004,753
11278919315532,11278919316182,650
11278919532784,11278919533559,775
11278919747757,11278919748371,614
11278919964648,11278919965380,732
11278920183774,11278920184390,616
11278920400313,11278920401056,743
11278920613905,11278920614530,625
11278920831243,11278920831984,741
11278921047252,11278921047863,611
11278921262268,11278921263022,754
11278921476363,11278921476964,601
11278921692616,11278921693323,707
11278921906454,11278921907113,659
11278922124700,11278922125470,770
11278922341291,11278922341942,651
11278922562776,11278922563574,798
11278922808136,11278922808801,665
11278923028633,11278923029383,750
11278923241514,11278923242113,599
11278923460630,11278923461397,767
11278923672390,11278923673038,648
11278923887476,11278923888248,772
11278924106776,11278924107401,625
11278924324334,11278924325089,755
11278924538145,11278924538720,575
11278924755280,11278924756008,728
11278924969962,11278924970545,583
11278925186148,11278925186881,733
11278925401744,11278925402338,594
11278925621741,11278925622548,807
11278925838587,11278925839201,614
11278926057966,11278926058760,794
11278926273570,11278926274152,582
11278926491367,11278926492150,783
11278926707491,11278926708132,641
11278926926217,11278926927023,806
11278927141653,11278927142290,637
11278927357103,11278927357838,735
11278927572085,11278927572709,624
11278927797442,11278927798210,768
11278928012330,11278928012932,602
11278928230148,11278928230865,717
11278928443985,11278928444566,581
11278928661243,11278928661961,718
11278928880497,11278928881135,638
11278929101067,11278929101823,756
11278929315522,11278929316130,608
11278929532700,11278929533440,740
11278929747571,11278929748178,607
11278929967931,11278929968693,762
11278930183065,11278930183668,603
11278930401251,11278930401989,738
11278930613476,11278930614065,589
11278930834524,11278930835230,706
11278931053000,11278931053609,609
11278931277257,11278931278003,746
11278931492932,11278931493562,630
11278931713413,11278931714171,758
11278931927501,11278931928081,580
11278932147877,11278932148580,703
11278932374244,11278932374897,653
11278932593766,11278932594525,759
11278932813577,11278932814217,640
11278933030852,11278933031607,755
11278933245857,11278933246474,617
11278933466312,11278933467055,743
11278933685043,11278933685659,616
11278933902666,11278933903422,756
11278934118833,11278934119432,599
11278934346055,11278934346819,764
11278934561772,11278934562388,616
11278934782124,11278934782888,764
11278934995306,11278934995929,623
11278935230424,11278935231163,739
11278935447109,11278935447699,590
11278935672890,11278935673669,779
11278935885595,11278935886195,600
11278936104702,11278936105486,784
11278936319876,11278936320527,651
11278936540084,11278936540849,765
11278936752315,11278936752928,613
11278936972279,11278936973032,753
11278937187230,11278937187860,630
11278937403170,11278937403942,772
11278937620330,11278937620916,586
11278937838178,11278937838928,750
11278938054980,11278938055599,619
11278938270104,11278938270862,758
11278938484107,11278938484679,572
11278938703969,11278938704718,749
11278938927776,11278938928412,636
11278939146790,11278939147573,783
11278939363501,11278939364091,590
11278939582287,11278939583004,717
11278939798950,11278939799499,549
11278940016427,11278940017167,740
11278940231815,11278940232379,564
11278940454173,11278940454859,686
11278940667494,11278940668064,570
11278940883891,11278940884563,672
11278941100003,11278941100586,583
11278941314582,11278941315315,733
11278941531010,11278941531594,584
11278941749002,11278941749751,749
11278941965734,11278941966307,573
11278942182699,11278942183427,728
11278942452461,11278942453085,624
11278942705574,11278942706381,807
11278942947490,11278942948175,685
11278943198400,11278943199226,826
11278943440945,11278943441653,708
11278943683586,11278943684412,826
11278943926271,11278943926921,650
11278944167723,11278944168561,838
11278944408502,11278944409172,670
11278944652783,11278944653630,847
11278944892041,11278944892706,665
11278945133286,11278945134152,866
11278945376173,11278945376856,683
11278945626692,11278945627535,843
11278945868827,11278945869530,703
11278946111682,11278946112538,856
11278946361428,11278946362152,724
11278946602016,11278946602883,867
11278946845156,11278946845848,692
11278947086416,11278947087275,859
11278947335399,11278947336117,718
11278947576071,11278947576894,823
11278947816438,11278947817104,666
11278948060340,11278948061225,885
11278948300593,11278948301293,700
11278948543105,11278948543967,862
11278948783664,11278948784330,666
11278949035848,11278949036669,821
11278949278068,11278949278726,658
11278949529024,11278949529895,871
11278949770199,11278949770943,744
11278950014370,11278950015224,854
11278950289116,11278950289753,637
11278950550782,11278950551529,747
11278950843066,11278950843672,606
11278951064573,11278951065346,773
11278951283490,11278951284085,595
11278951504747,11278951505484,737
11278951726365,11278951726957,592
11278951944965,11278951945710,745
11278952173453,11278952174059,606
11278952484528,11278952485260,732
11278952706353,11278952706939,586
11278952926324,11278952927105,781
11278953148595,11278953149193,598
11278953371221,11278953371991,770
11278953590186,11278953590792,606
11278953812480,11278953813197,717
11278954032778,11278954033394,616
11278954263359,11278954264107,748
11278954482729,11278954483308,579
11278954703287,11278954703989,702
11278954923227,11278954923813,586
11278955145550,11278955146276,726
11278955367569,11278955368165,596
11278955638444,11278955639275,831
11278955899072,11278955899709,637
11278956119653,11278956120409,756
11278956342058,11278956342690,632
11278956565101,11278956565851,750
11278956787098,11278956787706,608
11278957008512,11278957009246,734
11278957228401,11278957229008,607
11278957450770,11278957451459,689
11278957675839,11278957676434,595
11278957894455,11278957895188,733
11278958189095,11278958189685,590
11278958412856,11278958413585,729
11278958633761,11278958634378,617
11278958855869,11278958856555,686
11278959160557,11278959161156,599
11278959383717,11278959384435,718
11278959607489,11278959608068,579
11278959830027,11278959830741,714
11278960051193,11278960051785,592
11278960274685,11278960275402,717
11278960496390,11278960496987,597
11278960717195,11278960717916,721
11278960936496,11278960937079,583
11278961241083,11278961241827,744
11278961460545,11278961461152,607
11278961682494,11278961683250,756
11278961902891,11278961903512,621
11278962123097,11278962123846,749
11278962437583,11278962438215,632
11278962665061,11278962665842,781
11278962885898,11278962886545,647
11278963106469,11278963107225,756
11278963326707,11278963327341,634
11278963549820,11278963550602,782
11278963767866,11278963768518,652
11278964027044,11278964027871,827
11278964285625,11278964286209,584
11278964527877,11278964528630,753
11278964751328,11278964751975,647
11278964974450,11278964975215,765
11278965193812,11278965194471,659
11278965414986,11278965415756,770
11278965715479,11278965716109,630
11278965939187,11278965939959,772
11278966158170,11278966158784,614
11278966378913,11278966379664,751
11278966596137,11278966596762,625
11278966818905,11278966819667,762
11278967036599,11278967037240,641
11278967257358,11278967258049,691
11278967475452,11278967476065,613
11278967697853,11278967698605,752
11278967915477,11278967916095,618
11278968138527,11278968139275,748
11278968359101,11278968359727,626
11278968580149,11278968580911,762
11278968797529,11278968798146,617
11278969105646,11278969106405,759
11278969327432,11278969328034,602
11278969548879,11278969549648,769
11278969768251,11278969768879,628
11278969988511,11278969989240,729
11278970209234,11278970209849,615
11278970430055,11278970430823,768
11278970649089,11278970649736,647
11278970868556,11278970869284,728
11278971087312,11278971087946,634
11278971308507,11278971309239,732
11278971527525,11278971528131,606
11278971747198,11278971747960,762
11278971966713,11278971967337,624
11278972188809,11278972189564,755
11278972493566,11278972494168,602
11278972715079,11278972715843,764
11278972936170,11278972936741,571
11278973159824,11278973160583,759
11278973379679,11278973380314,635
11278973602286,11278973603078,792
11278973818879,11278973819512,633
11278974040414,11278974041169,755
11278974262624,11278974263232,608
11278974483555,11278974484308,753
11278974701209,11278974701826,617
11278974924785,11278974925531,746
11278975143508,11278975144155,647
11278975364391,11278975365198,807
11278975637375,11278975638078,703
11278975895231,11278975895985,754
11278976116670,11278976117278,608
11278976340468,11278976341222,754
11278976562154,11278976562779,625
11278976783386,11278976784111,725
11278977002677,11278977003278,601
11278977222329,11278977223069,740
11278977443720,11278977444328,608
11278977666561,11278977667307,746
11278977884692,11278977885301,609
11278978104828,11278978105584,756
11278978326621,11278978327264,643
11278978592767,11278978593601,834
11278978832201,11278978832875,674
11278979102639,11278979103424,785
11278979323090,11278979323684,594
11278979550176,11278979550975,799
11278979769772,11278979770410,638
11278979991734,11278979992478,744
11278980211221,11278980211840,619
11278980432307,11278980433061,754
11278980651592,11278980652200,608
11278980873171,11278980873919,748
11278981091183,11278981091824,641
11278981314325,11278981315081,756
11278981533815,11278981534429,614
11278981753704,11278981754464,760
11278982018019,11278982018703,684
11278982364745,11278982365491,746
11278982610390,11278982611010,620
11278982837370,11278982838131,761
11278983062887,11278983063538,651
11278983296354,11278983297134,780
11278983544548,11278983545165,617
11278983763993,11278983764808,815
11278983982008,11278983982655,647
11278984201639,11278984202400,761
11278984453112,11278984453751,639
11278984678401,11278984679192,791
11278984903199,11278984903861,662
11278985130457,11278985131204,747
11278985353922,11278985354582,660
11278985589813,11278985590599,786
11278985816462,11278985817071,609
11278986047725,11278986048517,792
11278986279347,11278986279972,625
11278986509527,11278986510333,806
11278986733601,11278986734268,667
11278986961524,11278986962329,805
11278987186810,11278987187458,648
11278987458473,11278987459322,849
11278987727228,11278987727836,608
11278987954162,11278987954939,777
11278988177810,11278988178447,637
11278988425534,11278988426269,735
11278988675266,11278988675867,601
11278988904086,11278988904837,751
11278989127819,11278989128435,616
11278989350494,11278989351280,786
11278989597900,11278989598546,646
11278989828058,11278989828844,786
11278990056390,11278990057008,618
11278990283710,11278990284495,785
11278990512054,11278990512697,643
11278990741467,11278990742235,768
11278990968030,11278990968661,631
11278991195353,11278991196112,759
11278991420020,11278991420608,588
11278991647766,11278991648531,765
11278991875369,11278991875984,615
11278992102765,11278992103545,780
11278992332310,11278992332968,658
11278992640588,11278992641365,777
11278992867700,11278992868329,629
11278993097140,11278993097914,774
11278993321307,11278993321913,606
11278993548197,11278993549008,811
11278993775524,11278993776186,662
11278994003331,11278994004112,781
11278994229291,11278994229922,631
11278994459055,11278994459807,752
11278994685846,11278994686454,608
11278994913420,11278994914149,729
11278995140095,11278995140699,604
11278995367152,11278995367898,746
11278995619495,11278995620101,606
11278995842064,11278995842840,776
11278996065111,11278996065730,619
11278996286607,11278996287361,754
11278996506848,11278996507488,640
11278996727733,11278996728494,761
11278996947846,11278996948439,593
11278997170375,11278997171123,748
11278997414151,11278997414773,622
11278997716165,11278997716961,796
11278997942886,11278997943509,623
11278998174458,11278998175232,774
11278998398424,11278998399039,615
11278998625304,11278998626077,773
11278998850829,11278998851462,633
11278999087016,11278999087776,760
11278999314586,11278999315218,632
11278999544912,11278999545653,741
11278999770960,11278999771581,621
11279000000645,11279000001495,850
11279000273311,11279000273955,644
11279000541778,11279000542622,844
11279000766626,11279000767234,608
11279001033481,11279001034325,844
11279001305633,11279001306257,624
11279001532404,11279001533237,833
11279001773503,11279001774114,611
11279001995040,11279001995774,734
11279002224674,11279002225274,600
11279002448451,11279002449265,814
11279002746155,11279002746803,648
11279002970726,11279002971474,748
11279003192171,11279003192757,586
11279003415349,11279003416082,733
11279003636678,11279003637321,643
11279003858749,11279003859486,737
11279004083183,11279004083821,638
11279004303171,11279004303960,789
11279004526507,11279004527142,635
11279004749931,11279004750668,737
11279004969700,11279004970299,599
11279005190403,11279005191184,781
11279005437752,11279005438371,619
11279005673308,11279005674107,799
11279005898484,11279005899120,636
11279006127474,11279006128234,760
11279006356314,11279006356925,611
11279006584888,11279006585660,772
11279006809870,11279006810493,623
11279007038542,11279007039322,780
11279007264377,11279007265050,673
11279007495550,11279007496316,766
11279007793572,11279007794202,630
11279008029153,11279008029965,812
11279008296379,11279008297055,676
11279008537302,11279008538115,813
11279008784556,11279008785258,702
11279009034708,11279009035561,853
11279009288476,11279009289175,699
11279009552268,11279009553038,770
11279009798681,11279009799306,625
11279010021389,11279010022185,796
11279010243816,11279010244430,614
11279010465665,11279010466405,740
11279010686738,11279010687355,617
11279010908660,11279010909398,738
11279011166715,11279011167380,665
11279011434398,11279011435169,771
11279011657618,11279011658204,586
11279011879271,11279011880037,766
11279012098529,11279012099123,594
11279012402865,11279012403661,796
11279012622883,11279012623467,584
11279012845314,11279012846036,722
11279013067253,11279013067842,589
11279013288657,11279013289473,816
11279013536867,11279013537500,633
11279013768294,11279013769090,796
11279013995067,11279013995710,643
11279014221927,11279014222699,772
11279014448013,11279014448640,627
11279014673179,11279014673943,764
11279014902718,11279014903355,637
11279015130812,11279015131547,735
11279015392196,11279015392874,678
11279015709096,11279015709894,798
11279015955085,11279015955787,702
11279016195932,11279016196716,784
11279016437888,11279016438618,730
11279016704393,11279016705185,792
11279016927605,11279016928266,661
11279017150753,11279017151521,768
11279017444980,11279017445566,586
11279017670246,11279017670987,741
11279017890755,11279017891386,631
11279018113526,11279018114295,769
11279018335263,11279018335888,625
11279018558186,11279018558913,727
11279018779549,11279018780170,621
11279019006274,11279019007026,752
11279019228884,11279019229504,620
11279019449749,11279019450509,760
11279019670506,11279019671117,611
11279019890887,11279019891641,754
11279020112397,11279020112990,593
11279020334554,11279020335278,724
11279020554517,11279020555164,647
11279020776317,11279020777058,741
11279020996694,11279020997304,610
11279021220402,11279021221166,764
11279021465433,11279021466072,639
11279021693048,11279021693811,763
11279021921331,11279021922001,670
11279022150895,11279022151625,730
11279022384406,11279022385054,648
11279022693170,11279022693918,748
11279022920593,11279022921247,654
11279023146695,11279023147452,757
11279023396061,11279023396697,636
11279023617810,11279023618587,777
11279023839471,11279023840105,634
11279024061379,11279024062124,745
11279024283935,11279024284544,609
11279024534815,11279024535556,741
11279024760642,11279024761246,604
11279024987742,11279024988474,732
11279025217119,11279025217736,617
11279025445280,11279025446082,802
11279025675168,11279025675816,648
11279025903807,11279025904588,781
11279026130592,11279026131197,605
11279026362190,11279026363021,831
11279026605275,11279026605898,623
11279026826029,11279026826760,731
11279027046723,11279027047334,611
11279027268270,11279027269013,743
11279027594492,11279027595101,609
11279027823736,11279027824535,799
11279028206631,11279028207322,691
11279028462605,11279028463474,869
11279028712257,11279028712956,699
11279028998341,11279028999166,825
11279029222259,11279029222904,645
11279029445082,11279029445825,743
11279029669910,11279029670549,639
11279029898156,11279029898922,766
11279030121501,11279030122115,614
11279030347599,11279030348355,756
11279030567940,11279030568532,592
11279030793933,11279030794675,742
11279031015246,11279031015897,651
11279031239030,11279031239789,759
11279031467472,11279031468129,657
11279031694280,11279031695103,823
11279031914467,11279031915116,649
11279032137281,11279032138047,766
11279032363114,11279032363772,658
11279032665107,11279032665875,768
11279032896897,11279032897536,639
11279033119819,11279033120622,803
11279033362498,11279033363130,632
11279033595026,11279033595840,814
11279033824402,11279033825041,639
11279034052910,11279034053729,819
11279034280883,11279034281544,661
11279034507753,11279034508536,783
11279034757656,11279034758300,644
11279034985416,11279034986236,820
11279035216505,11279035217147,642
11279035446130,11279035446924,794
11279035678998,11279035679669,671
11279035908183,11279035908931,748
11279036136493,11279036137143,650
11279036364971,11279036365759,788
11279036594993,11279036595611,618
11279036894063,11279036894848,785
11279037118656,11279037119263,607
11279037347638,11279037348398,760
11279037575219,11279037575873,654
11279037873957,11279037874697,740
11279038100005,11279038100662,657
11279038330508,11279038331293,785
11279038577160,11279038577796,636
11279038797304,11279038798081,777
11279039023517,11279039024176,659
11279039247189,11279039248972,1783
11279039466456,11279039467078,622
11279039691546,11279039692348,802
11279039911917,11279039912568,651
11279040137676,11279040138461,785
11279040380019,11279040380644,625
11279040607480,11279040608285,805
11279040835218,11279040835853,635
11279041063368,11279041064186,818
11279041291042,11279041291687,645
11279041519212,11279041520018,806
11279041744814,11279041745460,646
11279041971193,11279041972026,833
11279042199361,11279042200039,678
11279042445757,11279042446621,864
11279042676392,11279042677057,665
11279042980304,11279042981128,824
11279043206242,11279043207005,763
11279043453360,11279043454149,789
11279043674076,11279043674719,643
11279043896723,11279043897504,781
11279044115001,11279044115655,654
11279044335738,11279044336516,778
11279044582935,11279044583614,679
11279044812590,11279044813399,809
11279045038556,11279045039196,640
11279045265548,11279045266320,772
11279045570041,11279045570918,877
11279045797517,11279045798297,780
11279046017966,11279046018594,628
11279046241081,11279046241839,758
11279046489045,11279046489665,620
11279046716506,11279046717284,778
11279046944319,11279046944959,640
11279047171568,11279047172334,766
11279047398471,11279047399141,670
11279047627000,11279047627814,814
11279047900155,11279047900873,718
11279048171384,11279048172163,779
11279048418623,11279048419311,688
11279048639305,11279048640041,736
11279048856814,11279048857452,638
11279049086363,11279049087173,810
11279049309100,11279049309744,644
11279049559620,11279049560446,826
11279049788297,11279049788981,684
11279050022340,11279050023159,819
11279050250168,11279050250865,697
11279050482274,11279050483074,800
11279050706236,11279050706889,653
11279050935514,11279050936280,766
11279051160163,11279051160810,647
11279051385959,11279051386719,760
11279051610294,11279051610931,637
11279051837462,11279051838259,797
11279052061286,11279052061924,638
11279052294924,11279052295715,791
11279052523157,11279052523818,661
11279052754083,11279052754880,797
11279053058179,11279053058824,645
11279053295748,11279053296548,800
11279053522534,11279053523195,661
11279053750109,11279053750915,806
11279053975885,11279053976519,634
11279054205580,11279054206339,759
11279054432607,11279054433278,671
11279054661903,11279054662666,763
11279054888123,11279054888765,642
11279055117932,11279055118682,750
11279055342167,11279055342818,651
11279055574136,11279055574942,806
11279055802723,11279055803361,638
11279056031183,11279056031981,798
11279056293112,11279056293747,635
11279056523187,11279056523939,752
11279056748439,11279056749070,631
11279056977551,11279056978362,811
11279057205846,11279057206518,672
11279057451993,11279057452746,753
11279057671089,11279057671698,609
11279057895045,11279057895819,774
11279058235865,11279058236533,668
11279058481532,11279058482363,831
11279058721725,11279058722420,695
11279059008761,11279059009597,836
11279059231406,11279059232016,610
11279059457566,11279059458337,771
11279059678960,11279059679592,632
11279059901485,11279059902279,794
11279060123524,11279060124139,615
11279060344945,11279060345687,742
11279060566558,11279060567179,621
11279060788525,11279060789300,775
11279061009133,11279061009784,651
11279061234488,11279061235242,754
11279061537226,11279061537888,662
11279061763611,11279061764358,747
11279061989695,11279061990355,660
11279062223691,11279062224483,792
11279062473893,11279062474520,627
11279062699535,11279062700220,685
11279062922003,11279062922631,628
11279063221021,11279063221746,725
11279063440921,11279063441529,608
11279063689946,11279063690739,793
11279063916568,11279063917197,629
11279064143958,11279064144767,809
11279064368104,11279064368758,654
11279064598716,11279064599493,777
11279064827007,11279064827702,695
11279065054212,11279065055035,823
11279065278194,11279065278841,647
11279065506736,11279065507533,797
11279065740766,11279065741419,653
11279065970283,11279065971040,757
11279066197960,11279066198625,665
11279066424445,11279066425236,791
11279066652100,11279066652731,631
11279066878384,11279066879177,793
11279067104292,11279067104972,680
11279067333138,11279067333971,833
11279067558528,11279067559184,656
11279067787316,11279067788110,794
11279068013200,11279068013870,670
11279068317751,11279068318538,787
11279068565138,11279068565778,640
11279068787474,11279068788246,772
11279069016958,11279069017604,646
11279069240695,11279069241471,776
11279069458283,11279069458906,623
11279069681589,11279069682336,747
11279069904190,11279069904837,647
11279070125943,11279070126706,763
11279070369141,11279070369768,627
11279070596045,11279070596829,784
11279070825236,11279070825875,639
11279071051617,11279071052370,753
11279071277404,11279071278031,627
11279071505036,11279071505821,785
11279071731622,11279071732241,619
11279071959762,11279071960531,769
11279072184873,11279072185507,634
11279072421541,11279072422342,801
11279072649789,11279072650433,644
11279072880917,11279072881692,775
11279073109369,11279073110050,681
11279073417166,11279073417982,816
11279073647042,11279073647706,664
11279073875424,11279073876227,803
11279074103722,11279074104389,667
11279074412997,11279074413797,800
11279074692079,11279074692749,670
11279074933066,11279074933886,820
11279075176770,11279075177470,700
11279075415752,11279075416591,839
11279075704600,11279075705245,645
11279076016568,11279076017338,770
11279076315200,11279076315880,680
11279076618231,11279076618975,744
11279076918305,11279076918913,608
11279077219216,11279077220015,799
11279077519583,11279077520173,590
11279077823573,11279077824369,796
11279078100595,11279078101248,653
11279078341484,11279078342346,862
11279078580831,11279078581531,700
11279078822828,11279078823631,803
11279079189969,11279079190637,668
11279079468926,11279079469826,900
11279079708195,11279079708876,681
11279079951401,11279079952265,864
11279080195198,11279080195878,680
11279080436475,11279080437329,854
11279080679141,11279080679856,715
11279080919623,11279080920474,851
11279081164145,11279081164863,718
11279081404616,11279081405500,884
11279081643674,11279081644368,694
11279081885339,11279081886189,850
11279082127441,11279082128116,675
11279082376347,11279082377233,886
11279082619591,11279082620290,699
11279082862376,11279082863216,840
11279083104714,11279083105410,696
11279083350084,11279083350879,795
11279083588923,11279083589623,700
11279083830396,11279083831229,833
11279084070867,11279084071531,664
11279084314282,11279084315132,850
11279084556364,11279084557049,685
11279084797086,11279084797923,837
11279085035934,11279085036624,690
11279085277593,11279085278429,836
11279085519784,11279085520449,665
11279085772189,11279085773047,858
11279086017323,11279086018030,707
11279086263050,11279086263900,850
11279086505463,11279086506173,710
11279086750633,11279086751479,846
11279086995435,11279086996142,707
11279087237641,11279087238462,821
11279087479338,11279087480009,671
11279087723129,11279087723969,840
11279087965351,11279087965984,633
11279088208111,11279088208925,814
11279088457363,11279088458056,693
11279088697981,11279088698823,842
11279088949588,11279088950255,667
11279089195017,11279089195873,856
11279089438117,11279089438826,709
11279089681662,11279089682508,846
11279089927664,11279089928362,698
11279090171110,11279090171956,846
11279090411961,11279090412640,679
11279090653545,11279090654380,835
11279090900561,11279090901250,689
11279091140968,11279091141843,875
11279091383880,11279091384577,697
11279091626397,11279091627256,859
11279091866641,11279091867341,700
11279092109705,11279092110557,852
11279092358749,11279092359452,703
11279092604042,11279092604901,859
11279092847294,11279092847979,685
11279093094071,11279093094939,868
11279093337532,11279093338239,707
11279093580113,11279093581037,924
11279093820861,11279093821571,710
11279094062540,11279094063408,868
11279094306399,11279094307076,677
11279094547476,11279094548335,859
11279094788688,11279094789432,744
11279095029228,11279095030057,829
11279095268481,11279095269219,738
11279095511900,11279095512745,845
11279095761455,11279095762093,638
11279096005957,11279096006786,829
11279096251369,11279096252040,671
11279096496050,11279096496954,904
11279096738892,11279096739570,678
11279096986967,11279096987849,882
11279097230190,11279097230904,714
11279097473480,11279097474311,831
11279097716761,11279097717499,738
11279097960182,11279097961075,893
11279098199083,11279098199793,710
11279098448045,11279098448893,848
11279098686766,11279098687459,693
11279098935817,11279098936692,875
11279099177453,11279099178141,688
11279099423280,11279099424097,817
11279099668233,11279099668900,667
11279099913016,11279099913858,842
11279100152603,11279100153302,699
11279100396047,11279100396847,800
11279100638417,11279100639106,689
11279100880000,11279100880868,868
11279101122114,11279101122824,710
11279101365736,11279101366632,896
11279101607250,11279101607961,711
11279101852193,11279101853055,862
11279102091357,11279102092095,738
11279102341421,11279102342308,887
11279102586255,11279102586982,727
11279102826266,11279102827096,830
11279103071135,11279103071819,684
11279103336493,11279103337294,801
11279103586511,11279103587241,730
11279103832196,11279103833037,841
11279104072861,11279104073597,736
11279104315971,11279104316796,825
11279104556856,11279104557533,677
11279104799310,11279104800174,864
11279105039435,11279105040140,705
11279105282101,11279105283015,914
11279105519991,11279105520682,691
11279105773020,11279105773897,877
11279106014875,11279106015587,712
11279106259464,11279106260337,873
11279106501655,11279106502343,688
11279106748546,11279106749430,884
11279106988855,11279106989570,715
11279107231632,11279107232498,866
11279107473546,11279107474254,708
11279107712560,11279107713398,838
11279107955417,11279107956146,729
11279108196570,11279108197408,838
11279108437013,11279108437712,699
11279108677140,11279108677990,850
11279108927864,11279108928579,715
11279109172344,11279109173215,871
11279109417812,11279109418524,712
11279109660812,11279109661688,876
11279109905067,11279109905766,699
11279110151351,11279110152184,833
11279110391974,11279110392640,666
11279110631557,11279110632386,829
11279110870580,11279110871296,716
11279111113898,11279111114698,800
11279111352904,11279111353597,693
11279111595644,11279111596427,783
11279111834299,11279111834967,668
11279112080345,11279112081141,796
11279112327783,11279112328488,705
11279112580754,11279112581620,866
11279112822481,11279112823158,677
11279113069002,11279113069825,823
11279113310791,11279113311501,710
11279113555487,11279113556369,882
11279113796295,11279113797013,718
11279114036852,11279114037689,837
11279114277385,11279114278158,773
11279114519120,11279114519961,841
11279114759773,11279114760448,675
11279115001875,11279115002757,882
11279115241843,11279115242497,654
11279115490691,11279115491579,888
11279115736804,11279115737542,738
11279115981342,11279115982124,782
11279116225283,11279116225998,715
11279116469952,11279116470799,847
11279116714871,11279116715564,693
11279116957972,11279116958793,821
11279117195513,11279117196203,690
11279117438633,11279117439454,821
11279117706720,11279117707338,618
11279117928248,11279117928962,714
11279118148028,11279118148683,655
11279118369661,11279118370417,756
11279118589504,11279118590094,590
11279118810826,11279118811542,716
11279119035030,11279119035640,610
11279119256552,11279119257290,738
11279119473445,11279119474089,644
11279119696027,11279119696804,777
11279119916479,11279119917110,631
11279120135811,11279120136574,763
11279120354445,11279120355068,623
11279120577044,11279120577796,752
11279120796197,11279120796840,643
11279121014157,11279121014892,735
11279121234338,11279121234962,624
11279121456812,11279121457563,751
11279121674807,11279121675431,624
11279121893984,11279121894750,766
11279122113545,11279122114179,634
11279122419070,11279122419847,777
11279122641683,11279122642318,635
11279122860954,11279122861740,786
11279123081625,11279123082273,648
11279123304428,11279123305201,773
11279123522655,11279123523294,639
11279123744379,11279123745150,771
11279123965493,11279123966147,654
11279124187552,11279124188354,802
11279124405993,11279124406625,632
11279124628963,11279124629784,821
11279124849024,11279124849675,651
11279125070432,11279125071217,785
11279125289500,11279125290103,603
11279125548821,11279125549596,775
11279125852193,11279125852828,635
11279126075856,11279126076637,781
11279126300381,11279126301021,640
11279126523365,11279126524141,776
11279126746603,11279126747232,629
11279126968826,11279126969591,765
11279127189529,11279127190146,617
11279127410896,11279127411621,725
11279127631991,11279127632605,614
11279127854199,11279127854944,745
11279128074246,11279128074862,616
11279128295496,11279128296235,739
11279128514353,11279128514961,608
11279128735379,11279128736126,747
11279129008803,11279129009504,701
11279129273091,11279129273940,849
11279129557063,11279129557751,688
11279129812932,11279129813776,844
11279130056178,11279130056898,720
11279130301306,11279130302142,836
11279130541502,11279130542180,678
11279130785472,11279130786304,832
11279131112838,11279131113550,712
11279131405818,11279131406817,999
11279131698605,11279131699501,896
11279131974706,11279131975578,872
11279132230647,11279132231385,738
11279132651719,11279132652450,731
11279132927121,11279132927804,683
11279133195093,11279133195874,781
11279133498411,11279133499035,624
11279133801878,11279133802657,779
11279134102042,11279134102671,629
11279134376536,11279134377359,823
11279134617683,11279134618385,702
11279134862445,11279134863250,805
11279135105462,11279135106153,691
11279135344845,11279135345682,837
11279135598370,11279135599050,680
11279135941669,11279135942444,775
11279136242208,11279136242859,651
11279136549760,11279136550555,795
11279136848149,11279136848782,633
11279137124605,11279137125404,799
11279137402602,11279137403210,608
11279137682700,11279137683540,840
11279137929023,11279137929719,696
11279138171739,11279138172586,847
11279138413230,11279138413924,694
11279138655751,11279138656619,868
11279138906678,11279138907379,701
11279139150964,11279139151849,885
11279139391493,11279139392186,693
11279139638153,11279139639020,867
11279139883465,11279139884202,737
11279140127022,11279140127888,866
11279140369718,11279140370408,690
11279140614951,11279140615845,894
11279140856562,11279140857233,671
11279141097625,11279141098496,871
11279141357144,11279141357871,727
11279141599353,11279141600200,847
11279141843156,11279141843850,694
11279142083042,11279142083922,880
11279142342859,11279142343579,720
11279142598027,11279142598886,859
11279142842884,11279142843609,725
11279143087378,11279143088233,855
11279143331354,11279143332094,740
11279143573023,11279143573874,851
11279143816848,11279143817567,719
11279144060418,11279144061289,871
11279144302946,11279144303652,706
11279144546490,11279144547333,843
11279144784168,11279144784851,683
11279145028262,11279145029104,842
11279145270218,11279145270902,684
11279145512660,11279145513486,826
11279145761336,11279145762046,710
11279146008795,11279146009665,870
11279146252788,11279146253447,659
11279146496175,11279146497051,876
11279146739668,11279146740382,714
11279146984639,11279146985486,847
11279147229174,11279147229924,750
11279147572605,11279147573514,909
11279147820089,11279147820826,737
11279148065209,11279148066053,844
11279148308660,11279148309378,718
11279148548923,11279148549734,811
11279148790649,11279148791328,679
11279149042144,11279149042991,847
11279149289205,11279149289898,693
11279149534719,11279149535572,853
11279149778608,11279149779320,712
11279150020523,11279150022365,1842
11279150266673,11279150267341,668
11279150508238,11279150509091,853
11279150752914,11279150753617,703
11279150995639,11279150996484,845
11279151238411,11279151239082,671
11279151484087,11279151484926,839
11279151724680,11279151725366,686
11279151965561,11279151966403,842
11279152215159,11279152215884,725
11279152465496,11279152466333,837
11279152706914,11279152707629,715
11279152949910,11279152950752,842
11279153194224,11279153194910,686
11279153441564,11279153442458,894
11279153683357,11279153684024,667
11279153928555,11279153929377,822
11279154175012,11279154175710,698
11279154417696,11279154418551,855
11279154661640,11279154662364,724
11279154903487,11279154904359,872
11279155146194,11279155146875,681
11279155388034,11279155388887,853
11279155641091,11279155641769,678
11279155886602,11279155887510,908
11279156132658,11279156133371,713
11279156375962,11279156376852,890
11279156616490,11279156617245,755
11279156863237,11279156864085,848
11279157105887,11279157106586,699
11279157345732,11279157346574,842
11279157589916,11279157590588,672
11279157835146,11279157835980,834
11279158078888,11279158079576,688
11279158322205,11279158323080,875
11279158561740,11279158562389,649
11279158807689,11279158808523,834
11279159053521,11279159054233,712
11279159296377,11279159297233,856
11279159538532,11279159539204,672
11279159780236,11279159781078,842
11279160021812,11279160022480,668
11279160265765,11279160266569,804
11279160506503,11279160507177,674
11279160747769,11279160748576,807
11279160994021,11279160994724,703
11279161235005,11279161235843,838
11279161476593,11279161477240,647
11279161719591,11279161720410,819
11279161960761,11279161961444,683
11279162204142,11279162204956,814
11279162454902,11279162455591,689
11279162698001,11279162698830,829
11279162942924,11279162943609,685
11279163188968,11279163189792,824
11279163431035,11279163431736,701
11279163673533,11279163674359,826
11279163917276,11279163917967,691
11279164159151,11279164160024,873
11279164401740,11279164402476,736
11279164645839,11279164646697,858
11279164885518,11279164886196,678
11279165126935,11279165127777,842
11279165370577,11279165371293,716
11279165623530,11279165624359,829
11279165867718,11279165868379,661
11279166110779,11279166111660,881
11279166354767,11279166355432,665
11279166601413,11279166602237,824
11279166845056,11279166845735,679
11279167086755,11279167087558,803
11279167327791,11279167328491,700
11279167572663,11279167573447,784
11279167814325,11279167814979,654
11279168056945,11279168057774,829
11279168297371,11279168298021,650
11279168538533,11279168539370,837
11279168782701,11279168783353,652
11279169031993,11279169032819,826
11279169276653,11279169277343,690
11279169523010,11279169523846,836
11279169774648,11279169775368,720
11279170019011,11279170019891,880
11279170266821,11279170267498,677
11279170509165,11279170509964,799
11279170753134,11279170753804,670
11279170999290,11279171000100,810
11279171240276,11279171240953,677
11279171483641,11279171484485,844
11279171724901,11279171725552,651
11279171971898,11279171972760,862
11279172220933,11279172221618,685
11279172467563,11279172468422,859
11279172710580,11279172711282,702
11279172957629,11279172958469,840
11279173201479,11279173202182,703
11279173446078,11279173446912,834
11279173687964,11279173688712,748
11279173932699,11279173933546,847
11279174176219,11279174176909,690
11279174421316,11279174422167,851
11279174663975,11279174664664,689
11279174905068,11279174905925,857
11279175148202,11279175148857,655
11279175389387,11279175390236,849
11279175640064,11279175640752,688
11279175906342,11279175907188,846
11279176152930,11279176153625,695
11279176400919,11279176401784,865
11279176641622,11279176642289,667
11279176884420,11279176885257,837
11279177128910,11279177129577,667
11279177369644,11279177370499,855
11279177610478,11279177611175,697
11279177855319,11279177856167,848
11279178096948,11279178097617,669
11279178340897,11279178341771,874
11279178580238,11279178580884,646
11279178822665,11279178823523,858
11279179071323,11279179072008,685
11279179316572,11279179317381,809
11279179557614,11279179558305,691
11279179800518,11279179801330,812
11279180041554,11279180042253,699
11279180283576,11279180284411,835
11279180524597,11279180525271,674
11279180766745,11279180767536,791
11279181006719,11279181007372,653
11279181250285,11279181251137,852
11279181489720,11279181490434,714
11279181731346,11279181732168,822
11279181971377,11279181972080,703
11279182221808,11279182222617,809
11279182465056,11279182465789,733
11279182707194,11279182708074,880
11279182951234,11279182951917,683
11279183194690,11279183195526,836
11279183436932,11279183437627,695
11279183678134,11279183678960,826
11279183917074,11279183917760,686
11279184159583,11279184160433,850
11279184404237,11279184404933,696
11279184645366,11279184646214,848
11279184885523,11279184886213,690
11279185128032,11279185128859,827
11279185366403,11279185367072,669
11279185617345,11279185618146,801
11279185860516,11279185861185,669
11279186103922,11279186104733,811
11279186346052,11279186346705,653
11279186589036,11279186589844,808
11279186830626,11279186831312,686
11279187077372,11279187078219,847
11279187316000,11279187316703,703
11279187556441,11279187557258,817
11279187798432,11279187799162,730
11279188045254,11279188046074,820
11279188284980,11279188285662,682
11279188524935,11279188525775,840
11279188765366,11279188766082,716
11279189017679,11279189018506,827
11279189260686,11279189261358,672
11279189504946,11279189505801,855
11279189750477,11279189751131,654
11279189994116,11279189994972,856
11279190235978,11279190236633,655
11279190475853,11279190476671,818
11279190717990,11279190718702,712
11279190961574,11279190962380,806
11279191202877,11279191203582,705
11279191443999,11279191444841,842
11279191682690,11279191683344,654
11279191925754,11279191926505,751
11279192167093,11279192167751,658
11279192413346,11279192414195,849
11279192654731,11279192655380,649
11279192898694,11279192899501,807
11279193141209,11279193141870,661
11279193383879,11279193384682,803
11279193621018,11279193621698,680
11279193863183,11279193863989,806
11279194104082,11279194104770,688
11279194345193,11279194346027,834
11279194583641,11279194584314,673
11279194827803,11279194828616,813
11279195068047,11279195068710,663
11279195351579,11279195352402,823
11279195606148,11279195606841,693
11279195849073,11279195849880,807
11279196091539,11279196092200,661
11279196338368,11279196339196,828
11279196582024,11279196582716,692
11279196834170,11279196834980,810
11279197076141,11279197076801,660
11279197315511,11279197316343,832
11279197557639,11279197558318,679
11279197800224,11279197801036,812
11279198044088,11279198044762,674
11279198287434,11279198288216,782
11279198528593,11279198529255,662
11279198771472,11279198772222,750
11279199018651,11279199019326,675
11279199262534,11279199263325,791
11279199507072,11279199507742,670
11279199758964,11279199759780,816
11279200003022,11279200003673,651
11279200246609,11279200247431,822
11279200490560,11279200491241,681
11279200734744,11279200735553,809
11279200974620,11279200975325,705
11279201216815,11279201217620,805
11279201459588,11279201460270,682
11279201700145,11279201700952,807
11279201944640,11279201945361,721
11279202185617,11279202186413,796
11279202436874,11279202437574,700
11279202682151,11279202682991,840
11279202928086,11279202928771,685
11279203171417,11279203172309,892
11279203414835,11279203415541,706
11279203661030,11279203661894,864
11279203901350,11279203902040,690
11279204146130,11279204146958,828
11279204387575,11279204388306,731
11279204626809,11279204627632,823
11279204869965,11279204870679,714
11279205113471,11279205114300,829
11279205352530,11279205353192,662
11279205603100,11279205603959,859
11279205845760,11279205846433,673
11279206089393,11279206090253,860
11279206333584,11279206334309,725
11279206576960,11279206577803,843
11279206819666,11279206820375,709
11279207062088,11279207062928,840
11279207303120,11279207303767,647
11279207546562,11279207547371,809
11279207785369,11279207786056,687
11279208029030,11279208029839,809
11279208274469,11279208275120,651
11279208517898,11279208518711,813
11279208755951,11279208756631,680
11279209006285,11279209007134,849
11279209252968,11279209253668,700
11279209503547,11279209504398,851
11279209746872,11279209747554,682
11279209990011,11279209990830,819
11279210234719,11279210235432,713
11279210485469,11279210486313,844
11279210727984,11279210728627,643
11279210970472,11279210971299,827
11279211212635,11279211213341,706
11279211452145,11279211452980,835
11279211694634,11279211695355,721
11279211938788,11279211939632,844
11279212178294,11279212178983,689
11279212428296,11279212429149,853
11279212672268,11279212672940,672
11279212916382,11279212917201,819
11279213158380,11279213159090,710
11279213402047,11279213402901,854
11279213642054,11279213642776,722
11279213885987,11279213886809,822
11279214126910,11279214127593,683
11279214369146,11279214369952,806
11279214610615,11279214611303,688
11279214854762,11279214855582,820
11279215097703,11279215098354,651
11279215340416,11279215341230,814
11279215594173,11279215594869,696
11279215845684,11279215846479,795
11279216093427,11279216094106,679
11279216336691,11279216337479,788
11279216578909,11279216579582,673
11279216822902,11279216823721,819
11279217066446,11279217067131,685
11279217308508,11279217309300,792
11279217548514,11279217549214,700
11279217789439,11279217790209,770
11279218030536,11279218031198,662
11279218275914,11279218276672,758
11279218515521,11279218516185,664
11279218756359,11279218757169,810
11279219005282,11279219005968,686
11279219252512,11279219253398,886
11279219493560,11279219494225,665
11279219739101,11279219739931,830
11279219982124,11279219982835,711
11279220226201,11279220227052,851
11279220470525,11279220471207,682
11279220716924,11279220717768,844
11279220956346,11279220957060,714
11279221199052,11279221199845,793
11279221439877,11279221440530,653
11279221681151,11279221681971,820
11279221924130,11279221924790,660
11279222164973,11279222165775,802
11279222412302,11279222412981,679
11279222653748,11279222654545,797
11279222896461,11279222897113,652
11279223141596,11279223142415,819
11279223382460,11279223383114,654
11279223632368,11279223633213,845
11279223874093,11279223874787,694
11279224114054,11279224114875,821
11279224354006,11279224354662,656
11279224596837,11279224597629,792
11279224837612,11279224838277,665
11279225079118,11279225079959,841
11279225319248,11279225319937,689
11279225567567,11279225568373,806
11279225813544,11279225814269,725
11279226058841,11279226059677,836
11279226300645,11279226301350,705
11279226542072,11279226542902,830
11279226787507,11279226788218,711
11279227029184,11279227030029,845
11279227266662,11279227267337,675
11279227509297,11279227510131,834
11279227749396,11279227750063,667
11279227992846,11279227993673,827
11279228233805,11279228234477,672
11279228473666,11279228474478,812
11279228716998,11279228717666,668
11279228969210,11279228970034,824
11279229212635,11279229213334,699
11279229456490,11279229457288,798
11279229699539,11279229700228,689
11279229939904,11279229940731,827
11279230187242,11279230187918,676
11279230429355,11279230430166,811
11279230671499,11279230672162,663
11279230913130,11279230913970,840
11279231156485,11279231157181,696
11279231398642,11279231399474,832
11279231641998,11279231642660,662
11279231883038,11279231883874,836
11279232122333,11279232123043,710
11279232375801,11279232376666,865
11279232618329,11279232619009,680
11279232862990,11279232863856,866
11279233104042,11279233104707,665
11279233349870,11279233350816,946
11279233591797,11279233592457,660
11279233834005,11279233834838,833
11279234074370,11279234075069,699
11279234320314,11279234321130,816
11279234561322,11279234562003,681
11279234804659,11279234805476,817
11279235046425,11279235047118,693
11279235287788,11279235288601,813
11279235531709,11279235532397,688
11279235782516,11279235783402,886
11279236027043,11279236027751,708
11279236269056,11279236269881,825
11279236513438,11279236514109,671
11279236757974,11279236758790,816
11279236999343,11279237000016,673
11279237241870,11279237242692,822
11279237483912,11279237484605,693
11279237726338,11279237727160,822
11279237966439,11279237967182,743
11279238208602,11279238209477,875
11279238451232,11279238451944,712
11279238696575,11279238697462,887
11279238947997,11279238948649,652
11279239218616,11279239219489,873
11279239463811,11279239464495,684
11279239757545,11279239758417,872
11279240020401,11279240021059,658
11279240266538,11279240267362,824
11279240510865,11279240511569,704
11279240751825,11279240752643,818
11279241010798,11279241011461,663
11279241262749,11279241263535,786
11279241561043,11279241561719,676
11279241806751,11279241807585,834
11279242051198,11279242051880,682
11279242310049,11279242310888,839
11279242574477,11279242575113,636
11279242828630,11279242829422,792
11279243128682,11279243129391,709
11279243421912,11279243422755,843
11279243673870,11279243674558,688
11279243926536,11279243927380,844
11279244183899,11279244184589,690
11279244429533,11279244430354,821
11279244695898,11279244696559,661
11279244992510,11279244993342,832
11279245249810,11279245250501,691
11279245500290,11279245501140,850
11279245753193,11279245753866,673
11279245998709,11279245999582,873
11279246260868,11279246261552,684
11279246578550,11279246580391,1841
11279246857617,11279246858266,649
11279247126146,11279247126969,823
11279247367846,11279247369614,1768
11279247614861,11279247615651,790
11279247854897,11279247855551,654
11279248097519,11279248098385,866
11279248348707,11279248349338,631
11279248598730,11279248599498,768
11279248898225,11279248898889,664
11279249146941,11279249147768,827
11279249391364,11279249392040,676
11279249640614,11279249641458,844
11279249898455,11279249899129,674
11279250162187,11279250163025,838
11279250437517,11279250438169,652
11279250734107,11279250734905,798
11279250979823,11279250980515,692
11279251223664,11279251224458,794
11279251471247,11279251471945,698
11279251734651,11279251735498,847
11279252043495,11279252044183,688
11279252300079,11279252300905,826
11279252545976,11279252546633,657
11279252791181,11279252791995,814
11279253033316,11279253033963,647
11279253290933,11279253291771,838
11279253531188,11279253531848,660
11279253775971,11279253776811,840
11279254013439,11279254014094,655
11279254258112,11279254258901,789
11279254500239,11279254500898,659
11279254745749,11279254746583,834
11279254985388,11279254986051,663
11279255227650,11279255228491,841
11279255467537,11279255468209,672
11279255716491,11279255717364,873
11279255959047,11279255959728,681
11279256207320,11279256208462,1142
11279256527640,11279256528335,695
11279256784464,11279256785311,847
11279257042447,11279257043121,674
11279257315514,11279257316818,1304
11279257598716,11279257599458,742
11279257839223,11279257840025,802
11279258091902,11279258092597,695
11279258324754,11279258325631,877
11279258550158,11279258550808,650
11279258779548,11279258780418,870
11279259036662,11279259037407,745
11279259294935,11279259295806,871
11279259522816,11279259523545,729
11279259751192,11279259752018,826
11279259967011,11279259967650,639
11279260187219,11279260187985,766
11279260401731,11279260402363,632
11279260618777,11279260619543,766
11279260835756,11279260836363,607
11279261051516,11279261052265,749
11279261263636,11279261264238,602
11279261482224,11279261482984,760
11279261699681,11279261700236,555
11279261920763,11279261921531,768
11279262137373,11279262137968,595
11279262368650,11279262369402,752
11279262588240,11279262588901,661
11279262811730,11279262812543,813
11279263029151,11279263029793,642
11279263248231,11279263249021,790
11279263462721,11279263463319,598
11279263681489,11279263682270,781
11279263897983,11279263898580,597
11279264118049,11279264118803,754
11279264334429,11279264335054,625
11279264556853,11279264557648,795
11279264776036,11279264776691,655
11279264994398,11279264995177,779
11279265209962,11279265210610,648
11279265430343,11279265431100,757
11279265657773,11279265658410,637
11279265877213,11279265877974,761
11279266091143,11279266091754,611
11279266310758,11279266311521,763
11279266530532,11279266531127,595
11279266751863,11279266752627,764
11279266967985,11279266968584,599
11279267186529,11279267187324,795
11279267402239,11279267402879,640
11279267630380,11279267631126,746
11279267851068,11279267851710,642
11279268070506,11279268071245,739
11279268285774,11279268286367,593
11279268508896,11279268509665,769
11279268727266,11279268727870,604
11279268951051,11279268951824,773
11279269167183,11279269167818,635
11279269392045,11279269392789,744
11279269610002,11279269610605,603
11279269825188,11279269825954,766
11279270042081,11279270042715,634
11279270258660,11279270259393,733
11279270476086,11279270476698,612
11279270692176,11279270692897,721
11279270908703,11279270909318,615
11279271125195,11279271125947,752
11279271341050,11279271341646,596
11279271560891,11279271561642,751
11279271788945,11279271789548,603
11279272011533,11279272012296,763
11279272233163,11279272233812,649
11279272456140,11279272456965,825
11279272676861,11279272677483,622
11279272897394,11279272898160,766
11279273112698,11279273113304,606
11279273331935,11279273332714,779
11279273549937,11279273550562,625
11279273768571,11279273769302,731
11279273984899,11279273985490,591
11279274216128,11279274216884,756
11279274443593,11279274444365,772
11279274661986,11279274662710,724
11279274880237,11279274880781,544
11279275097368,11279275098189,821
11279275330839,11279275331473,634
11279275558267,11279275559021,754
11279275782070,11279275782648,578
11279276004754,11279276005487,733
11279276223877,11279276224473,596
11279276451795,11279276452547,752
11279276670097,11279276670683,586
11279276903505,11279276904229,724
11279277122269,11279277122960,691
11279277344508,11279277345290,782
11279277564642,11279277565274,632
11279277784358,11279277785107,749
11279278001915,11279278002504,589
11279278221032,11279278221842,810
11279278439631,11279278440271,640
11279278662859,11279278663629,770
11279278887412,11279278888006,594
11279279109988,11279279110720,732
11279279333132,11279279333757,625
11279279554387,11279279555173,786
11279279782267,11279279782848,581
11279280009465,11279280010254,789
11279280228426,11279280229015,589
11279280448811,11279280449570,759
11279280669789,11279280670377,588
11279280889132,11279280889865,733
11279281105901,11279281106528,627
11279281324477,11279281325206,729
11279281547275,11279281547818,543
11279281766775,11279281767590,815
11279281985482,11279281986089,607
11279282211501,11279282212287,786
11279282432983,11279282433630,647
11279282652500,11279282653271,771
11279282866698,11279282867311,613
11279283084391,11279283085153,762
11279283304394,11279283304997,603
11279283518913,11279283519676,763
11279283734595,11279283735181,586
11279283952196,11279283952941,745
11279284167164,11279284167771,607
11279284384820,11279284385576,756
11279284599278,11279284599910,632
11279284818628,11279284819422,794
11279285037432,11279285038021,589
11279285261487,11279285262260,773
11279285481059,11279285481662,603
11279285708704,11279285709494,790
11279285924241,11279285924889,648
11279286143122,11279286143854,732
11279286361929,11279286362548,619
11279286580859,11279286581605,746
11279286795078,11279286795680,602
11279287013418,11279287014156,738
11279287231628,11279287232291,663
11279287450295,11279287451010,715
11279287671771,11279287672359,588
11279287892505,11279287893250,745
11279288112886,11279288113467,581
11279288331658,11279288332391,733
11279288549267,11279288549858,591
11279288764515,11279288765268,753
11279288986901,11279288987554,653
11279289206576,11279289207327,751
11279289423906,11279289424492,586
11279289638988,11279289639691,703
11279289852155,11279289852744,589
11279290069477,11279290070229,752
11279290286468,11279290287045,577
11279290503165,11279290503906,741
11279290719143,11279290719753,610
11279290938220,11279290938951,731
11279291158360,11279291158961,601
11279291389952,11279291390683,731
11279291604098,11279291604736,638
11279291823508,11279291824265,757
11279292049892,11279292050494,602
11279292275938,11279292276741,803
11279292493189,11279292493824,635
11279292713044,11279292713795,751
11279292932187,11279292932853,666
11279293152399,11279293153171,772
11279293370818,11279293371420,602
11279293588406,11279293589228,822
11279293804709,11279293805325,616
11279294020916,11279294021692,776
11279294239126,11279294239769,643
11279294457462,11279294458209,747
11279294671442,11279294672067,625
11279294888734,11279294889481,747
11279295105792,11279295106428,636
11279295322133,11279295322874,741
11279295542899,11279295543565,666
11279295783280,11279295784005,725
11279296001484,11279296002085,601
11279296217793,11279296218549,756
11279296433575,11279296434193,618
11279296653957,11279296654752,795
11279296870060,11279296870681,621
11279297088359,11279297089124,765
11279297304709,11279297305360,651
11279297530317,11279297531102,785
11279297755064,11279297755715,651
11279297972300,11279297973048,748
11279298194579,11279298195178,599
11279298413392,11279298414168,776
11279298629706,11279298630324,618
11279298849304,11279298850047,743
11279299076493,11279299077164,671
11279299296380,11279299297164,784
11279299510388,11279299510988,600
11279299731238,11279299732010,772
11279299949421,11279299950088,667
11279300168044,11279300168777,733
11279300384779,11279300385434,655
11279300601965,11279300602735,770
11279300816067,11279300816671,604
11279301051290,11279301052111,821
11279301269586,11279301270253,667
11279301487739,11279301488506,767
11279301707362,11279301707985,623
11279301926504,11279301927276,772
11279302141759,11279302142360,601
11279302365810,11279302366563,753
11279302585667,11279302586313,646
11279302804636,11279302805402,766
11279303025942,11279303026544,602
11279303245743,11279303246535,792
11279303468076,11279303468694,618
11279303692043,11279303692803,760
11279303910120,11279303910735,615
11279304130442,11279304131240,798
11279304348052,11279304348701,649
11279304567829,11279304568595,766
11279304785142,11279304785757,615
11279305011064,11279305011827,763
11279305231916,11279305232527,611
11279305454862,11279305455595,733
11279305679849,11279305680596,747
11279305909410,11279305910232,822
11279306134636,11279306135320,684
11279306358037,11279306358778,741
11279306581991,11279306582607,616
11279306811458,11279306812200,742
11279307040579,11279307041138,559
11279307267947,11279307268677,730
11279307487005,11279307487577,572
11279307706295,11279307707041,746
11279307926309,11279307926899,590
11279308145739,11279308146560,821
11279308361651,11279308362256,605
11279308585751,11279308586507,756
11279308804416,11279308805075,659
11279309034896,11279309035675,779
11279309278410,11279309279057,647
11279309503148,11279309503916,768
11279309727287,11279309727916,629
11279309953592,11279309954351,759
11279310171548,11279310172183,635
11279310400275,11279310401025,750
11279310621371,11279310621958,587
11279310851643,11279310852394,751
11279311075163,11279311075750,587
11279311308106,11279311308903,797
11279311555628,11279311556518,890
11279311787438,11279311788227,789
11279312011838,11279312012489,651
11279312245619,11279312246396,777
11279312472242,11279312472896,654
11279312697030,11279312697810,780
11279312926143,11279312926742,599
11279313158740,11279313159502,762
11279313448766,11279313449484,718
11279313705979,11279313707885,1906
11279313953437,11279313954114,677
11279314237468,11279314238306,838
11279314486010,11279314487746,1736
11279314733618,11279314734441,823
11279314976029,11279314976696,667
11279315220292,11279315221131,839
11279315466212,11279315466886,674
11279315718464,11279315719293,829
11279315962913,11279315963576,663
11279316205868,11279316206700,832
11279316445534,11279316446212,678
11279316687013,11279316687839,826
11279316928490,11279316929142,652
11279317171137,11279317171928,791
11279317409657,11279317410336,679
11279317652426,11279317653277,851
11279317894377,11279317895071,694
11279318136874,11279318137718,844
11279318379862,11279318380544,682
11279318620529,11279318621384,855
11279318858737,11279318859440,703
11279319141273,11279319142124,851
11279319401742,11279319402414,672
11279319644970,11279319645762,792
11279319891345,11279319892028,683
11279320142786,11279320143660,874
11279320393473,11279320394176,703
11279320636722,11279320637543,821
11279320878172,11279320878843,671
11279321122282,11279321123136,854
11279321366919,11279321367622,703
11279321608339,11279321609149,810
11279321848253,11279321848926,673
11279322091507,11279322092342,835
11279322345499,11279322346207,708
11279322591994,11279322592856,862
11279322834374,11279322835030,656
11279323077538,11279323078316,778
11279323320856,11279323321489,633
11279323590504,11279323591276,772
11279323832321,11279323832959,638
11279324076176,11279324076976,800
11279324328981,11279324329632,651
11279324575650,11279324576479,829
11279324831761,11279324832420,659
11279325077710,11279325078531,821
11279325318984,11279325319641,657
11279325577017,11279325577859,842
11279325822602,11279325823258,656
11279326064657,11279326065492,835
11279326311068,11279326311725,657
11279326555331,11279326556160,829
11279326801584,11279326802236,652
11279327044998,11279327045800,802
11279327294910,11279327295595,685
11279327540957,11279327541809,852
11279327785042,11279327785696,654
11279328026718,11279328027540,822
11279328269661,11279328270355,694
11279328513938,11279328514747,809
11279328752284,11279328752962,678
11279329044442,11279329045281,839
11279329307733,11279329308405,672
11279329552268,11279329553054,786
11279329796340,11279329797006,666
11279330046169,11279330046981,812
11279330304775,11279330305473,698
11279330549113,11279330549898,785
11279330787499,11279330788151,652
11279331029725,11279331030578,853
11279331275676,11279331276356,680
11279331517504,11279331518332,828
11279331758526,11279331759225,699
11279332006343,11279332007151,808
11279332258924,11279332259633,709
11279332505015,11279332505848,833
11279332747839,11279332748499,660
11279332991725,11279332992548,823
11279333236155,11279333236848,693
11279333477107,11279333477935,828
11279333718477,11279333719148,671
11279333961552,11279333962387,835
11279334201565,11279334202291,726
11279334444667,11279334445530,863
11279334684792,11279334685489,697
11279334934386,11279334935208,822
11279335176866,11279335177564,698
11279335419501,11279335420356,855
11279335673371,11279335674120,749
11279335921098,11279335921950,852
11279336162257,11279336162947,690
11279336407584,11279336408416,832
11279336651084,11279336651757,673
11279336894839,11279336895696,857
11279337137602,11279337138271,669
11279337386539,11279337387352,813
11279337623682,11279337624341,659
11279337870966,11279337871743,777
11279338111853,11279338112493,640
11279338359037,11279338359834,797
11279338600025,11279338600765,740
11279338842943,11279338843764,821
11279339095682,11279339096372,690
11279339342904,11279339343794,890
11279339588000,11279339588718,718
11279339834133,11279339834953,820
11279340074151,11279340074877,726
11279340318374,11279340319208,834
11279340562047,11279340562709,662
11279340806441,11279340807241,800
11279341050065,11279341050736,671
11279341291708,11279341292542,834
11279341532987,11279341533657,670
11279341774564,11279341775422,858
11279342017658,11279342018371,713
11279342271990,11279342272853,863
11279342517964,11279342518649,685
11279342763678,11279342764486,808
11279343002716,11279343003388,672
11279343265500,11279343266310,810
11279343508346,11279343509034,688
11279343748848,11279343749707,859
11279343987560,11279343988245,685
11279344233441,11279344234260,819
11279344475408,11279344476068,660
11279344717860,11279344718730,870
11279344958855,11279344959539,684
11279345202762,11279345203624,862
11279345468122,11279345468815,693
11279345714625,11279345715480,855
11279345958295,11279345958975,680
11279346201643,11279346202516,873
11279346445720,11279346446396,676
11279346685941,11279346686816,875
11279346926356,11279346927073,717
11279347168398,11279347169264,866
11279347411904,11279347412584,680
11279347655409,11279347656285,876
11279347895762,11279347896455,693
11279348136477,11279348137339,862
11279348378961,11279348379646,685
11279348622942,11279348623761,819
11279348863564,11279348864253,689
11279349116084,11279349116933,849
11279349357508,11279349358203,695
11279349603423,11279349604235,812
11279349845389,11279349846056,667
11279350086590,11279350087441,851
11279350328810,11279350329475,665
11279350571909,11279350572761,852
11279350815825,11279350816523,698
11279351059594,11279351060400,806
11279351300508,11279351301258,750
11279351542997,11279351543821,824
11279351784982,11279351785657,675
11279352027305,11279352028169,864
11279352276604,11279352277311,707
11279352520555,11279352521410,855
11279352763737,11279352764473,736
11279353007973,11279353008840,867
11279353262985,11279353263684,699
11279353505796,11279353506657,861
11279353744664,11279353745337,673
11279353989234,11279353990072,838
11279354230649,11279354231349,700
11279354479806,11279354480666,860
11279354723513,11279354724228,715
11279354967475,11279354968237,762
11279355211473,11279355212143,670
11279355453931,11279355454775,844
11279355704708,11279355705398,690
11279355949160,11279355950017,857
11279356199365,11279356200060,695
11279356441518,11279356442372,854
11279356680749,11279356681462,713
11279356924764,11279356925567,803
11279357165342,11279357166047,705
11279357409581,11279357410432,851
11279357649340,11279357650012,672
11279357891729,11279357892524,795
11279358132738,11279358133431,693
11279358380392,11279358381239,847
11279358624928,11279358625631,703
11279358867826,11279358868641,815
11279359119238,11279359119930,692
11279359385524,11279359386379,855
11279359628512,11279359629190,678
11279359869379,11279359870233,854
11279360112532,11279360113201,669
11279360361383,11279360362233,850
11279360606334,11279360607009,675
11279360846320,11279360847160,840
11279361087054,11279361087780,726
11279361330387,11279361331243,856
11279361573833,11279361574510,677
11279361816223,11279361817059,836
11279362060512,11279362061203,691
11279362312529,11279362313385,856
11279362558503,11279362559146,643
11279362807470,11279362808356,886
11279363048002,11279363048696,694
11279363338670,11279363339524,854
11279363637569,11279363638345,776
11279363898494,11279363899350,856
11279364149519,11279364150198,679
11279364394801,11279364395701,900
11279364634672,11279364635400,728
11279364878768,11279364879579,811
11279365121328,11279365122019,691
11279365366035,11279365366888,853
11279365621952,11279365622627,675
11279365866568,11279365867394,826
11279366112517,11279366113148,631
11279366356707,11279366357512,805
11279366599759,11279366600433,674
11279366843722,11279366844540,818
11279367086340,11279367086996,656
11279367329714,11279367330552,838
11279367570990,11279367571699,709
11279367813100,11279367813979,879
11279368054875,11279368055577,702
11279368316273,11279368317110,837
11279368559646,11279368560333,687
11279368800354,11279368801159,805
11279369049705,11279369050398,693
11279369305381,11279369306219,838
11279369549420,11279369550102,682
11279369790827,11279369791679,852
11279370032300,11279370033021,721
11279370356539,11279370357833,1294
11279370683737,11279370684429,692
11279370941445,11279370942327,882
11279371187365,11279371188053,688
11279371436976,11279371437880,904
11279371680464,11279371681165,701
11279371925382,11279371926250,868
11279372171778,11279372172451,673
11279372427341,11279372428178,837
11279372674692,11279372675368,676
11279372927900,11279372928729,829
11279373168902,11279373169565,663
11279373426391,11279373427225,834
11279373668340,11279373669056,716
11279373911908,11279373912768,860
11279374157013,11279374157693,680
11279374406338,11279374407177,839
11279374647624,11279374648308,684
11279374891213,11279374892057,844
11279375135688,11279375136387,699
11279375376212,11279375377052,840
11279375629114,11279375629807,693
11279375875562,11279375876404,842
11279376119427,11279376120113,686
11279376363702,11279376364537,835
11279376603626,11279376604284,658
11279376846100,11279376846937,837
11279377086740,11279377087387,647
11279377332585,11279377333429,844
11279377575045,11279377575715,670
11279377823386,11279377824238,852
11279378064102,11279378064835,733
11279378309177,11279378309960,783
11279378549878,11279378550580,702
11279378792817,11279378793643,826
11279379059380,11279379060047,667
11279379306757,11279379307610,853
11279379554262,11279379554913,651
11279379800103,11279379800920,817
11279380044505,11279380045160,655
11279380287415,11279380288215,800
11279380533278,11279380533909,631
11279380776850,11279380777714,864
11279381019807,11279381020498,691
11279381262751,11279381263593,842
11279381506591,11279381507253,662
11279381751852,11279381752706,854
11279382002810,11279382003479,669
11279382271613,11279382272439,826
11279382515328,11279382516045,717
11279382763898,11279382764748,850
11279383007358,11279383008066,708
11279383251000,11279383251842,842
11279383491471,11279383492145,674
11279383737786,11279383738566,780
11279383977749,11279383978432,683
11279384223871,11279384224696,825
11279384464616,11279384465271,655
11279384708840,11279384709642,802
11279384950428,11279384951123,695
11279385217223,11279385217993,770
11279385461722,11279385462387,665
11279385767900,11279385768702,802
11279386010635,11279386011334,699
11279386253938,11279386254739,801
11279386496701,11279386497387,686
11279386741131,11279386743041,1910
11279386983624,11279386984316,692
11279387227225,11279387228056,831
11279387467666,11279387468353,687
11279387716187,11279387717065,878
11279387956255,11279387956987,732
11279388197791,11279388198663,872
11279388449277,11279388449944,667
11279388689047,11279388689851,804
11279388937524,11279388938201,677
11279389180348,11279389181204,856
11279389424070,11279389424786,716
11279389669229,11279389670110,881
11279389909623,11279389910341,718
11279390150260,11279390151132,872
11279390408038,11279390408766,728
11279390651930,11279390652759,829
11279390898679,11279390899531,852
11279391224708,11279391225570,862
11279391487645,11279391488272,627
11279391708408,11279391709251,843
11279391923679,11279391924335,656
11279392144120,11279392144868,748
11279392371715,11279392372394,679
11279392594413,11279392595228,815
11279392811845,11279392812455,610
11279393033080,11279393033874,794
11279393248784,11279393249428,644
11279393470966,11279393471722,756
11279393686325,11279393686948,623
11279393902721,11279393903508,787
11279394120643,11279394121220,577
11279394355049,11279394355791,742
11279394572647,11279394573219,572
11279394787012,11279394787728,716
11279395005051,11279395005643,592
11279395234893,11279395235618,725
11279395451030,11279395451624,594
11279395672552,11279395673301,749
11279395891602,11279395892240,638
11279396112778,11279396113482,704
11279396333695,11279396334294,599
11279396551747,11279396552516,769
11279396768214,11279396768827,613
11279396988057,11279396988798,741
11279397201861,11279397202491,630
11279397417393,11279397418151,758
11279397631251,11279397631858,607
11279397855676,11279397856403,727
11279398067365,11279398067999,634
11279398284962,11279398285699,737
11279398500396,11279398500971,575
11279398718706,11279398719440,734
11279398980802,11279398981492,690
11279399205447,11279399206224,777
11279399422926,11279399423577,651
11279399640477,11279399641193,716
11279399858060,11279399858677,617
11279400076951,11279400077720,769
11279400296806,11279400297427,621
11279400512478,11279400513260,782
11279400727184,11279400727827,643
11279400945312,11279400946088,776
11279401158670,11279401159318,648
11279401375676,11279401376416,740
11279401590208,11279401590804,596
11279401804273,11279401805028,755
11279402020686,11279402021297,611
11279402243154,11279402243947,793
11279402459006,11279402459634,628
11279402674898,11279402675670,772
11279402891443,11279402892063,620
11279403109251,11279403110008,757
11279403327938,11279403328530,592
11279403543775,11279403544545,770
11279403757023,11279403757629,606
11279403976082,11279403976810,728
11279404190496,11279404191103,607
11279404407635,11279404408357,722
11279404621578,11279404622203,625
11279404841249,11279404841973,724
11279405056668,11279405057268,600
11279405275933,11279405276660,727
11279405488955,11279405489549,594
11279405714120,11279405714903,783
11279405928855,11279405929495,640
11279406145991,11279406146759,768
11279406370314,11279406370921,607
11279406586798,11279406587534,736
11279406803023,11279406803630,607
11279407019558,11279407020260,702
11279407244283,11279407244934,651
11279407462637,11279407463361,724
11279407678380,11279407679003,623
11279407893652,11279407894388,736
11279408109130,11279408109759,629
11279408338717,11279408339445,728
11279408553645,11279408554252,607
11279408773205,11279408773943,738
11279408992168,11279408992781,613
11279409212769,11279409213492,723
11279409428063,11279409428654,591
11279409647434,11279409648180,746
11279409863288,11279409863897,609
11279410087845,11279410088586,741
11279410301870,11279410302480,610
11279410520821,11279410521561,740
11279410734362,11279410734964,602
11279410950057,11279410950759,702
11279411165407,11279411166038,631
11279411381626,11279411382338,712
11279411597337,11279411597961,624
11279411813670,11279411814386,716
11279412029845,11279412030422,577
11279412251695,11279412252472,777
11279412472410,11279412473031,621
11279412690530,11279412691247,717
11279412907834,11279412908425,591
11279413124855,11279413125555,700
11279413342083,11279413342691,608
11279413562993,11279413563739,746
11279413787080,11279413787673,593
11279414005140,11279414005908,768
11279414224587,11279414225206,619
11279414449739,11279414450518,779
11279414662983,11279414663604,621
11279414882926,11279414883675,749
11279415101776,11279415102349,573
11279415322677,11279415323416,739
11279415545180,11279415545795,615
11279415769437,11279415770176,739
11279415987363,11279415987992,629
11279416214120,11279416214857,737
11279416429532,11279416430140,608
11279416648832,11279416649574,742
11279416868180,11279416868803,623
11279417084112,11279417084859,747
11279417297279,11279417297908,629
11279417516216,11279417516972,756
11279417733637,11279417734284,647
11279417949670,11279417950425,755
11279418165602,11279418166210,608
11279418388979,11279418389733,754
11279418604945,11279418605537,592
11279418822552,11279418823282,730
11279419043219,11279419043814,595
11279419260843,11279419261590,747
11279419484450,11279419485075,625
11279419701157,11279419701937,780
11279419917364,11279419917978,614
11279420138372,11279420139118,746
11279420360169,11279420360799,630
11279420582075,11279420582826,751
11279420799117,11279420799733,616
11279421018922,11279421019664,742
11279421236889,11279421237499,610
11279421459629,11279421460373,744
11279421676528,11279421677134,606
11279421894395,11279421895136,741
11279422112904,11279422113511,607
11279422338990,11279422339722,732
11279422569997,11279422570649,652
11279422788556,11279422789302,746
11279423007842,11279423008449,607
11279423232799,11279423233572,773
11279423450501,11279423451134,633
11279423669437,11279423670180,743
11279423888986,11279423889608,622
11279424106134,11279424106889,755
11279424347843,11279424348494,651
11279424568115,11279424568852,737
11279424787127,11279424787727,600
11279425005351,11279425006069,718
11279425225382,11279425225978,596
11279425446324,11279425447067,743
11279425674324,11279425674964,640
11279425895600,11279425896336,736
11279426113523,11279426114133,610
11279426333533,11279426334271,738
11279426550736,11279426551339,603
11279426770865,11279426771587,722
11279426988659,11279426989270,611
11279427213267,11279427214005,738
11279427433128,11279427433690,562
11279427654838,11279427655602,764
11279427870702,11279427871299,597
11279428087209,11279428087968,759
11279428305458,11279428306101,643
11279428524349,11279428525120,771
11279428738957,11279428739563,606
11279428962338,11279428963077,739
11279429180677,11279429181325,648
11279429399060,11279429399813,753
11279429617476,11279429618036,560
11279429834957,11279429835720,763
11279430050396,11279430051027,631
11279430270766,11279430271563,797
11279430488395,11279430489008,613
11279430707022,11279430707791,769
11279430923119,11279430923728,609
11279431139823,11279431140581,758
11279431356555,11279431357141,586
11279431579734,11279431580480,746
11279431798170,11279431798757,587
11279432019821,11279432020558,737
11279432244268,11279432244897,629
11279432464349,11279432465106,757
11279432680054,11279432680676,622
11279432900162,11279432900878,716
11279433116541,11279433117160,619
11279433336948,11279433337723,775
11279433555021,11279433555611,590
11279433773959,11279433774723,764
11279433993513,11279433994107,594
11279434219945,11279434220670,725
11279434437260,11279434437834,574
11279434654544,11279434655284,740
11279434873273,11279434873876,603
11279435100128,11279435100882,754
11279435321262,11279435321857,595
11279435546680,11279435547442,762
11279435763864,11279435764499,635
11279435984510,11279435985248,738
11279436206977,11279436207620,643
11279436421242,11279436422019,777
11279436636654,11279436637263,609
11279436853876,11279436854632,756
11279437068633,11279437069247,614
11279437285867,11279437286611,744
11279437500591,11279437501206,615
11279437717090,11279437717882,792
11279437934852,11279437935467,615
11279438149932,11279438150686,754
11279438374571,11279438375246,675
11279438592369,11279438593115,746
11279438805724,11279438806354,630
11279439029731,11279439030470,739
11279439245404,11279439246003,599
11279439462043,11279439462775,732
11279439678173,11279439678809,636
11279439899623,11279439900376,753
11279440113193,11279440113807,614
11279440331670,11279440332409,739
11279440545819,11279440546449,630
11279440763911,11279440764680,769
11279440980605,11279440981253,648
11279441202541,11279441203274,733
11279441417413,11279441418011,598
11279441632953,11279441633696,743
11279441848325,11279441848930,605
11279442064717,11279442065440,723
11279442287120,11279442287760,640
11279442506730,11279442507454,724
11279442722413,11279442722980,567
11279442943227,11279442943968,741
11279443158081,11279443158645,564
11279443374203,11279443374963,760
11279443588428,11279443589020,592
11279443807127,11279443807835,708
11279444024158,11279444024713,555
11279444241691,11279444242457,766
11279444471917,11279444472488,571
11279444688950,11279444689719,769
11279444905607,11279444906241,634
11279445121669,11279445122446,777
11279445339865,11279445340463,598
11279445563747,11279445564515,768
11279445782759,11279445783345,586
11279446000048,11279446000737,689
11279446225558,11279446226145,587
11279446442647,11279446443364,717
11279446656805,11279446657418,613
11279446875345,11279446876070,725
11279447090633,11279447091261,628
11279447316893,11279447317630,737
11279447532449,11279447533036,587
11279447752751,11279447753502,751
11279447969127,11279447969762,635
11279448186648,11279448187409,761
11279448401988,11279448402587,599
11279448618124,11279448618820,696
11279448837604,11279448838180,576
11279449058328,11279449059066,738
11279449273045,11279449273673,628
11279449488452,11279449489203,751
11279449705673,11279449706296,623
11279449921946,11279449922677,731
11279450136058,11279450136679,621
11279450353784,11279450354516,732
11279450594689,11279450595362,673
11279450816342,11279450817083,741
11279451029294,11279451029943,649
11279451248651,11279451249369,718
11279451460050,11279451461704,1654
11279451678690,11279451679408,718
11279451891479,11279451892063,584
11279452105627,11279452109053,3426
11279452324568,11279452325204,636
11279452541039,11279452541784,745
11279452753998,11279452754623,625
11279452969081,11279452969807,726
11279453183635,11279453184249,614
11279453402617,11279453403342,725
11279453618376,11279453618959,583
11279453834685,11279453835409,724
11279454053013,11279454053638,625
11279454270087,11279454270829,742
11279454484038,11279454484636,598
11279454698410,11279454699093,683
11279454914103,11279454914685,582
11279455129636,11279455130319,683
11279455346223,11279455346812,589
11279455566182,11279455566927,745
11279455788562,11279455789217,655
11279456007070,11279456007804,734
11279456222217,11279456222812,595
11279456442042,11279456442830,788
11279456655474,11279456656054,580
11279456873751,11279456874488,737
11279457085470,11279457086063,593
11279457299959,11279457300714,755
11279457514051,11279457514629,578
11279457730013,11279457730746,733
11279457945714,11279457946316,602
11279458166399,11279458167160,761
11279458378022,11279458378602,580
11279458594745,11279458595501,756
11279458809406,11279458810003,597
11279459028597,11279459029330,733
11279459244005,11279459244598,593
11279459460906,11279459461661,755
11279459673782,11279459674362,580
11279459890831,11279459891568,737
11279460103132,11279460103782,650
11279460317610,11279460318345,735
11279460531471,11279460532080,609
11279460747298,11279460748034,736
11279460960886,11279460961511,625
11279461177784,11279461178530,746
11279461390590,11279461391207,617
11279461602286,11279461603033,747
11279461859631,11279461860260,629
11279462075238,11279462075949,711
11279462294358,11279462295028,670
11279462511490,11279462512256,766
11279462726912,11279462727527,615
11279462944029,11279462944775,746
11279463156988,11279463157634,646
11279463372332,11279463373087,755
11279463584452,11279463585073,621
11279463802517,11279463803277,760
11279464013093,11279464013721,628
11279464229872,11279464230627,755
11279464441348,11279464441962,614
11279464661163,11279464661904,741
11279464873442,11279464874006,564
11279465089993,11279465090718,725
11279465303858,11279465304479,621
11279465522161,11279465522898,737
11279465744393,11279465745017,624
11279465960099,11279465960856,757
11279466176163,11279466176753,590
11279466392083,11279466392778,695
11279466609002,11279466609621,619
11279466825148,11279466825907,759
11279467039644,11279467040279,635
11279467255409,11279467256171,762
11279467471730,11279467472362,632
11279467688402,11279467689161,759
11279467901008,11279467901619,611
11279468116869,11279468117621,752
11279468331806,11279468332389,583
11279468549134,11279468549900,766
11279468763657,11279468764269,612
11279468985194,11279468985991,797
11279469198880,11279469199525,645
11279469422211,11279469422931,720
11279469634451,11279469635044,593
11279469851878,11279469852637,759
11279470066459,11279470067101,642
11279470285560,11279470286329,769
11279470499508,11279470500135,627
11279470719858,11279470720608,750
11279470936801,11279470937386,585
11279471152890,11279471153655,765
11279471373390,11279471373998,608
11279471590689,11279471591414,725
11279471804440,11279471805039,599
11279472020596,11279472021397,801
11279472243780,11279472244438,658
11279472468272,11279472469055,783
11279472691562,11279472692181,619
11279472916712,11279472917464,752
11279473140391,11279473141055,664
11279473361134,11279473361925,791
11279473576763,11279473577400,637
11279473795207,11279473795973,766
11279474012485,11279474013095,610
11279474228592,11279474229355,763
11279474465664,11279474466269,605
11279474682777,11279474683557,780
11279474898413,11279474899030,617
11279475118395,11279475119246,851
11279475337330,11279475337913,583
11279475568629,11279475569415,786
11279475787410,11279475787997,587
11279476006075,11279476006782,707
11279476240992,11279476241610,618
11279476462583,11279476463337,754
11279476678102,11279476678763,661
11279476896653,11279476897411,758
11279477115821,11279477116456,635
11279477337523,11279477338264,741
11279477558638,11279477559253,615
11279477782300,11279477783055,755
11279478003719,11279478004344,625
11279478233430,11279478234179,749
11279478486539,11279478487163,624
11279478730047,11279478730830,783
11279478982994,11279478983671,677
11279479220922,11279479221756,834
11279479454496,11279479455204,708
11279479686968,11279479687744,776
11279479927094,11279479927789,695
11279480155036,11279480155843,807
11279480404181,11279480404849,668
11279480634421,11279480635215,794
11279480860335,11279480860982,647
11279481087831,11279481088586,755
11279481318449,11279481319100,651
11279481551120,11279481551868,748
11279481776292,11279481776945,653
11279482005648,11279482006381,733
11279482240963,11279482241639,676
11279482475353,11279482476150,797
11279482701434,11279482702111,677
11279482932146,11279482932910,764
11279483158423,11279483159065,642
11279483388111,11279483388884,773
11279483616158,11279483616786,628
11279483846852,11279483847611,759
11279484076100,11279484076773,673
11279484303030,11279484303816,786
11279484531893,11279484532543,650
11279484760535,11279484761309,774
11279484990027,11279484990687,660
11279485221370,11279485222140,770
11279485451838,11279485452514,676
11279485697842,11279485698671,829
11279485933540,11279485934241,701
11279486163155,11279486163988,833
11279486391224,11279486391882,658
11279486624297,11279486625098,801
11279486852673,11279486853342,669
11279487081584,11279487082412,828
11279487308973,11279487309674,701
11279487536335,11279487537171,836
11279487768967,11279487769653,686
11279487997894,11279487998726,832
11279488223029,11279488223720,691
11279488449234,11279488450074,840
11279488679689,11279488680345,656
11279488916733,11279488917534,801
11279489146315,11279489146994,679
11279489376235,11279489377097,862
11279489602065,11279489602729,664
11279489835990,11279489836829,839
11279490064596,11279490065273,677
11279490293884,11279490294701,817
11279490523860,11279490524510,650
11279490753151,11279490753999,848
11279490978451,11279490979107,656
11279491209764,11279491210577,813
11279491441421,11279491442101,680
11279491673949,11279491674746,797
11279491906602,11279491907269,667
11279492135244,11279492136066,822
11279492374285,11279492374957,672
11279492608218,11279492609042,824
11279492836912,11279492837563,651
11279493066267,11279493067016,749
11279493296243,11279493296940,697
11279493524550,11279493525344,794
11279493753465,11279493754159,694
11279493982898,11279493983697,799
11279494208257,11279494208919,662
11279494434708,11279494435502,794
11279494662053,11279494662683,630
11279494891016,11279494891799,783
11279495117631,11279495118271,640
11279495345116,11279495345907,791
11279495577083,11279495577737,654
11279495813712,11279495814556,844
11279496039892,11279496040591,699
11279496270411,11279496271216,805
11279496499420,11279496500042,622
11279496727553,11279496728327,774
11279496957714,11279496958330,616
11279497185512,11279497186257,745
11279497410270,11279497410944,674
11279497637716,11279497638508,792
11279497866623,11279497867270,647
11279498093566,11279498094353,787
11279498320073,11279498320712,639
11279498554026,11279498554857,831
11279498781219,11279498781839,620
11279499019849,11279499020674,825
11279499251651,11279499252316,665
11279499480794,11279499481588,794
11279499713083,11279499713768,685
11279499944021,11279499944812,791
11279500170262,11279500170904,642
11279500399532,11279500400357,825
11279500625772,11279500626441,669
11279500855232,11279500856020,788
11279501078794,11279501079403,609
11279501309071,11279501309830,759
11279501533137,11279501533771,634
11279501759646,11279501760440,794
11279501986617,11279501987278,661
11279502222068,11279502222917,849
11279502452424,11279502453093,669
11279502679943,11279502680766,823
11279502911329,11279502912009,680
11279503141786,11279503142610,824
11279503368468,11279503369161,693
11279503596213,11279503597073,860
11279503823265,11279503823923,658
11279504052912,11279504053693,781
11279504277654,11279504278299,645
11279504504116,11279504504922,806
11279504729525,11279504730164,639
11279504959315,11279504960109,794
11279505185063,11279505185721,658
11279505423020,11279505423818,798
11279505658819,11279505659477,658
11279505890246,11279505891049,803
11279506119158,11279506119774,616
11279506349632,11279506350429,797
11279506577414,11279506578026,612
11279506807070,11279506807828,758
11279507032353,11279507032970,617
11279507260929,11279507261648,719
11279507486665,11279507487255,590
11279507713546,11279507714308,762
11279507940379,11279507941003,624
11279508170493,11279508171238,745
11279508397515,11279508398079,564
11279508626388,11279508627156,768
11279509214444,11279509215181,737
11279509447084,11279509447912,828
11279509675220,11279509675911,691
11279509904767,11279509905574,807
11279510135394,11279510136036,642
11279510364776,11279510365560,784
11279510591346,11279510591996,650
11279510820058,11279510820861,803
11279511047441,11279511048036,595
11279511276154,11279511276972,818
11279511500938,11279511501561,623
11279511730495,11279511731276,781
11279511957086,11279511957732,646
11279512184134,11279512184905,771
11279512434340,11279512435039,699
11279512667499,11279512668331,832
11279512897184,11279512897874,690
11279513128737,11279513129521,784
11279513358321,11279513358957,636
11279513588937,11279513589745,808
11279513817382,11279513818038,656
11279514045721,11279514046507,786
11279514273130,11279514273797,667
11279514504918,11279514505748,830
11279514731173,11279514731842,669
11279514959421,11279514960170,749
11279515186136,11279515186807,671
11279515417992,11279515418773,781
11279515656143,11279515656809,666
11279515887873,11279515888652,779
11279516115029,11279516115663,634
11279516346548,11279516347354,806
11279516574477,11279516575131,654
11279516801429,11279516802265,836
11279517043431,11279517044157,726
11279517268636,11279517269387,751
11279517497502,11279517498164,662
11279517725623,11279517726374,751
11279517951253,11279517951913,660
11279518176139,11279518176914,775
11279518402099,11279518402741,642
11279518630616,11279518631440,824
11279518854188,11279518854845,657
11279519095901,11279519096745,844
11279519321943,11279519322652,709
11279519550163,11279519550960,797
11279519776966,11279519777640,674
11279520006506,11279520007313,807
11279520231624,11279520232317,693
11279520462917,11279520463741,824
11279520686635,11279520687260,625
11279520955737,11279520956500,763
11279521180622,11279521181240,618
11279521412369,11279521413156,787
11279521636029,11279521636638,609
11279521870508,11279521871276,768
11279522095279,11279522095904,625
11279522329202,11279522330033,831
11279522557379,11279522558041,662
11279522786445,11279522787236,791
11279523016070,11279523016709,639
11279523241971,11279523242762,791
11279523469401,11279523470092,691
11279523697550,11279523698343,793
11279523920963,11279523921651,688
11279524148884,11279524149631,747
11279524374507,11279524375139,632
11279524602499,11279524603313,814
11279524826381,11279524827034,653
11279525054072,11279525054848,776
11279525280206,11279525280839,633
11279525506625,11279525507415,790
11279525740583,11279525741312,729
11279525971803,11279525972646,843
11279526200650,11279526201316,666
11279526429551,11279526430375,824
11279526656681,11279526657321,640
11279526884256,11279526885071,815
11279527108414,11279527109045,631
11279527340827,11279527341585,758
11279527564216,11279527564869,653
11279527790682,11279527791447,765
11279528015158,11279528015785,627
11279528247289,11279528248116,827
11279528474235,11279528474885,650
11279528701648,11279528702432,784
11279528934840,11279528935523,683
11279529163500,11279529164339,839
11279529399353,11279529399977,624
11279529625949,11279529626759,810
11279529850034,11279529850711,677
11279530077080,11279530077863,783
11279530306033,11279530306693,660
11279530533166,11279530533945,779
11279530758322,11279530758935,613
11279530983577,11279530984371,794
11279531220908,11279531221547,639
11279531447954,11279531448756,802
11279531674508,11279531675155,647
11279531902879,11279531903772,893
11279532126484,11279532127188,704
11279532359290,11279532360112,822
11279532588266,11279532588984,718
11279532818145,11279532818977,832
11279533042046,11279533042666,620
11279533267646,11279533268543,897
11279533490304,11279533490951,647
11279533717543,11279533718436,893
11279533940283,11279533940914,631
11279534166648,11279534167457,809
11279534392888,11279534393606,718
11279534622546,11279534623361,815
11279534847664,11279534848316,652
11279535075798,11279535076777,979
11279535301237,11279535301881,644
11279535525396,11279535526212,816
11279535763494,11279535764201,707
11279535991648,11279535992455,807
11279536219600,11279536220242,642
11279536445972,11279536446764,792
11279536672233,11279536672890,657
11279536901328,11279536902102,774
11279537129466,11279537130101,635
11279537354642,11279537355437,795
11279537580109,11279537580745,636
11279537808441,11279537809233,792
11279538034002,11279538034658,656
11279538263222,11279538264059,837
11279538486281,11279538486936,655
11279538713619,11279538714420,801
11279538951246,11279538951917,671
11279539181920,11279539182772,852
11279539408201,11279539408867,666
11279539636612,11279539637429,817
11279539860750,11279539861374,624
11279540089974,11279540090734,760
11279540316074,11279540316721,647
11279540542283,11279540543091,808
11279540768058,11279540768763,705
11279540997560,11279540998384,824
11279541224898,11279541225535,637
11279541450384,11279541451195,811
11279541676657,11279541677359,702
11279541900888,11279541901711,823
11279542130760,11279542131363,603
11279542366004,11279542366984,980
11279542596693,11279542597334,641
11279542826159,11279542826986,827
11279543051580,11279543052217,637
11279543284863,11279543285684,821
11279543512917,11279543513561,644
11279543738949,11279543739771,822
11279543963831,11279543964448,617
11279544190551,11279544191371,820
11279544419002,11279544419655,653
11279544650748,11279544651583,835
11279544876129,11279544876821,692
11279545104454,11279545105248,794
11279545336294,11279545336916,622
11279545570783,11279545571612,829
11279545800434,11279545801135,701
11279546029329,11279546030128,799
11279546254672,11279546255326,654
11279546483306,11279546484087,781
11279546711062,11279546711692,630
11279546939126,11279546939892,766
11279547165853,11279547166478,625
11279547395948,11279547396713,765
11279547621462,11279547622128,666
11279547847813,11279547848615,802
11279548074687,11279548075336,649
11279548301077,11279548301887,810
11279548529500,11279548530156,656
11279548754914,11279548755742,828
11279548988477,11279548989156,679
11279549218741,11279549219587,846
11279549445237,11279549445915,678
11279549673996,11279549674752,756
11279549902673,11279549903289,616
11279550132124,11279550132914,790
11279550372213,11279550372882,669
11279550599409,11279550600184,775
11279550826669,11279550827344,675
11279551053776,11279551054532,756
11279551275999,11279551276599,600
11279551501926,11279551502753,827
11279551730135,11279551730762,627
11279551957254,11279551958022,768
11279552180583,11279552181186,603
11279552418385,11279552419204,819
11279552646295,11279552646953,658
11279552878607,11279552879406,799
11279553106360,11279553107065,705
11279553334480,11279553335285,805
11279553561246,11279553561913,667
11279553789570,11279553790414,844
11279554015517,11279554016171,654
11279554241012,11279554241794,782
11279554467983,11279554468580,597
11279554694507,11279554695333,826
11279554922087,11279554922699,612
11279555150976,11279555151793,817
11279555394637,11279555395258,621
11279555628074,11279555628978,904
11279555858146,11279555858849,703
11279556089477,11279556090279,802
11279556320673,11279556321371,698
11279556548488,11279556549281,793
11279556779422,11279556780094,672
11279557008036,11279557008775,739
11279557236427,11279557237165,738
11279557463733,11279557464514,781
11279557686815,11279557687506,691
11279557913443,11279557914295,852
11279558138628,11279558139282,654
11279558377194,11279558377943,749
11279558602004,11279558602592,588
11279558828840,11279558829627,787
11279559065241,11279559065940,699
11279559299458,11279559300241,783
11279559525804,11279559526455,651
11279559755652,11279559756440,788
11279559984395,11279559985053,658
11279560228041,11279560228878,837
11279560456423,11279560457073,650
11279560681871,11279560682653,782
11279560906894,11279560907520,626
11279561132361,11279561133129,768
11279561357703,11279561358375,672
11279561584869,11279561585659,790
11279561811633,11279561812234,601
11279562037454,11279562038238,784
11279562273898,11279562274582,684
11279562503658,11279562504455,797
11279562732812,11279562733482,670
11279562960742,11279562961541,799
11279563187452,11279563188067,615
11279563416653,11279563417449,796
11279563645376,11279563645946,570
11279563872096,11279563872872,776
11279564096552,11279564097202,650
11279564328525,11279564329293,768
11279564555504,11279564556167,663
11279564784174,11279564784930,756
11279565008160,11279565008780,620
11279565234398,11279565235193,795
11279565459461,11279565460131,670
11279565692060,11279565692846,786
11279565921815,11279565922517,702
11279566152434,11279566153258,824
11279566383733,11279566384392,659
11279566612092,11279566612891,799
11279566841032,11279566841664,632
11279567068544,11279567069344,800
11279567292932,11279567293629,697
11279567522202,11279567522991,789
11279567748551,11279567749171,620
11279567979128,11279567979923,795
11279568205043,11279568205638,595
11279568430971,11279568431716,745
11279568656766,11279568657411,645
11279568891941,11279568892759,818
11279569123952,11279569124585,633
11279569355076,11279569355871,795
11279569585051,11279569585704,653
11279569816289,11279569817138,849
11279570045674,11279570046358,684
11279570275053,11279570275791,738
11279570500478,11279570501184,706
11279570729258,11279570730000,742
11279570957240,11279570957857,617
11279571186692,11279571187492,800
11279571415493,11279571416095,602
11279571643320,11279571644080,760
11279571867294,11279571867939,645
11279572096155,11279572096956,801
11279572328106,11279572328790,684
11279572560885,11279572561666,781
11279572789772,11279572790440,668
11279573017391,11279573018176,785
11279573255165,11279573255852,687
11279573483073,11279573483910,837
11279573710657,11279573711310,653
11279573936112,11279573936918,806
11279574179402,11279574180026,624
11279574410367,11279574411121,754
11279574635354,11279574636002,648
11279574860258,11279574861035,777
11279575084575,11279575085199,624
11279575311333,11279575312092,759
11279575537632,11279575538266,634
11279575777533,11279575778347,814
11279576006481,11279576007144,663
11279576236425,11279576237227,802
11279576460268,11279576460900,632
11279576692226,11279576693013,787
11279576918274,11279576918921,647
11279577148397,11279577149177,780
11279577374041,11279577374633,592
11279577605575,11279577606374,799
11279577829501,11279577830148,647
11279578057138,11279578057904,766
11279578281331,11279578281954,623
11279578508456,11279578509218,762
11279578733791,11279578734434,643
11279578970827,11279578971766,939
11279579200080,11279579200783,703
11279579427811,11279579428609,798
11279579655533,11279579656150,617
11279579882740,11279579883551,811
11279580109552,11279580110202,650
11279580335443,11279580336248,805
11279580561056,11279580561686,630
11279580789944,11279580790737,793
11279581014237,11279581014887,650
11279581242180,11279581242999,819
11279581468441,11279581469090,649
11279581702831,11279581703619,788
11279581932667,11279581933322,655
11279582159401,11279582160174,773
11279582399923,11279582400615,692
11279582632165,11279582632991,826
11279582860361,11279582861061,700
11279583090577,11279583091592,1015
11279583317138,11279583317802,664
11279583546208,11279583547009,801
11279583771574,11279583772247,673
11279584003063,11279584004024,961
11279584228861,11279584229492,631
11279584457239,11279584458112,873
11279584681658,11279584682321,663
11279584909527,11279584910353,826
11279585135644,11279585136298,654
11279585364960,11279585365778,818
11279585600590,11279585601247,657
11279585831602,11279585832432,830
11279586077344,11279586078004,660
11279586306577,11279586307454,877
11279586532286,11279586532946,660
11279586758203,11279586759019,816
11279586983792,11279586984492,700
11279587212177,11279587213008,831
11279587438197,11279587438839,642
11279587664353,11279587665115,762
11279587888632,11279587889285,653
11279588115763,11279588116549,786
11279588356350,11279588357042,692
11279588583547,11279588584324,777
11279588808445,11279588809070,625
11279589045898,11279589046685,787
11279589288118,11279589288760,642
11279589516632,11279589517385,753
11279589741817,11279589742465,648
11279589969521,11279589970358,837
11279590194619,11279590195317,698
11279590428725,11279590429535,810
11279590687158,11279590687762,604
11279590915740,11279590916499,759
11279591142638,11279591143271,633
11279591367834,11279591368636,802
11279591593038,11279591593687,649
11279591821083,11279591821892,809
11279592045018,11279592045640,622
11279592290721,11279592291525,804
11279592518949,11279592519602,653
11279592749261,11279592750075,814
11279592974825,11279592975486,661
11279593200403,11279593201181,778
11279593428020,11279593428679,659
11279593655273,11279593656046,773
11279593880800,11279593881416,616
11279594106765,11279594107568,803
11279594329259,11279594329901,642
11279594555572,11279594556421,849
11279594782696,11279594783325,629
11279595008256,11279595009061,805
11279595234929,11279595235602,673
11279595461997,11279595462795,798
11279595690135,11279595690788,653
11279595921080,11279595921879,799
11279596148284,11279596148921,637
11279596375168,11279596375932,764
11279596599907,11279596600631,724
11279596829728,11279596830568,840
11279597055393,11279597056061,668
11279597281649,11279597282597,948
11279597505880,11279597506531,651
11279597732745,11279597733508,763
11279597961310,11279597961946,636
11279598185604,11279598186412,808
11279598410765,11279598411474,709
11279598636588,11279598637372,784
11279598863925,11279598864554,629
11279599102227,11279599103045,818
11279599330025,11279599330658,633
11279599556791,11279599557582,791
11279599784998,11279599785663,665
11279600013760,11279600014543,783
11279600242300,11279600242945,645
11279600468110,11279600468890,780
11279600692371,11279600693041,670
11279600918223,11279600919029,806
11279601147407,11279601148098,691
11279601373225,11279601374017,792
11279601597858,11279601598507,649
11279601825226,11279601826001,775
11279602049096,11279602049751,655
11279602282838,11279602283630,792
11279602512331,11279602512982,651
11279602740634,11279602741456,822
11279602965954,11279602966573,619
11279603194922,11279603195684,762
11279603425350,11279603426001,651
11279603652630,11279603653412,782
11279603873134,11279603873831,697
11279604099059,11279604099827,768
11279604327357,11279604328023,666
11279604553483,11279604554303,820
11279604778195,11279604778864,669
11279605005163,11279605005940,777
11279605230589,11279605231295,706
11279605457271,11279605458033,762
11279605691213,11279605691886,673
11279605921980,11279605922795,815
11279606152328,11279606152947,619
11279606379307,11279606380077,770
11279606610905,11279606611514,609
11279606840756,11279606841673,917
11279607074051,11279607074707,656
11279607297979,11279607298782,803
11279607524641,11279607525274,633
11279607751147,11279607751896,749
11279607974858,11279607975501,643
11279608201693,11279608202468,775
11279608425605,11279608426261,656
11279608654032,11279608654800,768
11279608887184,11279608887860,676
11279609118386,11279609119210,824
11279609345008,11279609345688,680
11279609576762,11279609577579,817
11279609802179,11279609802831,652
11279610030586,11279610031367,781
11279610257127,11279610257748,621
11279610489501,11279610490296,795
11279610716973,11279610717646,673
11279610943778,11279610944551,773
11279611168731,11279611169386,655
11279611396249,11279611397004,755
11279611620785,11279611621425,640
11279611847717,11279611848469,752
11279612072984,11279612073603,619
11279612306648,11279612307441,793
11279612534941,11279612535582,641
11279612763579,11279612764421,842
11279612991213,11279612991875,662
11279613346912,11279613347801,889
11279613583321,11279613584101,780
11279613814494,11279613815236,742
11279614043118,11279614043804,686
11279614274045,11279614274789,744
11279614500257,11279614500940,683
11279614728374,11279614729159,785
11279614952517,11279614953179,662
11279615182633,11279615183465,832
11279615410973,11279615411594,621
11279615646062,11279615646889,827
11279615874594,11279615875256,662
11279616106042,11279616106966,924
11279616335238,11279616335893,655
11279616563437,11279616564217,780
11279616791754,11279616792480,726
11279617020373,11279617021147,774
11279617256654,11279617257294,640
11279617482483,11279617483250,767
11279617707959,11279617708557,598
11279617936221,11279617937012,791
11279618172160,11279618172820,660
11279618402484,11279618403272,788
11279618628564,11279618629252,688
11279618854274,11279618855076,802
11279619091832,11279619092480,648
11279619325538,11279619326338,800
11279619557986,11279619558607,621
11279619807592,11279619808451,859
11279620053813,11279620054503,690
11279620291364,11279620292200,836
11279620523515,11279620524152,637
11279620785241,11279620786039,798
11279621031657,11279621032355,698
11279621274020,11279621274850,830
11279621505488,11279621506129,641
11279621745780,11279621746589,809
11279621981503,11279621982150,647
11279622253849,11279622254596,747
11279622581348,11279622582045,697
11279622882491,11279622883357,866
11279623195439,11279623196173,734
11279623571020,11279623571926,906
11279623876576,11279623877712,1136
11279624237461,11279624238801,1340
11279624592255,11279624593242,987
11279624911117,11279624912327,1210
11279625213306,11279625214004,698
11279625574844,11279625576379,1535
11279625930584,11279625931510,926
11279626325122,11279626326669,1547
11279626821974,11279626823401,1427
11279627287705,11279627289353,1648
11279627633906,11279627634632,726
11279627943912,11279627944822,910
11279628225677,11279628226297,620
11279628543306,11279628544399,1093
11279628854669,11279628855734,1065
11279629177764,11279629178649,885
11279629436706,11279629437405,699
11279629692252,11279629693133,881
11279629939840,11279629940491,651
11279630190123,11279630190970,847
11279630437169,11279630437872,703
11279630689866,11279630690706,840
11279630935348,11279630935985,637
11279631183668,11279631184504,836
11279631440822,11279631441515,693
11279631687510,11279631688315,805
11279631934169,11279631934858,689
11279632183912,11279632184716,804
11279632476837,11279632477531,694
11279632736556,11279632737460,904
11279632988536,11279632989219,683
11279633239993,11279633240865,872
11279633490179,11279633490876,697
11279633810570,11279633811590,1020
11279634272574,11279634273874,1300
11279634694661,11279634695827,1166
11279635064906,11279635065569,663
11279635407610,11279635408398,788
11279635685692,11279635686353,661
11279635940011,11279635940864,853
11279636190111,11279636190750,639
11279636476403,11279636477210,807
11279636723626,11279636724263,637
11279636970192,11279636971103,911
11279637219626,11279637220313,687
11279637472062,11279637472902,840
11279637735224,11279637735867,643
11279638008439,11279638009319,880
11279638270323,11279638271009,686
11279638531787,11279638532644,857
11279638781610,11279638782274,664
11279639050879,11279639051800,921
11279639334513,11279639335392,879
11279639596393,11279639597217,824
11279639849656,11279639850323,667
11279640097446,11279640098253,807
11279640341732,11279640342396,664
11279640594371,11279640595127,756
11279640839950,11279640840690,740
11279641086034,11279641086880,846
11279641331976,11279641332696,720
11279641579121,11279641579976,855
11279641823998,11279641824689,691
11279642074586,11279642075408,822
11279642348959,11279642349670,711
11279642595467,11279642596337,870
11279642840945,11279642841661,716
11279643086670,11279643087463,793
11279643334892,11279643335548,656
11279643579796,11279643580634,838
11279643823136,11279643823828,692
11279644069475,11279644070348,873
11279644315628,11279644316348,720
11279644578776,11279644579641,865
11279644873642,11279644874352,710
11279645212506,11279645213530,1024
11279645483576,11279645484320,744
11279645752440,11279645753314,874
11279646004422,11279646005131,709
11279646253397,11279646254203,806
11279646501200,11279646501850,650
11279646755526,11279646756390,864
11279647009548,11279647010216,668
11279647252261,11279647253039,778
11279647506200,11279647506838,638
11279647748450,11279647749232,782
11279647991594,11279647992214,620
11279648250186,11279648250967,781
11279648491469,11279648492127,658
11279648734118,11279648734941,823
11279649012441,11279649013089,648
11279649266484,11279649267286,802
11279649512444,11279649513090,646
11279649756022,11279649756828,806
11279649997359,11279649998016,657
11279650244925,11279650245759,834
11279650488201,11279650488872,671
11279650730806,11279650731645,839
11279650972851,11279650973534,683
11279651216052,11279651216946,894
11279651490140,11279651490903,763
11279651732993,11279651733780,787
11279651949488,11279651950094,606
11279652171881,11279652172636,755
11279652430482,11279652431152,670
11279652657115,11279652657855,740
11279652874488,11279652875082,594
11279653094292,11279653095044,752
11279653313630,11279653314244,614
11279653534264,11279653535049,785
11279653748600,11279653749176,576
11279653966265,11279653967003,738
11279654183771,11279654184392,621
11279654406266,11279654406999,733
11279654623355,11279654623968,613
11279654841710,11279654842437,727
11279655057842,11279655058408,566
11279655272483,11279655277231,4748
11279655494575,11279655495124,549
11279655720583,11279655721357,774
11279655941740,11279655942409,669
11279656161248,11279656162028,780
11279656380161,11279656380785,624
11279656599104,11279656599849,745
11279656837781,11279656838423,642
11279657067984,11279657068734,750
11279657286660,11279657287223,563
11279657506108,11279657506852,744
11279657719816,11279657720394,578
11279657976374,11279657977192,818
11279658231885,11279658232540,655
11279658456364,11279658458178,1814
11279658677674,11279658678256,582
11279658908878,11279658909670,792
11279659129925,11279659130525,600
11279659350248,11279659351043,795
11279659569343,11279659570019,676
11279659790040,11279659790814,774
11279660007997,11279660008639,642
11279660224156,11279660224879,723
11279660442903,11279660443492,589
11279660661423,11279660662104,681
11279660882494,11279660883109,615
11279661100756,11279661101491,735
11279661328303,11279661328897,594
11279661548055,11279661548786,731
11279661766412,11279661767019,607
11279661985308,11279661986042,734
11279662204318,11279662204925,607
11279662451446,11279662452176,730
11279662666163,11279662666791,628
11279662900064,11279662900857,793
11279663121430,11279663122111,681
11279663339393,11279663340180,787
11279663560331,11279663560954,623
11279663819954,11279663820791,837
11279664110526,11279664111178,652
11279664363632,11279664364485,853
11279664608721,11279664609401,680
11279664858713,11279664859556,843
11279665107384,11279665108108,724
11279665352384,11279665353230,846
11279665609515,11279665610272,757
11279665858652,11279665859566,914
11279666105402,11279666106124,722
11279666350410,11279666351284,874
11279666593725,11279666594467,742
11279666838568,11279666839451,883
11279667082575,11279667083281,706
11279667343079,11279667343927,848
11279667586043,11279667586705,662
11279667829937,11279667830809,872
11279668072494,11279668073183,689
11279668324964,11279668325802,838
11279668569534,11279668570230,696
11279668810903,11279668811745,842
11279669066380,11279669067058,678
11279669313435,11279669314280,845
11279669555091,11279669555781,690
11279669796842,11279669797696,854
11279670035920,11279670036595,675
11279670276945,11279670277774,829
11279670519709,11279670520364,655
11279670762612,11279670763400,788
11279671004663,11279671005332,669
11279671254673,11279671255474,801
11279671526940,11279671527669,729
11279671785604,11279671786437,833
11279672032008,11279672032697,689
11279672322230,11279672322972,742
11279672599925,11279672600620,695
11279672848131,11279672848938,807
11279673095901,11279673096550,649
11279673383817,11279673384671,854
11279673664927,11279673665620,693
11279673898656,11279673899482,826
11279674120611,11279674121250,639
11279674336036,11279674336835,799
11279674553841,11279674554463,622
11279674773890,11279674774686,796
11279674993415,11279674994071,656
11279675210628,11279675211390,762
11279675426805,11279675427436,631
11279675655419,11279675656213,794
11279675879118,11279675879772,654
11279676098909,11279676099699,790
11279676319479,11279676320152,673
11279676536528,11279676537322,794
11279676752032,11279676752659,627
11279676970653,11279676971433,780
11279677187933,11279677188549,616
11279677424166,11279677424905,739
11279677641986,11279677642582,596
11279677862390,11279677863141,751
11279678076933,11279678077563,630
11279678294072,11279678294822,750
11279678510789,11279678511412,623
11279678728897,11279678729653,756
11279678952494,11279678953106,612
11279679172258,11279679173009,751
11279679398996,11279679399711,715
11279679617052,11279679617755,703
11279679833707,11279679834340,633
11279680052302,11279680053052,750
11279680268301,11279680268911,610
11279680484402,11279680485188,786
11279680699115,11279680699729,614
11279680918055,11279680918817,762
11279681132968,11279681133585,617
11279681348397,11279681349156,759
11279681562588,11279681563183,595
11279681783379,11279681784146,767
11279681998775,11279681999376,601
11279682230203,11279682230971,768
11279682446434,11279682447073,639
11279682669236,11279682670028,792
11279682883467,11279682884084,617
11279683100729,11279683101498,769
11279683315654,11279683316289,635
11279683539215,11279683540025,810
11279683756498,11279683757111,613
11279683971549,11279683972317,768
11279684184705,11279684185307,602
11279684402439,11279684403164,725
11279684617935,11279684618545,610
11279684836795,11279684837511,716
11279685054400,11279685055008,608
11279685271411,11279685272164,753
11279685484017,11279685484653,636
11279685708974,11279685709718,744
11279685925606,11279685926275,669
11279686142521,11279686143277,756
11279686358746,11279686359355,609
11279686574701,11279686575491,790
11279686794735,11279686795335,600
11279687012101,11279687012817,716
11279687227237,11279687227851,614
11279687450701,11279687451464,763
11279687670852,11279687671504,652
11279687887864,11279687888664,800
11279688103367,11279688103971,604
11279688330202,11279688330939,737
11279688559923,11279688560543,620
11279688779605,11279688780365,760
11279688999173,11279688999800,627
11279689218008,11279689218768,760
11279689432897,11279689433501,604
11279689653148,11279689653917,769
11279689869448,11279689870077,629
11279690089344,11279690090120,776
11279690306098,11279690306745,647
11279690527833,11279690528576,743
11279690743731,11279690744340,609
11279690958425,11279690959138,713
11279691185040,11279691185668,628
11279691404072,11279691404792,720
11279691623357,11279691623942,585
11279691838603,11279691839330,727
11279692056522,11279692057128,606
11279692278727,11279692279473,746
11279692497798,11279692498424,626
11279692715214,11279692715958,744
11279692930153,11279692930752,599
11279693147556,11279693148337,781
11279693373530,11279693374136,606
11279693591352,11279693592082,730
11279693806498,11279693807117,619
11279694026542,11279694027262,720
11279694243673,11279694244298,625
11279694462909,11279694463633,724
11279694679037,11279694679662,625
11279694897197,11279694897962,765
11279695109989,11279695110611,622
11279695326058,11279695326805,747
11279695545781,11279695546430,649
11279695766003,11279695766759,756
11279695980685,11279695981344,659
11279696203032,11279696203791,759
11279696419253,11279696419875,622
11279696637429,11279696638149,720
11279696853341,11279696853979,638
11279697069919,11279697070648,729
11279697288819,11279697289411,592
11279697505009,11279697505771,762
11279697719879,11279697720464,585
11279697936462,11279697937213,751
11279698151459,11279698152080,621
11279698371624,11279698372359,735
11279698587453,11279698588088,635
11279698804764,11279698805537,773
11279699024921,11279699025548,627
11279699242754,11279699243498,744
11279699462361,11279699462982,621
11279699680040,11279699680781,741
11279699895215,11279699895816,601
11279700113396,11279700114171,775
11279700335353,11279700335971,618
11279700553686,11279700554448,762
11279700772604,11279700773243,639
11279700992867,11279700993639,772
11279701209061,11279701209713,652
11279701444585,11279701445346,761
11279701660486,11279701661099,613
11279701879064,11279701879786,722
11279702094323,11279702094931,608
11279702319077,11279702319796,719
11279702533537,11279702534159,622
11279702752754,11279702753517,763
11279702967408,11279702968003,595
11279703185339,11279703186088,749
11279703401840,11279703402459,619
11279703619565,11279703620328,763
11279703833645,11279703834298,653
11279704051438,11279704052203,765
11279704269125,11279704269749,624
11279704485237,11279704485975,738
11279704702199,11279704702819,620
11279704919165,11279704919941,776
11279705135117,11279705135761,644
11279705353050,11279705353797,747
11279705571884,11279705572552,668
11279705788255,11279705789019,764
11279706005573,11279706006166,593
11279706229925,11279706230706,781
11279706444872,11279706445489,617
11279706663433,11279706664200,767
11279706877366,11279706877979,613
11279707099077,11279707099822,745
11279707314422,11279707315033,611
11279707531646,11279707532377,731
11279707745058,11279707745644,586
11279707963792,11279707964540,748
11279708179687,11279708180398,711
11279708401080,11279708401843,763
11279708614835,11279708615425,590
11279708833445,11279708834161,716
11279709060169,11279709060799,630
11279709284171,11279709284951,780
11279709503956,11279709504588,632
11279709723696,11279709724449,753
11279709940444,11279709941087,643
11279710156189,11279710156918,729
11279710378109,11279710378685,576
11279710594677,11279710595375,698
11279710809156,11279710809737,581
11279711029718,11279711030459,741
11279711244547,11279711245124,577
11279711460390,11279711461113,723
11279711676028,11279711676658,630
11279711894161,11279711894879,718
11279712109641,11279712110264,623
11279712334214,11279712334980,766
11279712549343,11279712549936,593
11279712775133,11279712775882,749
11279712995611,11279712996262,651
11279713211898,11279713212646,748
11279713427388,11279713427986,598
11279713645565,11279713646305,740
11279713862766,11279713863358,592
11279714078889,11279714079644,755
11279714293029,11279714293628,599
11279714510190,11279714510908,718
11279714725536,11279714726134,598
11279714944265,11279714944989,724
11279715161111,11279715161730,619
11279715377579,11279715378327,748
11279715598707,11279715599339,632
11279715816948,11279715817673,725
11279716032939,11279716033557,618
11279716248581,11279716249306,725
11279716467145,11279716467729,584
11279716683411,11279716684158,747
11279716901024,11279716901640,616
11279717117460,11279717118233,773
11279717333968,11279717334566,598
11279717550085,11279717550852,767
11279717767706,11279717768313,607
11279717986594,11279717987323,729
11279718203358,11279718203966,608
11279718420527,11279718421334,807
11279718636024,11279718636619,595
11279718854146,11279718854892,746
11279719076646,11279719077255,609
11279719298745,11279719299458,713
11279719516900,11279719517521,621
11279719736822,11279719737571,749
11279719952382,11279719953037,655
11279720175423,11279720176179,756
11279720391046,11279720391636,590
11279720613198,11279720613913,715
11279720831776,11279720832381,605
11279721052585,11279721053311,726
11279721271281,11279721271898,617
11279721488215,11279721488939,724
11279721708269,11279721708841,572
11279721923143,11279721923895,752
11279722138655,11279722139232,577
11279722360368,11279722361113,745
11279722581167,11279722581751,584
11279722797199,11279722797925,726
11279723012939,11279723013554,615
11279723254151,11279723255981,1830
11279723493856,11279723494432,576
11279723712069,11279723712825,756
11279723930151,11279723930754,603
11279724165386,11279724166119,733
11279724380236,11279724380818,582
11279724605470,11279724607325,1855
11279724822159,11279724822759,600
11279725040759,11279725041519,760
11279725258663,11279725259217,554
11279725476673,11279725477372,699
11279725695447,11279725696034,587
11279725913680,11279725914407,727
11279726131918,11279726132523,605
11279726351027,11279726351773,746
11279726566579,11279726567161,582
11279726781801,11279726782555,754
11279726998659,11279726999230,571
11279727214755,11279727215513,758
11279727430641,11279727431239,598
11279727644843,11279727645598,755
11279727863449,11279727864033,584
11279728080446,11279728081203,757
11279728329934,11279728330558,624
11279728547490,11279728548245,755
11279728858024,11279728858652,628
11279729090544,11279729091333,789
11279729310713,11279729311360,647
11279729527288,11279729528023,735
11279729747836,11279729748430,594
11279729966607,11279729967379,772
11279730185026,11279730185634,608
11279730404713,11279730405449,736
11279730622584,11279730623184,600
11279730843333,11279730844079,746
11279731059009,11279731059633,624
11279731281720,11279731282471,751
11279731496842,11279731497436,594
11279731713593,11279731715423,1830
11279731932108,11279731932716,608
11279732147641,11279732148402,761
11279732367290,11279732367915,625
11279732596895,11279732597639,744
11279732813395,11279732814001,606
11279733031743,11279733032476,733
11279733245765,11279733246343,578
11279733462849,11279733463560,711
11279733678271,11279733678873,602
11279733894420,11279733895175,755
11279734106435,11279734107030,595
11279734332178,11279734332892,714
11279734548876,11279734549449,573
11279734765857,11279734766581,724
11279734978840,11279734979439,599
11279735210447,11279735211203,756
11279735423624,11279735424215,591
11279735641972,11279735642726,754
11279735862412,11279735863026,614
11279736078071,11279736078816,745
11279736293826,11279736294459,633
11279736508813,11279736509556,743
11279736724938,11279736725503,565
11279736946766,11279736947512,746
11279737160626,11279737161245,619
11279737375643,11279737376442,799
11279737589892,11279737590568,676
11279737808574,11279737809299,725
11279738021483,11279738022050,567
11279738237957,11279738238681,724
11279738456127,11279738456759,632
11279738684759,11279738685446,687
11279738881982,11279738882545,563
11279739154496,11279739155211,715
11279739351484,11279739352075,591
11279739551489,11279739552170,681
11279739744651,11279739745213,562
11279739941890,11279739942584,694
11279740138722,11279740139267,545
11279740335532,11279740336215,683
11279740531069,11279740531643,574
11279740730238,11279740730895,657
11279740925299,11279740925818,519
11279741120893,11279741121570,677
11279741321014,11279741321579,565
11279741517682,11279741518351,669
11279741715368,11279741715896,528
11279741911965,11279741912613,648
11279742107795,11279742108333,538
11279742387296,11279742387961,665
11279742621300,11279742621902,602
11279742852219,11279742852850,631
11279743047132,11279743047692,560
11279743247929,11279743248572,643
11279743443069,11279743443636,567
11279743640646,11279743641305,659
11279743836743,11279743837289,546
11279744036726,11279744037386,660
11279744231436,11279744231984,548
11279744431576,11279744432235,659
11279744627959,11279744628477,518
11279744825927,11279744826578,651
11279745023581,11279745024124,543
11279745221302,11279745221977,675
11279745417518,11279745418076,558
11279745695555,11279745696263,708
11279745895207,11279745895802,595
11279746093955,11279746094636,681
11279746289397,11279746289927,530
11279746489066,11279746489733,667
11279746685014,11279746685559,545
11279746884765,11279746885434,669
11279747079907,11279747080459,552
11279747280366,11279747281024,658
11279747476294,11279747476854,560
11279747749621,11279747750304,683
11279747944805,11279747945338,533
11279748144505,11279748145179,674
11279748339703,11279748340230,527
11279748537940,11279748538608,668
11279748734980,11279748735511,531
11279749021119,11279749021809,690
11279749219980,11279749220543,563
11279749417395,11279749418082,687
11279749612633,11279749613195,562
11279749812882,11279749813539,657
11279750006997,11279750007519,522
11279750203033,11279750203705,672
11279750399493,11279750400059,566
11279750599142,11279750599828,686
11279750795896,11279750796432,536
11279750993472,11279750994178,706
11279751190164,11279751190718,554
11279751392890,11279751393593,703
11279751587947,11279751588515,568
11279751784076,11279751784758,682
11279751980318,11279751980879,561
11279752184303,11279752185019,716
11279752463148,11279752463740,592
11279752662214,11279752662902,688
11279752944073,11279752944640,567
11279753140835,11279753141498,663
11279753340766,11279753341302,536
11279753539931,11279753540605,674
11279753734323,11279753734862,539
11279753933300,11279753933961,661
11279754130417,11279754130962,545
11279754328567,11279754329233,666
11279754523149,11279754523692,543
11279754768886,11279754769617,731
11279754986787,11279754987414,627
11279755205412,11279755206166,754
11279755416626,11279755417215,589
11279755646444,11279755647229,785
11279755863214,11279755863809,595
11279756088611,11279756089332,721
11279756336800,11279756337492,692
11279756618116,11279756618973,857
11279756853704,11279756854431,727
11279757116009,11279757116875,866
11279757383549,11279757384188,639
11279757662966,11279757663890,924
11279757925806,11279757926477,671
11279758173754,11279758174594,840
11279758420435,11279758421121,686
11279758668330,11279758669140,810
11279758925403,11279758926173,770
11279759186813,11279759187727,914
11279759493849,11279759494545,696
11279759747098,11279759747933,835
11279759974775,11279759975419,644
11279760200897,11279760201652,755
11279760423193,11279760423838,645
11279760645726,11279760646470,744
11279760874820,11279760875474,654
11279761096436,11279761097226,790
11279761312536,11279761313154,618
11279761536340,11279761537033,693
11279761751945,11279761752553,608
11279761970204,11279761970959,755
11279762189869,11279762190483,614
11279762425941,11279762426694,753
11279762647753,11279762648346,593
11279762868331,11279762869084,753
11279763085326,11279763085955,629
11279763304504,11279763305277,773
11279763522226,11279763522869,643
11279763744061,11279763744822,761
11279763964265,11279763964894,629
11279764187027,11279764187771,744
11279764409821,11279764410447,626
11279764630938,11279764631685,747
11279764848996,11279764849590,594
11279765070632,11279765071346,714
11279765289709,11279765290340,631
11279765514493,11279765515255,762
11279765740089,11279765740692,603
11279765963659,11279765964420,761
11279766185466,11279766186094,628
11279766405299,11279766406039,740
11279766626636,11279766627277,641
11279766847055,11279766847805,750
11279767066655,11279767067287,632
11279767285954,11279767286687,733
11279767506728,11279767507322,594
11279767730825,11279767731565,740
11279767951383,11279767951983,600
11279768183657,11279768184384,727
11279768398971,11279768399616,645
11279768620366,11279768621103,737
11279768844258,11279768844895,637
11279769069766,11279769070542,776
11279769307517,11279769308125,608
11279769529162,11279769529900,738
11279769746490,11279769747124,634
11279769965419,11279769966176,757
11279770181587,11279770182218,631
11279770402503,11279770403236,733
11279770619865,11279770620507,642
11279770836416,11279770837173,757
11279771050496,11279771051142,646
11279771269321,11279771270066,745
11279771490075,11279771490686,611
11279771708217,11279771708976,759
11279771923902,11279771924553,651
11279772141732,11279772142510,778
11279772363190,11279772363807,617
11279772594607,11279772595384,777
11279772817840,11279772818473,633
11279773040542,11279773041314,772
11279773269962,11279773270552,590
11279773493611,11279773494351,740
11279773709200,11279773709824,624
11279773928020,11279773928773,753
11279774141319,11279774141924,605
11279774364316,11279774365080,764
11279774579695,11279774580286,591
11279774805014,11279774805788,774
11279775023676,11279775024279,603
11279775239940,11279775240701,761
11279775456506,11279775457129,623
11279775677547,11279775678332,785
11279775893303,11279775893908,605
11279776109157,11279776109884,727
11279776327751,11279776328376,625
11279776545881,11279776546653,772
11279776761459,11279776762055,596
11279776977373,11279776978118,745
11279777198490,11279777199104,614
11279777417627,11279777418387,760
11279777635197,11279777635796,599
11279777853252,11279777853985,733
11279778072609,11279778073205,596
11279778292878,11279778293623,745
11279778505754,11279778506384,630
11279778722526,11279778723307,781
11279778944906,11279778945582,676
11279779167349,11279779168132,783
11279779382710,11279779383347,637
11279779605338,11279779606087,749
11279779822272,11279779822874,602
11279780040902,11279780041646,744
11279780276434,11279780277067,633
11279780495658,11279780496451,793
11279780714245,11279780714866,621
11279780931477,11279780932236,759
11279781150106,11279781150720,614
11279781377086,11279781377882,796
11279781592899,11279781593507,608
11279781808484,11279781809259,775
11279782027441,11279782028053,612
11279782265830,11279782266590,760
11279782485073,11279782485699,626
11279782703807,11279782704592,785
11279782922268,11279782922885,617
11279783147111,11279783147891,780
11279783369308,11279783369945,637
11279783586209,11279783586989,780
11279783801557,11279783802193,636
11279784021283,11279784022057,774
11279784240667,11279784241267,600
11279784460491,11279784461256,765
11279784677885,11279784678502,617
11279784895414,11279784896163,749
11279785110089,11279785110725,636
11279785340214,11279785340962,748
11279785564370,11279785564991,621
11279785784176,11279785784970,794
11279786000957,11279786001598,641
11279786224122,11279786224916,794
11279786472536,11279786473163,627
11279786693877,11279786694664,787
11279786913424,11279786914032,608
11279787131590,11279787132361,771
11279787352781,11279787353396,615
11279787572707,11279787573443,736
11279787790058,11279787790676,618
11279788007701,11279788008451,750
11279788222569,11279788223196,627
11279788439988,11279788440712,724
11279788658793,11279788660510,1717
11279788881820,11279788882574,754
11279789099176,11279789099776,600
11279789318119,11279789318918,799
11279789536593,11279789537246,653
11279789752391,11279789753149,758
11279790002500,11279790003123,623
11279790222349,11279790223098,749
11279790437784,11279790438399,615
11279790656382,11279790657151,769
11279790870373,11279790871012,639
11279791087230,11279791087972,742
11279791300483,11279791301100,617
11279791520327,11279791521033,706
11279791736836,11279791737421,585
11279791953861,11279791954600,739
11279792171533,11279792172163,630
11279792393497,11279792394251,754
11279792612628,11279792613238,610
11279792831988,11279792832735,747
11279793047883,11279793048485,602
11279793275632,11279793276369,737
11279793491654,11279793492242,588
11279793707442,11279793708225,783
11279793922892,11279793923503,611
11279794139481,11279794140259,778
11279794357670,11279794358288,618
11279794573436,11279794574175,739
11279794791262,11279794791887,625
11279795014853,11279795015625,772
11279795249826,11279795250425,599
11279795466641,11279795467365,724
11279795686429,11279795687077,648
11279795905819,11279795906562,743
11279796121097,11279796121713,616
11279796348498,11279796349289,791
11279796570115,11279796570737,622
11279796792243,11279796793049,806
11279797009540,11279797010136,596
11279797241772,11279797242536,764
11279797458794,11279797459441,647
11279797678072,11279797678840,768
11279797891596,11279797892217,621
11279798107887,11279798108660,773
11279798326896,11279798327507,611
11279798544481,11279798545229,748
11279798757642,11279798758242,600
11279798984620,11279798985440,820
11279799204749,11279799205361,612
11279799424252,11279799425006,754
11279799639756,11279799640387,631
11279799863207,11279799863984,777
11279800076975,11279800077583,608
11279800293361,11279800294120,759
11279800517219,11279800517827,608
11279800736956,11279800737738,782
11279800954046,11279800954627,581
11279801172774,11279801173553,779
11279801389214,11279801389836,622
11279801608013,11279801608768,755
11279801824922,11279801825494,572
11279802041534,11279802042316,782
11279802263764,11279802264443,679
11279802487550,11279802488320,770
11279802704453,11279802705056,603
11279802924493,11279802925282,789
11279803142722,11279803143341,619
11279803363933,11279803364720,787
11279803589544,11279803590179,635
11279803810393,11279803811153,760
11279804025888,11279804026495,607
11279804258514,11279804259272,758
11279804473989,11279804474608,619
11279804693500,11279804694266,766
11279804909109,11279804909727,618
11279805131068,11279805131832,764
11279805367205,11279805367837,632
11279805610847,11279805611682,835
11279805925858,11279805926532,674
11279806231773,11279806232613,840
11279806583651,11279806584328,677
11279806876356,11279806877203,847
11279807171498,11279807172192,694
11279807478481,11279807479311,830
11279807794762,11279807795454,692
11279808086802,11279808087666,864
11279808412996,11279808413661,665
11279808711922,11279808712782,860
11279809004191,11279809004835,644
11279809296793,11279809297648,855
11279809595238,11279809595883,645
11279809884553,11279809885393,840
11279810169308,11279810169987,679
11279810456559,11279810457462,903
11279810765798,11279810766402,604
11279811052860,11279811053720,860
11279811377136,11279811377841,705
11279811661174,11279811662036,862
11279811948138,11279811948813,675
11279812243033,11279812243900,867
11279812530553,11279812531233,680
11279812807660,11279812808518,858
11279813095274,11279813095927,653
11279813419786,11279813420632,846
11279813714612,11279813715237,625
11279814008889,11279814009698,809
11279814301178,11279814301838,660
11279814616849,11279814617647,798
11279814907781,11279814908432,651
11279815210056,11279815210899,843
11279815498244,11279815498903,659
11279815805415,11279815806232,817
11279816097222,11279816097877,655
11279816376601,11279816377443,842
11279816622840,11279816623522,682
11279816871001,11279816871799,798
11279817117946,11279817118589,643
11279817363467,11279817364279,812
11279817606733,11279817607385,652
11279817856398,11279817857207,809
11279818102075,11279818102725,650
11279818348270,11279818349111,841
11279818589470,11279818590144,674
11279818835590,11279818836434,844
11279819083993,11279819084632,639
11279819330716,11279819331524,808
11279819573530,11279819574185,655
11279819819777,11279819820596,819
11279820062899,11279820063623,724
11279820315177,11279820316055,878
11279820556066,11279820556730,664
11279820803133,11279820804008,875
11279821054118,11279821054838,720
11279821307297,11279821308131,834
11279821552977,11279821553680,703
11279821799595,11279821800459,864
11279822044579,11279822045276,697
11279822306043,11279822306878,835
11279822555854,11279822556541,687
11279822807571,11279822808510,939
11279823056090,11279823056788,698
11279823302014,11279823302857,843
11279823551688,11279823552387,699
11279823799618,11279823800456,838
11279824047301,11279824047957,656
11279824325549,11279824326465,916
11279824585054,11279824585736,682
11279824841914,11279824842789,875
11279825091456,11279825092132,676
11279825357584,11279825358444,860
11279825627637,11279825628310,673
11279825885027,11279825885865,838
11279826134698,11279826135391,693
11279826398155,11279826399004,849
11279826646252,11279826646925,673
11279826897720,11279826898596,876
11279827185856,11279827186582,726
11279827575971,11279827577145,1174
11279827864023,11279827864696,673
11279828106924,11279828107766,842
11279828349532,11279828350116,584
11279828624295,11279828625341,1046
11279828997299,11279828998300,1001
11279829450397,11279829451240,843
11279829778478,11279829779470,992
11279830148282,11279830149548,1266
11279830489569,11279830490529,960
11279830789580,11279830790587,1007
11279831101436,11279831102228,792
11279831389223,11279831390348,1125
11279831652254,11279831652947,693
11279831914629,11279831915499,870
11279832185106,11279832185733,627
11279832467012,11279832467895,883
11279832714746,11279832715408,662
11279832953445,11279832954270,825
11279833190760,11279833191405,645
11279833438612,11279833439391,779
11279833692147,11279833692816,669
11279833937753,11279833938643,890
11279834168821,11279834169500,679
11279834402149,11279834402924,775
11279834633277,11279834633953,676
11279834876948,11279834877701,753
11279835109469,11279835110114,645
11279835363258,11279835364009,751
11279835613748,11279835614494,746
11279835867948,11279835868714,766
11279836134313,11279836135149,836
11279836407253,11279836408220,967
11279836685223,11279836686125,902
11279836996805,11279836997832,1027
11279837322055,11279837322890,835
11279837601758,11279837602673,915
11279837863878,11279837864585,707
11279838116642,11279838117491,849
11279838388359,11279838389013,654
11279838639233,11279838640081,848
11279838902805,11279838903466,661
11279839163306,11279839164144,838
11279839522785,11279839523625,840
11279839814439,11279839815345,906
11279840069574,11279840070281,707
11279840320059,11279840320929,870
11279840570955,11279840571652,697
11279840827318,11279840828121,803
11279841088381,11279841089086,705
11279841338542,11279841339365,823
11279841598147,11279841598826,679
11279841876903,11279841877723,820
11279842160884,11279842161716,832
11279842495097,11279842496058,961
11279842790581,11279842791270,689
11279843080337,11279843081300,963
11279843377290,11279843377997,707
11279843647280,11279843648271,991
11279843919690,11279843920527,837
11279844194165,11279844195007,842
11279844457993,11279844458677,684
11279844717750,11279844718587,837
11279844968734,11279844969424,690
11279845261203,11279845262070,867
11279845534052,11279845534843,791
11279845809528,11279845810364,836
11279846063472,11279846064221,749
11279846316352,11279846317174,822
11279846579467,11279846580170,703
11279846828551,11279846829447,896
11279847089714,11279847090372,658
11279847349513,11279847350362,849
11279847598149,11279847598823,674
11279847847793,11279847848634,841
11279848103353,11279848104034,681
11279848352757,11279848353586,829
11279848600215,11279848600884,669
11279848848530,11279848849333,803
11279849119096,11279849119779,683
11279849378422,11279849379239,817
11279849645115,11279849645777,662
11279849894440,11279849895220,780
11279850145907,11279850146595,688
11279850397086,11279850397896,810
11279850651266,11279850651933,667
11279850994411,11279850995217,806
11279851315660,11279851316333,673
11279851610840,11279851611652,812
11279851893245,11279851893935,690
11279852168997,11279852169965,968
11279852493094,11279852493896,802
11279852794179,11279852795018,839
11279853065949,11279853066672,723
11279853324231,11279853325068,837
11279853570593,11279853571271,678
11279853815399,11279853816239,840
11279854062439,11279854063093,654
11279854309521,11279854310379,858
11279854555989,11279854556652,663
11279854803369,11279854804174,805
11279855050209,11279855050875,666
11279855297915,11279855298712,797
11279855550242,11279855550906,664
11279855833767,11279855834575,808
11279856078703,11279856079387,684
11279856328406,11279856329228,822
11279856571893,11279856572577,684
11279856817304,11279856818163,859
11279857064743,11279857065410,667
11279857352879,11279857353996,1117
11279857611741,11279857612434,693
11279857860114,11279857860966,852
11279858105130,11279858105819,689
11279858363422,11279858364226,804
11279858612574,11279858613217,643
11279858858134,11279858858959,825
11279859190198,11279859190838,640
11279859487622,11279859488457,835
11279859735133,11279859735807,674
11279859981941,11279859982747,806
11279860228428,11279860229103,675
11279860478099,11279860478897,798
11279860722495,11279860723172,677
11279860966665,11279860967468,803
11279861212090,11279861212768,678
11279861466043,11279861466808,765
11279861718112,11279861718750,638
11279861965666,11279861966448,782
11279862223185,11279862223850,665
11279862469665,11279862470502,837
11279862715715,11279862716370,655
11279862960575,11279862961351,776
11279863209291,11279863209942,651
11279863455195,11279863455998,803
11279863699085,11279863699742,657
11279863941700,11279863945206,3506
11279864186349,11279864186984,635
11279864431038,11279864431843,805
11279864670716,11279864671362,646
11279864918027,11279864918830,803
11279865183082,11279865183751,669
11279865427523,11279865428301,778
11279865679828,11279865680477,649
11279865927552,11279865928336,784
11279866176120,11279866176774,654
11279866421110,11279866421897,787
11279866662320,11279866662961,641
11279866908327,11279866909139,812
11279867152851,11279867153489,638
11279867394417,11279867395190,773
11279867637052,11279867637698,646
11279867880046,11279867880870,824
11279868124927,11279868125555,628
11279868366870,11279868367684,814
11279868610073,11279868610710,637
11279868853713,11279868854492,779
11279869106771,11279869107429,658
11279869352482,11279869353273,791
11279869594591,11279869595216,625
11279869849198,11279869850024,826
11279870093724,11279870094403,679
11279870339661,11279870340500,839
11279870582229,11279870582891,662
11279870833779,11279870834586,807
11279871075948,11279871076581,633
11279871323449,11279871324234,785
11279871566586,11279871567211,625
11279871811480,11279871812294,814
11279872055549,11279872056179,630
11279872308725,11279872309574,849
11279872552606,11279872553274,668
11279872797763,11279872798591,828
11279873042508,11279873043166,658
11279873307207,11279873308048,841
11279873565947,11279873566634,687
11279873813553,11279873814357,804
11279874058733,11279874059393,660
11279874304715,11279874305542,827
11279874549077,11279874549729,652
11279874817085,11279874817924,839
11279875115845,11279875116734,889
11279875424025,11279875424928,903
11279875690601,11279875691292,691
11279875945906,11279875946773,867
11279876191606,11279876192247,641
11279876436630,11279876437487,857
11279876681630,11279876682311,681
11279876930317,11279876931176,859
11279877174079,11279877174725,646
11279877417698,11279877418490,792
11279877659236,11279877659879,643
11279877904106,11279877904978,872
11279878149017,11279878149689,672
11279878392602,11279878393428,826
11279878636611,11279878637257,646
11279878893743,11279878894575,832
11279879146785,11279879147424,639
11279879411003,11279879411868,865
11279879656603,11279879657284,681
11279879910716,11279879911575,859
11279880153883,11279880154567,684
11279880405085,11279880405923,838
11279880648980,11279880649643,663
11279880896067,11279880896895,828
11279881136970,11279881137638,668
11279881384729,11279881385536,807
11279881629671,11279881630337,666
11279881997001,11279881998005,1004
11279882277621,11279882278284,663
11279882531432,11279882532297,865
11279882779588,11279882780230,642
11279883026063,11279883026890,827
11279883277200,11279883277876,676
11279883524810,11279883525608,798
11279883770666,11279883771290,624
11279884016414,11279884017234,820
11279884260887,11279884261534,647
11279884508957,11279884509767,810
11279884751909,11279884752568,659
11279884997577,11279884998394,817
11279885240214,11279885240891,677
11279885487715,11279885488530,815
11279885744951,11279885745639,688
11279885994889,11279885995722,833
11279886240089,11279886240779,690
11279886486017,11279886486832,815
11279886728901,11279886729531,630
11279886973775,11279886974611,836
11279887217944,11279887218634,690
11279887460042,11279887460861,819
11279887706398,11279887707074,676
11279887952418,11279887953219,801
11279888195866,11279888196502,636
11279888438700,11279888439517,817
11279888681623,11279888682242,619
11279888937478,11279888938285,807
11279889183749,11279889184422,673
11279889432725,11279889433522,797
11279889704767,11279889705442,675
11279889968914,11279889969769,855
11279890217938,11279890218614,676
11279890469015,11279890469855,840
11279890713156,11279890713816,660
11279890959578,11279890960405,827
11279891220834,11279891221526,692
11279891464176,11279891465030,854
11279891709145,11279891709800,655
11279891956827,11279891957671,844
11279892199828,11279892200463,635
11279892474381,11279892475211,830
11279892722740,11279892723426,686
11279892969543,11279892970372,829
11279893213816,11279893214487,671
11279893461572,11279893462390,818
11279893709681,11279893710373,692
11279893953974,11279893954826,852
11279894201794,11279894202416,622
11279894447082,11279894447913,831
11279894689971,11279894690633,662
11279894937727,11279894938558,831
11279895181660,11279895182328,668
11279895425496,11279895426360,864
11279895678891,11279895679531,640
11279895929876,11279895930716,840
11279896175378,11279896176025,647
11279896423161,11279896423995,834
11279896666226,11279896666867,641
11279896912844,11279896913668,824
11279897159774,11279897160437,663
11279897405719,11279897406525,806
11279897660377,11279897661036,659
11279897928295,11279897929131,836
11279898172855,11279898173550,695
11279898417883,11279898418678,795
11279898661804,11279898662418,614
11279898919157,11279898919941,784
11279899169022,11279899169666,644
11279899415114,11279899415945,831
11279899659217,11279899659836,619
11279899912083,11279899912933,850
11279900155681,11279900156364,683
11279900402170,11279900402994,824
11279900648144,11279900648773,629
11279900892793,11279900893608,815
11279901137660,11279901138338,678
11279901382932,11279901383772,840
11279901626224,11279901626897,673
11279901873917,11279901874750,833
11279902119359,11279902120047,688
11279902371421,11279902372212,791
11279902650824,11279902651521,697
11279902896620,11279902897379,759
11279903141058,11279903141706,648
11279903386888,11279903387732,844
11279903655513,11279903656227,714
11279903938232,11279903939086,854
11279904212058,11279904212738,680
11279904459144,11279904459993,849
11279904722014,11279904722684,670
11279904970737,11279904971579,842
11279905274588,11279905275303,715
11279905551594,11279905552695,1101
11279905812958,11279905813645,687
11279906064095,11279906064986,891
11279906309122,11279906309788,666
11279906561891,11279906562714,823
11279906804720,11279906805368,648
11279907051622,11279907052460,838
11279907304017,11279907304685,668
11279907549649,11279907550467,818
11279907793599,11279907794270,671
11279908040972,11279908041838,866
11279908287472,11279908288164,692
11279908529234,11279908530066,832
11279908773773,11279908774424,651
11279909027993,11279909028806,813
11279909273639,11279909274293,654
11279909528539,11279909529324,785
11279909776201,11279909776852,651
11279910021399,11279910022223,824
11279910269791,11279910270419,628
11279910516124,11279910516892,768
11279910758583,11279910759223,640
11279911005159,11279911006015,856
11279911247198,11279911247892,694
11279911493158,11279911493938,780
11279911739103,11279911739756,653
11279911983430,11279911984222,792
11279912232063,11279912232700,637
11279912479276,11279912480104,828
11279912724533,11279912725217,684
11279912971817,11279912972655,838
11279913216429,11279913217100,671
11279913464281,11279913465114,833
11279913711172,11279913711866,694
11279913956123,11279913956928,805
11279914200597,11279914201258,661
11279914445537,11279914446309,772
11279914691283,11279914691930,647
11279914937373,11279914938167,794
11279915180412,11279915181105,693
11279915425523,11279915426336,813
11279915680091,11279915680740,649
11279915926834,11279915927628,794
11279916173494,11279916174143,649
11279916417221,11279916418021,800
11279916662567,11279916663237,670
11279916907318,11279916908098,780
11279917152232,11279917152887,655
11279917399714,11279917400541,827
11279917641900,11279917642516,616
11279917886783,11279917887571,788
11279918132628,11279918133271,643
11279918377587,11279918378391,804
11279918621616,11279918622234,618
11279918866094,11279918866922,828
11279919115985,11279919116644,659
11279919362834,11279919363637,803
11279919610496,11279919611139,643
11279919857097,11279919857937,840
11279920100025,11279920100678,653
11279920345679,11279920346501,822
11279920591877,11279920592512,635
11279920837445,11279920838281,836
11279921080798,11279921081413,615
11279921324075,11279921324919,844
11279921573705,11279921574352,647
11279921817647,11279921818456,809
11279922058290,11279922058946,656
11279922312605,11279922313430,825
11279922560504,11279922561175,671
11279922803701,11279922804556,855
11279923049376,11279923050046,670
11279923295695,11279923296534,839
11279923540862,11279923541591,729
11279923789531,11279923790387,856
11279924030869,11279924031567,698
11279924275969,11279924276793,824
11279924521778,11279924522487,709
11279924772540,11279924773379,839
11279925025815,11279925026485,670
11279925272890,11279925273734,844
11279925515334,11279925516009,675
11279925767811,11279925768655,844
11279926014712,11279926015350,638
11279926261081,11279926261878,797
11279926505331,11279926506024,693
11279926752449,11279926753294,845
11279926999204,11279926999901,697
11279927245142,11279927245992,850
11279927490235,11279927490890,655
11279927734533,11279927735331,798
11279927978332,11279927978992,660
11279928222765,11279928223586,821
11279928467599,11279928468270,671
11279928714312,11279928715142,830
11279928966500,11279928967202,702
11279929212876,11279929213722,846
11279929458909,11279929459607,698
11279929704249,11279929705089,840
11279929949523,11279929950246,723
11279930194921,11279930195790,869
11279930441246,11279930441956,710
11279930715833,11279930716718,885
11279930957313,11279930958001,688
11279931205814,11279931206645,831
11279931449182,11279931449868,686
11279931694107,11279931694958,851
11279931935746,11279931936401,655
11279932179973,11279932180799,826
11279932429658,11279932430321,663
11279932676963,11279932677760,797
11279932918167,11279932918852,685
11279933165285,11279933166127,842
11279933449092,11279933449715,623
11279933703849,11279933704589,740
11279933945724,11279933946440,716
11279934192641,11279934193503,862
11279934439873,11279934440531,658
11279934681690,11279934682501,811
11279934924913,11279934925628,715
11279935170500,11279935171346,846
11279935413747,11279935414379,632
11279935666552,11279935667387,835
11279935909579,11279935910244,665
11279936152685,11279936153536,851
11279936397297,11279936397999,702
11279936641186,11279936642007,821
11279936884627,11279936885300,673
11279937128134,11279937128965,831
11279937373411,11279937374115,704
11279937616396,11279937617214,818
11279937857890,11279937858515,625
11279938099156,11279938099981,825
11279938342071,11279938342746,675
11279938587246,11279938588088,842
11279938829414,11279938830078,664
11279939078129,11279939078962,833
11279939347836,11279939348533,697
11279939596420,11279939597270,850
11279939837591,11279939838258,667
11279940080211,11279940081025,814
11279940338743,11279940339381,638
11279940583996,11279940584817,821
11279940827517,11279940828200,683
11279941069904,11279941070736,832
11279941313342,11279941314043,701
11279941555813,11279941556627,814
11279941801094,11279941801764,670
11279942043824,11279942044648,824
11279942298180,11279942298864,684
11279942545777,11279942546614,837
11279942787538,11279942788149,611
11279943033293,11279943034104,811
11279943279746,11279943280406,660
11279943522912,11279943523716,804
11279943769197,11279943769851,654
11279944016680,11279944017437,757
11279944260593,11279944261240,647
11279944504597,11279944505424,827
11279944747370,11279944747993,623
11279944991503,11279944992320,817
11279945237469,11279945238115,646
11279945482046,11279945482849,803
11279945728179,11279945728841,662
11279945972441,11279945973257,816
11279946217175,11279946217868,693
11279946461906,11279946462721,815
11279946704087,11279946704697,610
11279946947555,11279946948352,797
11279947191547,11279947192236,689
11279947438447,11279947439271,824
11279947681059,11279947681735,676
11279947926071,11279947926896,825
11279948168736,11279948169372,636
11279948414058,11279948414887,829
11279948658563,11279948659233,670
11279948907826,11279948908648,822
11279949151854,11279949152527,673
11279949400745,11279949401579,834
11279949647770,11279949648426,656
11279949893334,11279949894182,848
11279950139563,11279950140195,632
11279950383115,11279950383938,823
11279950626754,11279950627402,648
11279950872930,11279950873778,848
11279951116059,11279951116713,654
11279951360053,11279951360886,833
11279951606350,11279951607021,671
11279951851757,11279951852612,855
11279952093615,11279952094285,670
11279952352141,11279952352987,846
11279952593067,11279952593719,652
11279952838601,11279952839413,812
11279953081598,11279953082265,667
11279953325198,11279953326062,864
11279953567455,11279953568139,684
11279953813885,11279953814722,837
11279954055733,11279954056404,671
11279954299077,11279954299875,798
11279954541330,11279954542036,706
11279954785068,11279954785927,859
11279955029554,11279955030246,692
11279955272866,11279955273673,807
11279955517448,11279955518122,674
11279955773551,11279955774382,831
11279956018560,11279956019208,648
11279956262421,11279956263237,816
11279956505838,11279956506482,644
11279956749924,11279956750709,785
11279956994864,11279956995515,651
11279957239829,11279957240666,837
11279957483351,11279957484035,684
11279957729630,11279957730427,797
11279957973117,11279957973807,690
11279958219394,11279958220198,804
11279958462244,11279958462881,637
11279958708354,11279958709137,783
11279958958518,11279958959237,719
11279959206289,11279959207125,836
11279959449975,11279959450621,646
11279959694690,11279959695515,825
11279959937875,11279959938511,636
11279960183779,11279960184611,832
11279960426651,11279960427325,674
11279960673259,11279960674086,827
11279960917233,11279960917899,666
11279961165980,11279961166791,811
11279961409897,11279961410565,668
11279961654391,11279961655245,854
11279961897796,11279961898485,689
11279962142613,11279962143433,820
11279962392869,11279962393565,696
11279962639871,11279962640721,850
11279962882010,11279962882706,696
11279963125587,11279963126413,826
11279963369511,11279963370208,697
11279963616978,11279963617849,871
11279963860623,11279963861324,701
11279964104394,11279964105215,821
11279964346880,11279964347573,693
11279964592459,11279964593250,791
11279964837874,11279964838534,660
11279965081187,11279965082029,842
11279965322829,11279965323490,661
11279965577639,11279965578485,846
11279965825971,11279965826628,657
11279966072376,11279966073240,864
11279966314835,11279966315501,666
11279966561353,11279966562140,787
11279966803967,11279966804623,656
11279967049812,11279967050667,855
11279967300202,11279967300869,667
11279967545974,11279967546780,806
11279967786173,11279967786850,677
11279968033176,11279968033986,810
11279968280492,11279968281158,666
11279968524484,11279968525357,873
11279968769242,11279968769937,695
11279969019350,11279969020198,848
11279969267810,11279969268467,657
11279969511774,11279969512592,818
11279969753152,11279969753808,656
11279969997732,11279969998516,784
11279970242237,11279970242927,690
11279970484491,11279970485287,796
11279970730721,11279970731423,702
11279970973960,11279970974782,822
11279971218378,11279971219018,640
11279971466944,11279971467742,798
11279971708986,11279971709642,656
11279971953807,11279971954613,806
11279972195948,11279972196603,655
11279972452399,11279972453210,811
11279972696683,11279972697403,720
11279972942499,11279972943357,858
11279973185107,11279973185818,711
11279973430855,11279973431725,870
11279973675691,11279973676387,696
11279973922893,11279973923729,836
11279974167238,11279974167882,644
11279974417021,11279974417903,882
11279974662160,11279974662866,706
11279974906374,11279974907213,839
11279975148055,11279975148720,665
11279975392859,11279975393673,814
11279975641902,11279975642578,676
11279975887912,11279975888756,844
11279976133350,11279976134014,664
11279976383093,11279976383922,829
11279976624746,11279976625436,690
11279976868717,11279976869554,837
11279977112506,11279977113194,688
11279977362148,11279977362988,840
11279977605526,11279977606231,705
11279977852674,11279977853498,824
11279978096631,11279978097326,695
11279978344694,11279978345523,829
11279978587850,11279978588527,677
11279978831947,11279978832784,837
11279979082759,11279979083433,674
11279979329749,11279979330562,813
11279979579006,11279979579661,655
11279979822802,11279979823596,794
11279980069139,11279980069816,677
11279980312914,11279980313765,851
11279980553753,11279980554432,679
11279980802259,11279980803069,810
11279981045093,11279981045771,678
11279981293384,11279981294182,798
11279981538239,11279981538901,662
11279981781528,11279981782338,810
11279982025504,11279982026163,659
11279982278460,11279982279270,810
11279982523289,11279982523954,665
11279982768190,11279982768993,803
11279983013604,11279983014267,663
11279983261133,11279983261937,804
11279983504881,11279983505560,679
11279983748329,11279983749121,792
11279983992256,11279983992916,660
11279984235764,11279984236582,818
11279984481898,11279984482564,666
11279984725636,11279984726448,812
11279984971591,11279984972242,651
11279985215597,11279985216396,799
11279985457444,11279985458147,703
11279985712995,11279985713826,831
11279985958494,11279985959165,671
11279986202122,11279986202928,806
11279986443942,11279986444578,636
11279986689453,11279986690277,824
11279986933793,11279986934392,599
11279987179305,11279987180103,798
11279987420859,11279987421466,607
11279987665875,11279987666702,827
11279987912549,11279987913188,639
11279988157403,11279988158187,784
11279988400970,11279988401646,676
11279988645752,11279988646553,801
11279988901641,11279988902314,673
11279989146756,11279989147515,759
11279989398297,11279989398964,667
11279989644901,11279989645681,780
11279989891650,11279989892314,664
11279990137474,11279990138311,837
11279990388661,11279990389324,663
11279990632974,11279990633789,815
11279990876578,11279990877247,669
11279991120430,11279991121256,826
11279991382961,11279991383628,667
11279991628800,11279991629630,830
11279991871189,11279991871877,688
11279992116653,11279992117478,825
11279992377649,11279992378345,696
11279992623172,11279992623984,812
11279992867611,11279992868280,669
11279993112725,11279993113499,774
11279993364488,11279993365166,678
11279993611657,11279993612451,794
11279993856422,11279993857065,643
11279994100169,11279994100973,804
11279994345449,11279994346112,663
11279994589776,11279994590568,792
11279994832025,11279994832678,653
11279995078766,11279995079579,813
11279995321532,11279995322219,687
11279995575657,11279995576466,809
11279995823466,11279995824129,663
11279996067423,11279996068249,826
11279996316611,11279996317287,676
11279996565376,11279996566218,842
11279996810299,11279996810958,659
11279997055803,11279997056601,798
11279997303943,11279997304610,667
11279997549755,11279997550557,802
11279997797489,11279997798132,643
11279998041881,11279998042731,850
11279998286659,11279998287357,698
11279998534359,11279998535189,830
11279998781544,11279998782210,666
11279999032392,11279999033230,838
11279999276973,11279999277622,649
11279999523925,11279999524737,812
11279999771197,11279999771844,647
11280000016546,11280000017387,841
11280000263189,11280000263838,649
11280000508467,11280000509326,859
11280000750121,11280000750772,651
11280000996870,11280000997758,888
11280001240050,11280001240690,640
11280001486367,11280001487197,830
11280001729714,11280001730356,642
11280001972819,11280001973637,818
11280002227941,11280002228573,632
11280002473866,11280002474733,867
11280002718964,11280002719652,688
11280002963948,11280002964780,832
11280003208889,11280003209558,669
11280003451512,11280003452365,853
11280003719543,11280003720239,696
11280003970517,11280003971339,822
11280004245844,11280004246501,657
11280004487458,11280004488276,818
11280004730789,11280004731426,637
11280004978102,11280004978946,844
11280005219697,11280005220404,707
11280005464169,11280005464984,815
11280005712045,11280005712711,666
11280005959514,11280005960349,835
11280006205506,11280006206173,667
11280006450249,11280006451095,846
11280006700666,11280006701331,665
11280006944507,11280006945304,797
11280007187554,11280007188223,669
11280007432171,11280007432991,820
11280007676463,11280007677120,657
11280007921681,11280007922483,802
11280008227303,11280008228012,709
11280008479620,11280008480465,845
11280008724169,11280008724829,660
11280008979545,11280008980353,808
11280009227603,11280009228277,674
11280009475900,11280009476702,802
11280009720830,11280009721496,666
11280009963276,11280009964118,842
11280010206659,11280010207340,681
11280010451521,11280010452353,832
11280010694989,11280010695621,632
11280010937270,11280010938053,783
11280011179521,11280011180174,653
11280011425287,11280011426124,837
11280011666857,11280011667530,673
11280011910800,11280011911568,768
11280012155107,11280012155747,640
11280012405044,11280012405855,811
11280012651455,11280012652114,659
11280012896561,11280012897347,786
11280013138374,11280013139039,665
11280013380597,11280013381391,794
11280013625396,11280013626032,636
11280013870234,11280013871038,804
11280014111393,11280014112069,676
11280014354747,11280014355561,814
11280014596538,11280014597191,653
11280014844605,11280014845408,803
11280015088195,11280015088850,655
11280015330725,11280015331547,822
11280015582309,11280015582926,617
11280015828652,11280015829493,841
11280016072099,11280016072779,680
11280016315022,11280016315837,815
11280016561558,11280016562214,656
11280016805407,11280016806185,778
11280017046535,11280017047170,635
11280017290192,11280017291031,839
11280017536144,11280017536797,653
11280017778787,11280017779597,810
11280018023757,11280018024383,626
11280018264971,11280018265770,799
11280018511555,11280018512214,659
11280018758705,11280018759526,821
11280019020548,11280019021207,659
11280019270845,11280019271678,833
11280019515396,11280019516055,659
11280019760845,11280019761681,836
11280020005057,11280020005733,676
11280020257276,11280020258074,798
11280020499574,11280020500219,645
11280020746645,11280020747460,815
11280020989591,11280020990259,668
11280021243741,11280021244583,842
11280021487016,11280021487699,683
11280021734105,11280021734901,796
11280021977899,11280021978562,663
11280022233152,11280022233984,832
11280022479494,11280022480171,677
11280022725259,11280022726077,818
11280022969836,11280022970501,665
11280023217601,11280023218457,856
11280023464107,11280023464786,679
11280023710598,11280023711419,821
11280023953435,11280023954122,687
11280024196342,11280024197140,798
11280024442588,11280024443263,675
11280024685664,11280024686447,783
11280024929655,11280024930321,666
11280025174044,11280025174870,826
11280025414455,11280025415139,684
11280025668840,11280025669680,840
11280025914737,11280025915414,677
11280026160238,11280026161080,842
11280026406907,11280026407592,685
11280026653469,11280026654292,823
11280026894534,11280026895212,678
11280027149402,11280027150195,793
11280027390279,11280027390936,657
11280027633695,11280027634535,840
11280027876999,11280027877680,681
11280028123060,11280028123881,821
11280028365904,11280028366585,681
11280028608926,11280028609740,814
11280028853333,11280028854007,674
11280029106214,11280029107043,829
11280029350005,11280029350660,655
11280029592083,11280029592914,831
11280029835883,11280029836556,673
11280030084034,11280030084877,843
11280030326942,11280030327586,644
11280030569350,11280030570166,816
11280030812450,11280030813092,642
11280031059370,11280031060175,805
11280031300623,11280031301329,706
11280031544719,11280031545591,872
11280031790064,11280031790748,684
11280032035713,11280032036554,841
11280032287905,11280032288576,671
11280032532649,11280032533485,836
11280032775179,11280032775884,705
11280033020370,11280033021221,851
11280033264898,11280033265566,668
11280033510186,11280033510998,812
11280033752874,11280033753559,685
11280034005075,11280034005917,842
11280034247721,11280034248359,638
11280034493348,11280034494129,781
11280034736892,11280034737568,676
11280034981601,11280034982443,842
11280035225851,11280035226490,639
11280035475242,11280035476070,828
11280035723409,11280035724083,674
11280035969413,11280035970275,862
11280036212738,11280036213412,674
11280036458162,11280036459005,843
11280036699837,11280036700523,686
11280036943187,11280036944025,838
11280037186498,11280037187191,693
11280037431195,11280037432037,842
11280037675294,11280037675962,668
11280037922076,11280037922924,848
11280038165013,11280038165707,694
11280038408293,11280038409129,836
11280038653065,11280038653754,689
11280038910567,11280038911374,807
11280039155311,11280039155973,662
11280039402876,11280039403712,836
11280039645909,11280039646538,629
11280039892431,11280039893253,822
11280040136916,11280040137580,664
11280040382579,11280040383418,839
11280040623970,11280040624659,689
11280040871541,11280040872378,837
11280041111276,11280041111950,674
11280041356115,11280041356946,831
11280041599724,11280041600431,707
11280041845823,11280041846677,854
11280042089283,11280042089976,693
11280042337742,11280042338577,835
11280042582002,11280042582675,673
11280042829445,11280042830292,847
11280043076376,11280043077149,773
11280043320241,11280043321055,814
11280043565975,11280043566635,660
11280043808870,11280043809688,818
11280044052502,11280044053176,674
11280044298772,11280044299627,855
11280044541628,11280044542316,688
11280044785226,11280044786038,812
11280045028905,11280045029566,661
11280045275006,11280045275804,798
11280045517149,11280045517809,660
11280045770406,11280045771199,793
11280046016676,11280046017391,715
11280046263041,11280046263775,734
11280046509205,11280046509862,657
11280046756285,11280046757105,820
11280047000026,11280047000659,633
11280047264182,11280047264994,812
11280047507711,11280047508362,651
11280047756576,11280047757407,831
11280048000867,11280048001532,665
11280048253345,11280048254099,754
11280048496127,11280048496809,682
11280048744377,11280048745220,843
11280048994601,11280048995278,677
11280049241319,11280049242139,820
11280049487472,11280049488179,707
11280049732835,11280049733668,833
11280049977670,11280049978340,670
11280050220749,11280050221566,817
11280050463401,11280050464090,689
11280050713696,11280050714548,852
11280050957942,11280050958608,666
11280051202405,11280051203211,806
11280051447807,11280051448478,671
11280051691184,11280051692025,841
11280051935549,11280051936223,674
11280052179634,11280052180431,797
11280052430213,11280052430918,705
11280052674532,11280052675380,848
11280052919084,11280052919763,679
11280053165257,11280053166055,798
11280053411875,11280053412577,702
11280053657675,11280053658545,870
11280053900224,11280053900903,679
11280054146691,11280054147544,853
11280054392933,11280054393589,656
11280054636534,11280054637371,837
11280054880216,11280054880897,681
11280055128384,11280055129191,807
11280055371929,11280055372622,693
11280055623172,11280055624011,839
11280055867299,11280055867967,668
11280056113235,11280056114019,784
11280056358883,11280056359564,681
11280056604432,11280056605217,785
11280056848417,11280056849124,707
11280057091733,11280057092593,860
11280057336251,11280057336979,728
11280057582713,11280057583541,828
11280057825760,11280057826454,694
11280058069365,11280058070175,810
11280058315621,11280058316303,682
11280058562437,11280058563283,846
11280058805609,11280058806299,690
11280059053433,11280059054263,830
11280059299526,11280059300220,694
11280059543999,11280059544824,825
11280059791526,11280059792196,670
11280060036509,11280060037332,823
11280060280713,11280060281388,675
11280060528552,11280060529348,796
11280060772112,11280060772810,698
11280061015997,11280061016813,816
11280061266751,11280061267466,715
11280061512814,11280061513624,810
11280061757418,11280061758125,707
11280062000747,11280062001600,853
11280062272993,11280062273658,665
11280062518231,11280062519088,857
11280062761107,11280062761790,683
11280063009395,11280063010255,860
11280063270422,11280063271093,671
11280063514545,11280063515356,811
11280063760079,11280063760730,651
11280064007310,11280064008124,814
11280064255958,11280064256635,677
11280064499827,11280064500651,824
11280064743116,11280064743838,722
11280064989147,11280064989967,820
11280065253205,11280065253866,661
11280065497008,11280065497819,811
11280065747920,11280065748592,672
11280065992816,11280065993650,834
11280066237991,11280066238642,651
11280066482753,11280066483581,828
11280066725621,11280066726261,640
11280066971125,11280066971915,790
11280067213409,11280067214110,701
11280067460468,11280067461310,842
11280067702606,11280067703292,686
11280067947512,11280067948297,785
11280068190152,11280068190766,614
11280068435403,11280068436185,782
11280068680409,11280068681064,655
11280068933916,11280068934766,850
11280069179586,11280069180242,656
11280069426804,11280069427655,851
11280069670815,11280069671502,687
11280069915617,11280069916440,823
11280070163631,11280070164344,713
11280070408843,11280070409664,821
11280070653364,11280070654063,699
11280070898472,11280070899337,865
11280071143170,11280071143851,681
11280071388321,11280071389136,815
11280071633901,11280071634587,686
11280071878508,11280071879339,831
11280072124723,11280072125413,690
11280072395615,11280072396485,870
11280072637091,11280072637784,693
11280072883582,11280072884452,870
11280073130798,11280073131471,673
11280073394013,11280073394861,848
11280073664393,11280073665058,665
11280073952498,11280073953344,846
11280074197793,11280074198501,708
11280074446041,11280074446899,858
11280074713545,11280074714219,674
11280074959765,11280074960592,827
11280075241061,11280075241740,679
11280075489603,11280075490414,811
11280075739074,11280075739793,719
11280075986915,11280075987746,831
11280076229232,11280076230002,770
11280076473574,11280076474393,819
11280076716721,11280076717410,689
11280076964402,11280076965257,855
11280077208048,11280077208739,691
11280077450925,11280077451727,802
11280077694237,11280077694918,681
11280077941079,11280077941916,837
11280078183744,11280078184439,695
11280078426707,11280078427577,870
11280078669590,11280078670245,655
11280078919748,11280078920609,861
11280079169274,11280079169968,694
11280079414219,11280079415056,837
11280079656570,11280079657270,700
11280079900536,11280079901356,820
11280080146804,11280080147482,678
11280080391059,11280080391887,828
11280080634966,11280080635633,667
11280080881555,11280080882383,828
11280081124443,11280081125085,642
11280081368889,11280081369723,834
11280081610667,11280081611331,664
11280081854014,11280081854844,830
11280082098851,11280082099534,683
11280082351686,11280082352535,849
11280082592522,11280082593214,692
11280082836043,11280082836880,837
11280083079644,11280083080341,697
11280083323574,11280083324365,791
11280083566831,11280083567478,647
11280083809604,11280083810391,787
11280084052547,11280084053203,656
11280084295035,11280084295865,830
11280084537369,11280084538032,663
11280084780073,11280084780927,854
11280085023906,11280085024594,688
11280085269675,11280085270489,814
11280085514690,11280085515321,631
11280085771118,11280085771976,858
11280086016276,11280086016966,690
11280086259308,11280086260141,833
11280086505702,11280086506379,677
11280086748153,11280086749009,856
11280086992518,11280086993188,670
11280087245676,11280087246501,825
11280087488642,11280087489347,705
11280087734379,11280087735221,842
11280087976424,11280087977134,710
11280088237740,11280088238575,835
11280088478503,11280088479205,702
11280088727139,11280088727952,813
11280088982932,11280088983646,714
11280089232659,11280089233495,836
11280089476449,11280089477140,691
11280089720061,11280089720925,864
11280089962395,11280089963048,653
11280090205453,11280090206303,850
11280090451338,11280090452030,692
11280090696080,11280090696923,843
11280090941548,11280090942248,700
11280091187692,11280091188525,833
11280091433646,11280091434381,735
11280091677276,11280091678089,813
11280091922019,11280091922691,672
11280092165876,11280092166734,858
11280092413278,11280092413937,659
11280092659520,11280092660321,801
11280092905146,11280092905783,637
11280093151074,11280093151880,806
11280093394503,11280093395180,677
11280093639091,11280093639913,822
11280093884155,11280093884890,735
11280094130086,11280094130878,792
11280094375640,11280094376299,659
11280094622632,11280094623413,781
11280094864223,11280094864859,636
11280095107636,11280095108470,834
11280095351240,11280095351875,635
11280095605462,11280095606315,853
11280095850091,11280095850761,670
11280096094936,11280096095783,847
11280096338615,11280096339320,705
11280096587852,11280096588686,834
11280096828398,11280096829068,670
11280097075425,11280097076241,816
11280097343615,11280097344288,673
11280097589444,11280097590248,804
11280097830015,11280097830711,696
11280098075655,11280098076434,779
11280098317559,11280098318220,661
11280098563611,11280098564384,773
11280098806393,11280098807041,648
11280099053702,11280099054505,803
11280099299332,11280099299990,658
11280099542758,11280099543544,786
11280099786742,11280099787378,636
11280100031772,11280100032586,814
11280100280921,11280100281622,701
11280100526395,11280100527164,769
11280100771089,11280100771774,685
11280101015738,11280101016520,782
11280101255533,11280101256196,663
11280101519077,11280101519887,810
11280101762137,11280101762791,654
11280102007498,11280102008278,780
11280102259508,11280102260125,617
11280102505828,11280102506650,822
11280102748619,11280102749279,660
11280102996949,11280102997772,823
11280103241282,11280103241911,629
11280103487330,11280103488151,821
11280103732294,11280103732954,660
11280103976664,11280103977467,803
11280104239321,11280104240008,687
11280104484632,11280104485488,856
11280104725957,11280104726631,674
11280104968027,11280104968851,824
11280105214374,11280105215059,685
11280105459910,11280105460766,856
11280105708325,11280105708977,652
11280105953440,11280105954255,815
11280106195327,11280106196047,720
11280106465557,11280106466376,819
11280106709142,11280106709841,699
11280106952424,11280106953280,856
11280107198132,11280107198833,701
11280107445992,11280107446840,848
11280107687852,11280107688507,655
11280107933364,11280107934155,791
11280108193126,11280108193779,653
11280108439687,11280108440500,813
11280108683557,11280108684208,651
11280108936384,11280108937205,821
11280109181462,11280109182155,693
11280109449189,11280109450043,854
11280109693108,11280109693792,684
11280109937527,11280109938306,779
11280110180366,11280110181059,693
11280110423685,11280110424509,824
11280110666022,11280110666718,696
11280110915548,11280110916375,827
11280111157553,11280111158189,636
11280111402757,11280111403568,811
11280111647652,11280111648340,688
11280111894199,11280111895004,805
11280112136360,11280112137021,661
11280112386429,11280112387264,835
11280112630829,11280112631481,652
11280112878497,11280112879278,781
11280113122426,11280113123083,657
11280113368211,11280113369017,806
11280113611872,11280113612489,617
11280113855659,11280113856454,795
11280114102369,11280114103030,661
11280114369459,11280114370248,789
11280114610839,11280114611499,660
11280114859865,11280114860662,797
11280115105085,11280115105750,665
11280115351616,11280115352424,808
11280115603526,11280115604208,682
11280115856062,11280115856886,824
11280116099121,11280116099782,661
11280116351164,11280116351937,773
11280116594350,11280116595036,686
11280116838929,11280116839746,817
11280117081175,11280117081818,643
11280117331265,11280117332049,784
11280117574823,11280117575482,659
11280117818898,11280117819726,828
11280118063470,11280118064191,721
11280118309143,11280118309929,786
11280118554599,11280118555244,645
11280118799088,11280118799866,778
11280119048710,11280119049368,658
11280119293661,11280119294497,836
11280119542876,11280119543517,641
11280119786708,11280119787491,783
11280120028328,11280120028986,658
11280120271669,11280120272445,776
11280120514281,11280120514887,606
11280120758450,11280120759241,791
11280121001669,11280121002354,685
11280121246899,11280121247720,821
11280121487907,11280121488531,624
11280121739412,11280121740193,781
11280121981392,11280121982059,667
11280122232889,11280122233669,780
11280122489782,11280122490442,660
11280122735516,11280122736327,811
11280122983127,11280122983815,688
11280123231722,11280123232535,813
11280123475025,11280123475705,680
11280123719360,11280123720126,766
11280123964235,11280123964898,663
11280124209277,11280124210053,776
11280124454603,11280124455288,685
11280124698376,11280124699190,814
11280124945398,11280124946092,694
11280125189642,11280125190471,829
11280125431382,11280125432036,654
11280125681798,11280125682594,796
11280125927912,11280125928589,677
11280126174469,11280126175272,803
11280126452811,11280126453435,624
11280126698012,11280126698843,831
11280126942099,11280126942743,644
11280127188669,11280127189490,821
11280127432531,11280127433213,682
11280127677230,11280127678047,817
11280127924328,11280127925041,713
11280128172250,11280128173087,837
11280128419873,11280128420542,669
11280128665042,11280128665826,784
11280128916739,11280128917414,675
11280129160895,11280129161727,832
11280129409533,11280129410193,660
11280129655152,11280129656010,858
11280129900016,11280129900691,675
11280130145276,11280130146082,806
11280130391949,11280130392643,694
11280130637232,11280130638044,812
11280130880246,11280130880931,685
11280131127994,11280131128808,814
11280131375900,11280131376565,665
11280131624352,11280131625162,810
11280131867033,11280131867710,677
11280132111191,11280132112014,823
11280132364621,11280132365301,680
11280132611133,11280132611963,830
11280132855351,11280132856077,726
11280133103300,11280133104134,834
11280133351497,11280133352181,684
11280133594607,11280133595411,804
11280133842592,11280133843275,683
11280134087548,11280134088348,800
11280134348242,11280134348933,691
11280134589666,11280134590505,839
11280134834534,11280134835185,651
11280135082136,11280135082934,798
11280135369120,11280135369822,702
11280135637009,11280135637989,980
11280135897499,11280135898150,651
11280136154658,11280136155528,870
11280136397432,11280136398109,677
11280136643105,11280136644056,951
11280136910700,11280136911389,689
11280137166104,11280137166928,824
11280137415554,11280137416259,705
11280137665624,11280137666462,838
11280137911140,11280137911812,672
11280138155464,11280138156288,824
11280138419868,11280138420519,651
11280138662292,11280138663115,823
11280138916174,11280138916859,685
11280139161622,11280139162499,877
11280139425229,11280139425948,719
11280139672251,11280139673079,828
11280139916950,11280139917676,726
11280140160433,11280140161288,855
11280140415514,11280140416218,704
11280140660992,11280140661786,794
11280140902400,11280140903108,708
11280141147274,11280141148127,853
11280141389540,11280141390231,691
11280141632653,11280141633503,850
11280141877610,11280141878297,687
11280142121402,11280142122236,834
11280142376073,11280142376734,661
11280142625880,11280142626694,814
11280142870541,11280142871242,701
11280143113999,11280143114869,870
11280143386613,11280143387300,687
11280143631278,11280143632054,776
11280143878147,11280143878823,676
11280144121398,11280144122156,758
11280144366910,11280144367598,688
11280144609413,11280144610198,785
11280144852315,11280144853014,699
11280145099663,11280145100466,803
11280145368156,11280145368842,686
11280145718967,11280145719729,762
11280146028983,11280146029610,627
11280146362360,11280146363088,728
11280146667722,11280146668343,621
11280146973477,11280146974195,718
11280147277377,11280147277986,609
11280147553901,11280147555708,1807
11280147799220,11280147799926,706
11280148039129,11280148039995,866
11280148281520,11280148283227,1707
11280148523633,11280148524493,860
11280148763423,11280148764130,707
11280149019691,11280149020569,878
11280149265093,11280149265765,672
11280149507184,11280149508011,827
11280149746021,11280149746671,650
11280149988266,11280149989056,790
11280150251124,11280150251807,683
11280150492116,11280150492939,823
11280150732122,11280150732777,655
11280150973226,11280150974044,818
11280151217435,11280151218083,648
11280151459663,11280151460462,799
11280151698483,11280151699186,703
11280151940416,11280151941253,837
11280152180643,11280152181310,667
11280152456535,11280152457288,753
11280152768007,11280152768612,605
11280153069714,11280153070478,764
11280153367510,11280153368134,624
11280153670636,11280153671401,765
11280153944304,11280153944998,694
11280154187108,11280154187965,857
11280154428106,11280154428799,693
11280154668462,11280154669330,868
11280154912115,11280154912812,697
11280155149924,11280155150741,817
11280155391135,11280155391812,677
11280155640851,11280155641680,829
11280155885547,11280155886180,633
11280156131812,11280156132629,817
11280156372445,11280156373128,683
11280156614403,11280156615192,789
11280156853494,11280156854174,680
11280157097744,11280157098587,843
11280157338060,11280157338755,695
11280157578708,11280157579519,811
11280157816503,11280157817197,694
11280158059627,11280158060448,821
11280158301458,11280158302107,649
11280158545486,11280158546328,842
11280158785127,11280158785830,703
11280159035317,11280159036138,821
11280159281391,11280159282086,695
11280159523932,11280159524722,790
11280159765064,11280159765752,688
11280160008480,11280160009272,792
11280160250416,11280160251074,658
11280160492254,11280160493064,810
11280160733669,11280160734375,706
11280160974300,11280160975119,819
11280161215587,11280161216256,669
11280161472779,11280161473581,802
11280161712784,11280161713440,656
11280161954264,11280161955074,810
11280162197481,11280162198181,700
11280162452632,11280162453488,856
11280162694915,11280162695597,682
11280162940263,11280162941081,818
11280163179191,11280163186420,7229
11280163427318,11280163428180,862
11280163669277,11280163669956,679
11280163915135,11280163915984,849
11280164155215,11280164155904,689
11280164403463,11280164404268,805
11280164642457,11280164643171,714
11280164885658,11280164886518,860
11280165125234,11280165125936,702
11280165367629,11280165368448,819
11280165615153,11280165615905,752
11280165862778,11280165863615,837
11280166105988,11280166106677,689
11280166348377,11280166349223,846
11280166589922,11280166590582,660
11280166832634,11280166833496,862
11280167073188,11280167073934,746
11280167313614,11280167314475,861
11280167551493,11280167552208,715
11280167792291,11280167793116,825
11280168035303,11280168036033,730
11280168276924,11280168277741,817
11280168516781,11280168517447,666
11280168758566,11280168759390,824
11280169009546,11280169010220,674
11280169253594,11280169254408,814
11280169500388,11280169501042,654
11280169745282,11280169746112,830
11280169987040,11280169987731,691
11280170231608,11280170232418,810
11280170472334,11280170473020,686
11280170714907,11280170715691,784
11280170955341,11280170956031,690
11280171205890,11280171206697,807
11280171444388,11280171445077,689
11280171690561,11280171691371,810
11280171930192,11280171930883,691
11280172172664,11280172173494,830
11280172418137,11280172418847,710
11280172663517,11280172664392,875
11280172907389,11280172908074,685
11280173147473,11280173148306,833
11280173388597,11280173389272,675
11280173632632,11280173633468,836
11280173873788,11280173874453,665
11280174114893,11280174115721,828
11280174358064,11280174358745,681
11280174599988,11280174600797,809
11280174838756,11280174839468,712
11280175081266,11280175082098,832
11280175322203,11280175322911,708
11280175574236,11280175575067,831
11280175818704,11280175819372,668
11280176062471,11280176063304,833
11280176302555,11280176303233,678
11280176546052,11280176546862,810
11280176786945,11280176787645,700
11280177028511,11280177029323,812
11280177269084,11280177269734,650
11280177512788,11280177513642,854
11280177754562,11280177755248,686
11280177998618,11280177999442,824
11280178237385,11280178238061,676
11280178479622,11280178480437,815
11280178720767,11280178721455,688
11280178971365,11280178972207,842
11280179212170,11280179212818,648
11280179457060,11280179457892,832
11280179697951,11280179698605,654
11280179942047,11280179942874,827
11280180184841,11280180185510,669
11280180426827,11280180427651,824
11280180669193,11280180669864,671
11280180908663,11280180909509,846
11280181151211,11280181151873,662
11280181394713,11280181395549,836
11280181634127,11280181634818,691
11280181874393,11280181875200,807
11280182118099,11280182118791,692
11280182369007,11280182369825,818
11280182612289,11280182612945,656
11280182854931,11280182855771,840
11280183094824,11280183095508,684
11280183340825,11280183341664,839
11280183580025,11280183580670,645
11280183820898,11280183821781,883
11280184061660,11280184062344,684
11280184310319,11280184311150,831
11280184550009,11280184550686,677
11280184790536,11280184791360,824
11280185032653,11280185033326,673
11280185275819,11280185276661,842
11280185515916,11280185516590,674
11280185769752,11280185770580,828
11280186012801,11280186013495,694
11280186255472,11280186256299,827
11280186498884,11280186499609,725
11280186750554,11280186751404,850
11280186992100,11280186992769,669
11280187235927,11280187236757,830
11280187478439,11280187479144,705
11280187721564,11280187722429,865
11280187959092,11280187959782,690
11280188201453,11280188202284,831
11280188441857,11280188442539,682
11280188686676,11280188687479,803
11280188935224,11280188935916,692
11280189180223,11280189181063,840
11280189422080,11280189422792,712
11280189665102,11280189665972,870
11280189905402,11280189906087,685
11280190153806,11280190154634,828
11280190397636,11280190398337,701
11280190642559,11280190643420,861
11280190886945,11280190887672,727
11280191132255,11280191133083,828
11280191385533,11280191386254,721
11280191627865,11280191628678,813
11280191871667,11280191872354,687
11280192116112,11280192116957,845
11280192384787,11280192385512,725
11280192632222,11280192633053,831
11280192880081,11280192880833,752
11280193127518,11280193128367,849
11280193369665,11280193370336,671
11280193613012,11280193613840,828
11280193856201,11280193856893,692
11280194100185,11280194100972,787
11280194341544,11280194342208,664
11280194584185,11280194585010,825
11280194826608,11280194827296,688
11280195068483,11280195069274,791
11280195311602,11280195312243,641
11280195562593,11280195563439,846
11280195807407,11280195808100,693
11280196055922,11280196056800,878
11280196304671,11280196305378,707
11280196550163,11280196551005,842
11280196793178,11280196793871,693
11280197039656,11280197040524,868
11280197284042,11280197284711,669
11280197526731,11280197527566,835
11280197767748,11280197768413,665
11280198019355,11280198020170,815
11280198258714,11280198259405,691
11280198504069,11280198504959,890
11280198745120,11280198745827,707
11280198995306,11280198996182,876
11280199242217,11280199242908,691
11280199488551,11280199489374,823
11280199732672,11280199733331,659
11280199977812,11280199978654,842
11280200222065,11280200222765,700
11280200463169,11280200464032,863
11280200706539,11280200707264,725
11280200948294,11280200949150,856
11280201188553,11280201189240,687
11280201432005,11280201432841,836
11280201675671,11280201676386,715
11280201917559,11280201918409,850
11280202157919,11280202158634,715
11280202406800,11280202407615,815
11280202652788,11280202653464,676
11280202897416,11280202898229,813
11280203139728,11280203140416,688
11280203384648,11280203385509,861
11280203625799,11280203626479,680
11280203871637,11280203872492,855
11280204111326,11280204112000,674
11280204353243,11280204354046,803
11280204594454,11280204595161,707
11280204838497,11280204839323,826
11280205077405,11280205078091,686
11280205318377,11280205319218,841
11280205568427,11280205569106,679
11280205811501,11280205812330,829
11280206056253,11280206056907,654
11280206303105,11280206303942,837
11280206546499,11280206547157,658
11280206792830,11280206793680,850
11280207038998,11280207039704,706
11280207295982,11280207296820,838
11280207536541,11280207537233,692
11280207778564,11280207779397,833
11280208020039,11280208020738,699
11280208270031,11280208270904,873
11280208510884,11280208511549,665
11280208753204,11280208754078,874
11280209001880,11280209002576,696
11280209248454,11280209249322,868
11280209493053,11280209493710,657
11280209735933,11280209736766,833
11280209977961,11280209978642,681
11280210219298,11280210220157,859
11280210461336,11280210462040,704
11280210707270,11280210708070,800
11280210948739,11280210949450,711
11280211190814,11280211191652,838
11280211435799,11280211436469,670
11280211678763,11280211679581,818
11280211919466,11280211920140,674
11280212161801,11280212162596,795
11280212408114,11280212408811,697
11280212653480,11280212654295,815
11280212893241,11280212893950,709
11280213135943,11280213136747,804
11280213378994,11280213379695,701
11280213620965,11280213621784,819
11280213860514,11280213861210,696
11280214101310,11280214102139,829
11280214342418,11280214343126,708
11280214582925,11280214583768,843
11280214826831,11280214827496,665
11280215069248,11280215070081,833
11280215313077,11280215313757,680
11280215562301,11280215563160,859
11280215808344,11280215808995,651
11280216051802,11280216052633,831
11280216299335,11280216300001,666
11280216544408,11280216545237,829
11280216785683,11280216786346,663
11280217031652,11280217032480,828
11280217308653,11280217309349,696
11280217555797,11280217556674,877
11280217799123,11280217799836,713
11280218045991,11280218046816,825
11280218287776,11280218288468,692
11280218532606,11280218533447,841
11280218774850,11280218775569,719
11280219033630,11280219034454,824
11280219279646,11280219280327,681
11280219525209,11280219526041,832
11280219780181,11280219780857,676
11280220024570,11280220025404,834
11280220296383,11280220297091,708
11280220541910,11280220542746,836
11280220784354,11280220785034,680
11280221027586,11280221028430,844
11280221269761,11280221270451,690
11280221512097,11280221512952,855
11280221751961,11280221752656,695
11280221994142,11280221994976,834
11280222246513,11280222247223,710
11280222490869,11280222491699,830
11280222734316,11280222735005,689
11280222982926,11280222983780,854
11280223226340,11280223227002,662
11280223469838,11280223470677,839
11280223731646,11280223732328,682
11280223978502,11280223979329,827
11280224217970,11280224218648,678
11280224458867,11280224459669,802
11280224700928,11280224701577,649
11280224943032,11280224943817,785
11280225189867,11280225190523,656
11280225431942,11280225432735,793
11280225677041,11280225677714,673
11280225922990,11280225923796,806
11280226167896,11280226168612,716
11280226412587,11280226413385,798
11280226654507,11280226655138,631
11280226899340,11280226900133,793
11280227139045,11280227139708,663
11280227381693,11280227382502,809
11280227627164,11280227627815,651
11280227868830,11280227869611,781
11280228110775,11280228111407,632
11280228352725,11280228353579,854
11280228593509,11280228594180,671
11280228836203,11280228837048,845
11280229080268,11280229080961,693
11280229324755,11280229325562,807
11280229571045,11280229571694,649
11280229829141,11280229829942,801
11280230070033,11280230070699,666
11280230314960,11280230315782,822
11280230556525,11280230557186,661
11280230798344,11280230799150,806
11280231039576,11280231040237,661
11280231281593,11280231282424,831
11280231521450,11280231522112,662
11280231767992,11280231768817,825
11280232005783,11280232006468,685
11280232260538,11280232261372,834
11280232558899,11280232559557,658
11280232804185,11280232804992,807
11280233045692,11280233046406,714
11280233290399,11280233291252,853
11280233528950,11280233529664,714
11280233770192,11280233770993,801
11280234014779,11280234015464,685
11280234257000,11280234257818,818
11280234497379,11280234498048,669
11280234741954,11280234742805,851
11280234984299,11280234984990,691
11280235224995,11280235225814,819
11280235464212,11280235464915,703
11280235711771,11280235712614,843
11280235955760,11280235956458,698
11280236194848,11280236195688,840
11280236436919,11280236437662,743
11280236679993,11280236680846,853
11280236918889,11280236919549,660
11280237162410,11280237163221,811
11280237403342,11280237404019,677
11280237646602,11280237647430,828
11280237888487,11280237889160,673
11280238135804,11280238136609,805
11280238373648,11280238374380,732
11280238616080,11280238616886,806
11280238855978,11280238856701,723
11280239107544,11280239108430,886
11280239351534,11280239352217,683
11280239596884,11280239597728,844
11280239837299,11280239837981,682
11280240080822,11280240081630,808
11280240324729,11280240325416,687
11280240566138,11280240567008,870
11280240806021,11280240806722,701
11280241049903,11280241050740,837
11280241289953,11280241290627,674
11280241535238,11280241536076,838
11280241776085,11280241776756,671
11280242016949,11280242017769,820
11280242263586,11280242264297,711
11280242511090,11280242511950,860
11280242753825,11280242754513,688
11280242998406,11280242999278,872
11280243242446,11280243243150,704
11280243488394,11280243489226,832
11280243730400,11280243731082,682
11280243972446,11280243973330,884
11280244213948,11280244214657,709
11280244457676,11280244458566,890
11280244703183,11280244703855,672
11280244947775,11280244948619,844
11280245189575,11280245190251,676
11280245433325,11280245434141,816
11280245682457,11280245683161,704
11280245928580,11280245929417,837
11280246169712,11280246170417,705
11280246413208,11280246414030,822
11280246653280,11280246653943,663
11280246898160,11280246898985,825
11280247138518,11280247139218,700
11280247381709,11280247382556,847
11280247622307,11280247622978,671
11280247862345,11280247863167,822
11280248106640,11280248107318,678
11280248350280,11280248351161,881
11280248588815,11280248589499,684
11280248832154,11280248832974,820
11280249082145,11280249082848,703
11280249326438,11280249327272,834
11280249569993,11280249570673,680
11280249811688,11280249812523,835
11280250053249,11280250053938,689
11280250300688,11280250301530,842
11280250540541,11280250541244,703
11280250783115,11280250783964,849
11280251026631,11280251027300,669
11280251270835,11280251271685,850
11280251512879,11280251513551,672
11280251756071,11280251756898,827
11280251992031,11280251992705,674
11280252254086,11280252254953,867
11280252496205,11280252496923,718
11280252738612,11280252739442,830
11280252981507,11280252982204,697
11280253226792,11280253227638,846
11280253469358,11280253470050,692
11280253712396,11280253713240,844
11280253954880,11280253955572,692
11280254196736,11280254197557,821
11280254440929,11280254441625,696
11280254681229,11280254682086,857
11280254926722,11280254927399,677
11280255171611,11280255172469,858
11280255411781,11280255412478,697
11280255721117,11280255721974,857
11280255974245,11280255974916,671
11280256252510,11280256253374,864
11280256502363,11280256503087,724
11280256754835,11280256755794,959
11280257007136,11280257007842,706
11280257263680,11280257264545,865
11280257540428,11280257541179,751
11280257802086,11280257802974,888
11280258051599,11280258052326,727
11280258300735,11280258301590,855
11280258544467,11280258545163,696
11280258793363,11280258794224,861
11280259066606,11280259067334,728
11280259322703,11280259323600,897
11280259569513,11280259570232,719
11280259817905,11280259818758,853
11280260060528,11280260061226,698
11280260307307,11280260308140,833
11280260546522,11280260547167,645
11280260790745,11280260791596,851
11280261037020,11280261037703,683
11280261282078,11280261282919,841
11280261525234,11280261525939,705
11280261770387,11280261771237,850
11280262011445,11280262012134,689
11280262270710,11280262271550,840
11280262520019,11280262520736,717
11280262766965,11280262767783,818
11280263010446,11280263011115,669
11280263255422,11280263256271,849
11280263503897,11280263504570,673
11280263747043,11280263747897,854
11280263991885,11280263992555,670
11280264252602,11280264253411,809
11280264494695,11280264495368,673
11280264741361,11280264742191,830
11280264984818,11280264985500,682
11280265228875,11280265229711,836
11280265485629,11280265486299,670
11280265740531,11280265741378,847
11280265983568,11280265984238,670
11280266227208,11280266228026,818
11280266468127,11280266468816,689
11280266715217,11280266716043,826
11280266961646,11280266962296,650
11280267205834,11280267206677,843
11280267446155,11280267446811,656
11280267688380,11280267689215,835
11280267934589,11280267935306,717
11280268180975,11280268181827,852
11280268423591,11280268424302,711
11280268666551,11280268667413,862
11280268923524,11280268924179,655
11280269168399,11280269169253,854
11280269414273,11280269414990,717
11280269665969,11280269666809,840
11280269913444,11280269914117,673
11280270159518,11280270160343,825
11280270414134,11280270414840,706
11280270657003,11280270657837,834
11280270902038,11280270902710,672
11280271150539,11280271151384,845
11280271392523,11280271393226,703
11280271636816,11280271637655,839
11280271879787,11280271880489,702
11280272121912,11280272122752,840
11280272375565,11280272376257,692
11280272621026,11280272621857,831
11280272862460,11280272863161,701
11280273106534,11280273107382,848
11280273355900,11280273356576,676
11280273601292,11280273602178,886
11280273842856,11280273843550,694
11280274089458,11280274090334,876
11280274341967,11280274342639,672
11280274586639,11280274587517,878
11280274835972,11280274836647,675
11280275078486,11280275079297,811
11280275323052,11280275323765,713
11280275576831,11280275577680,849
11280275823697,11280275824399,702
11280276069608,11280276070466,858
11280276317871,11280276318610,739
11280276561207,11280276562055,848
11280276810576,11280276811306,730
11280277055858,11280277056737,879
11280277300062,11280277300791,729
11280277543278,11280277544180,902
11280277787597,11280277788278,681
11280278031371,11280278032214,843
11280278272169,11280278272901,732
11280278515838,11280278516693,855
11280278760992,11280278761690,698
11280279013787,11280279014639,852
11280279259384,11280279260116,732
11280279577387,11280279578253,866
11280279824032,11280279824747,715
11280280071675,11280280072554,879
11280280314624,11280280315329,705
11280280560143,11280280560989,846
11280280801944,11280280802625,681
11280281046135,11280281046975,840
11280281290414,11280281291099,685
11280281532621,11280281533425,804
11280281775062,11280281775769,707
11280282018080,11280282018957,877
11280282271887,11280282272538,651
11280282518298,11280282519107,809
11280282762414,11280282763062,648
11280283005166,11280283006006,840
11280283251348,11280283252050,702
11280283495462,11280283496290,828
11280283738162,11280283738854,692
11280283981200,11280283982045,845
11280284221553,11280284222259,706
11280284464362,11280284465165,803
11280284708122,11280284708801,679
11280284951344,11280284952174,830
11280285193888,11280285194520,632
11280285439358,11280285440191,833
11280285712494,11280285713184,690
11280285959786,11280285960622,836
11280286203414,11280286204057,643
11280286446718,11280286447532,814
11280286693214,11280286693892,678
11280286940168,11280286941026,858
11280287180681,11280287181362,681
11280287426823,11280287427667,844
11280287671658,11280287672355,697
11280287915976,11280287916826,850
11280288157210,11280288157824,614
11280288399237,11280288400080,843
11280288644716,11280288645425,709
11280288896777,11280288897650,873
11280289140137,11280289140844,707
11280289388330,11280289389196,866
11280289634573,11280289635300,727
11280289881038,11280289881916,878
11280290124111,11280290124817,706
11280290382419,11280290383242,823
11280290628151,11280290628813,662
11280290872283,11280290873115,832
11280291114502,11280291115214,712
11280291358927,11280291359745,818
11280291600199,11280291600888,689
11280291842967,11280291843797,830
11280292086346,11280292087152,806
11280292338792,11280292339590,798
11280292583867,11280292584540,673
11280292827774,11280292828604,830
11280293069334,11280293070035,701
11280293316629,11280293317455,826
11280293559709,11280293560369,660
11280293803718,11280293804529,811
11280294046959,11280294047631,672
11280294296449,11280294297269,820
11280294536833,11280294537483,650
11280294781377,11280294782158,781
11280295023868,11280295024508,640
11280295293822,11280295294624,802
11280295548289,11280295549116,827
11280295796654,11280295797505,851
11280296043011,11280296043670,659
11280296285401,11280296286212,811
11280296527996,11280296528671,675
11280296771399,11280296772203,804
11280297012425,11280297013125,700
11280297258610,11280297259412,802
11280297498664,11280297499298,634
11280297738220,11280297739053,833
11280297979232,11280297979882,650
11280298225623,11280298226484,861
11280298466023,11280298466694,671
11280298708928,11280298709777,849
11280298958485,11280298959167,682
11280299209254,11280299210077,823
11280299451803,11280299452467,664
11280299694180,11280299695013,833
11280299934333,11280299935022,689
11280300181960,11280300182789,829
11280300424307,11280300424964,657
11280300667121,11280300667943,822
11280300907035,11280300907698,663
11280301152842,11280301153615,773
11280301392155,11280301392844,689
11280301632948,11280301633795,847
11280301873534,11280301874221,687
11280302174105,11280302174918,813
11280302431976,11280302432701,725
11280302675341,11280302676147,806
11280302919387,11280302920045,658
11280303163341,11280303164159,818
11280303407750,11280303408391,641
11280303650053,11280303650871,818
11280303893423,11280303894119,696
11280304135788,11280304136635,847
11280304376280,11280304376969,689
11280304620165,11280304620976,811
11280304862244,11280304862951,707
11280305105460,11280305106295,835
11280305346481,11280305347122,641
11280305598273,11280305599084,811
11280305844592,11280305845240,648
11280306087689,11280306088519,830
11280306327941,11280306328624,683
11280306573112,11280306573959,847
11280306826318,11280306826987,669
11280307071364,11280307072210,846
11280307318820,11280307319502,682
11280307564633,11280307565445,812
11280307803886,11280307804571,685
11280308046569,11280308047401,832
11280308295128,11280308295783,655
11280308536822,11280308537653,831
11280308778752,11280308779419,667
11280309031775,11280309032604,829
11280309277993,11280309278674,681
11280309522135,11280309522982,847
11280309763080,11280309763773,693
11280310006942,11280310007759,817
11280310253421,11280310254134,713
11280310495040,11280310495877,837
11280310737478,11280310738175,697
11280310982104,11280310982946,842
11280311226480,11280311227144,664
11280311467427,11280311468224,797
11280311710210,11280311710878,668
11280311953846,11280311954664,818
11280312195518,11280312196185,667
11280312450899,11280312451755,856
11280312692467,11280312693152,685
11280312940128,11280312940987,859
11280313180477,11280313181174,697
11280313427436,11280313428259,823
11280313670523,11280313671201,678
11280313914070,11280313914901,831
11280314160935,11280314161612,677
11280314408344,11280314409225,881
11280314648802,11280314649497,695
11280314891742,11280314892580,838
11280315133409,11280315134122,713
11280315379252,11280315380067,815
11280315631714,11280315632431,717
11280315878290,11280315879150,860
11280316123845,11280316124552,707
11280316370487,11280316371336,849
11280316615089,11280316615774,685
11280316859555,11280316860402,847
11280317101339,11280317102015,676
11280317344428,11280317345274,846
11280317585160,11280317585922,762
11280317830515,11280317831350,835
11280318074466,11280318075154,688
11280318318475,11280318319337,862
11280318558834,11280318559521,687
11280318810134,11280318810982,848
11280319058268,11280319058920,652
11280319301777,11280319302634,857
11280319543992,11280319544696,704
11280319788042,11280319788844,802
11280320032898,11280320033614,716
11280320276118,11280320276962,844
11280320517943,11280320518619,676
11280320761627,11280320762475,848
11280321007947,11280321008636,689
11280321252526,11280321253380,854
11280321494476,11280321495180,704
11280321738901,11280321739725,824
11280321981974,11280321982644,670
11280322232431,11280322233261,830
11280322479145,11280322479795,650
11280322726955,11280322727819,864
11280322969219,11280322969904,685
11280323216281,11280323217132,851
11280323460155,11280323460824,669
11280323703931,11280323704778,847
11280323944504,11280323945210,706
11280324190572,11280324191412,840
11280324432228,11280324432942,714
11280324674084,11280324674922,838
11280324915158,11280324915871,713
11280325158482,11280325159324,842
11280325402596,11280325403311,715
11280325712991,11280325713847,856
11280325956661,11280325957331,670
11280326200620,11280326201481,861
11280326441857,11280326442487,630
11280326691515,11280326692377,862
11280326935595,11280326936290,695
11280327185667,11280327186507,840
11280327427494,11280327428180,686
11280327673099,11280327673941,842
11280327912236,11280327912954,718
11280328156444,11280328157266,822
11280328402328,11280328403035,707
11280328648330,11280328649167,837
11280328901010,11280328901687,677
11280329145297,11280329146117,820
11280329388935,11280329389620,685
11280329636027,11280329636860,833
11280329881571,11280329882263,692
11280330123034,11280330123868,834
11280330367391,11280330368093,702
11280330611147,11280330611944,797
11280330855024,11280330855731,707
11280331098053,11280331098914,861
11280331338546,11280331339249,703
11280331580944,11280331581806,862
11280331822493,11280331823220,727
11280332068824,11280332069688,864
11280332319592,11280332320274,682
11280332567412,11280332568243,831
11280332808185,11280332808865,680
11280333055538,11280333056374,836
11280333299033,11280333299715,682
11280333542312,11280333543172,860
11280333786396,11280333787072,676
11280334039005,11280334039840,835
11280334286418,11280334287123,705
11280334530968,11280334531797,829
11280334771353,11280334772024,671
11280335015793,11280335016602,809
11280335262424,11280335263114,690
11280335502710,11280335503543,833
11280335749464,11280335750115,651
11280335994729,11280335995560,831
11280336239310,11280336240015,705
11280336481502,11280336482290,788
11280336724308,11280336724991,683
11280336966638,11280336967471,833
11280337221858,11280337222535,677
11280337467345,11280337468199,854
11280337708514,11280337709178,664
11280337950931,11280337951775,844
11280338193868,11280338194501,633
11280338523055,11280338523891,836
11280338770103,11280338770802,699
11280339020282,11280339021102,820
11280339264233,11280339264929,696
11280339518554,11280339519390,836
11280339758818,11280339759475,657
11280339999904,11280340001734,1830
11280340249855,11280340250525,670
11280340493157,11280340493953,796
11280340737369,11280340738055,686
11280340982703,11280340983558,855
11280341224742,11280341225408,666
11280341470694,11280341471529,835
11280341712008,11280341712682,674
11280341956056,11280341956884,828
11280342200942,11280342201634,692
11280342456817,11280342457671,854
11280342700842,11280342701517,675
11280342946548,11280342947380,832
11280343192607,11280343193302,695
11280343440112,11280343440989,877
11280343685044,11280343685761,717
11280343930109,11280343930911,802
11280344173015,11280344173693,678
11280344414891,11280344415754,863
11280344659245,11280344659962,717
11280344905441,11280344906273,832
11280345148883,11280345149545,662
11280345389808,11280345390619,811
11280345641029,11280345641726,697
11280345889855,11280345890710,855
11280346135311,11280346136004,693
11280346378908,11280346379810,902
11280346622070,11280346622761,691
11280346867398,11280346868262,864
11280347111225,11280347111929,704
11280347355956,11280347356785,829
11280347598684,11280347599358,674
11280347900222,11280347901069,847
11280348147175,11280348147842,667
11280348395708,11280348396530,822
11280348637049,11280348637739,690
11280348888476,11280348889324,848
11280349134840,11280349135532,692
11280349388394,11280349389248,854
11280349634070,11280349634769,699
11280349877818,11280349878658,840
11280350120378,11280350121050,672
11280350366888,11280350367747,859
11280350609824,11280350610490,666
11280350850358,11280350851202,844
11280351095785,11280351096447,662
11280351339408,11280351340255,847
11280351581214,11280351581911,697
11280351824531,11280351825365,834
11280352066385,11280352067065,680
11280352318036,11280352318905,869
11280352566077,11280352566789,712
11280352810712,11280352811608,896
11280353055580,11280353056290,710
11280353302030,11280353302867,837
11280353544795,11280353545457,662
11280353789338,11280353790215,877
11280354030906,11280354031585,679
11280354273058,11280354273848,790
11280354516235,11280354516923,688
11280354761939,11280354762795,856
11280355006167,11280355006858,691
11280355250822,11280355251679,857
11280355492373,11280355493055,682
11280355741900,11280355742734,834
11280355991080,11280355991780,700
11280356233507,11280356234350,843
11280356475706,11280356476401,695
11280356720633,11280356721440,807
11280356963589,11280356964254,665
11280357205651,11280357206457,806
11280357447633,11280357448310,677
11280357691704,11280357692521,817
11280357934452,11280357935155,703
11280358177454,11280358178324,870
11280358419266,11280358419943,677
11280358660092,11280358660957,865
11280358912233,11280358912916,683
11280359169354,11280359170160,806
11280359419110,11280359419802,692
11280359664460,11280359665313,853
11280359909066,11280359909740,674
11280360156158,11280360156978,820
11280360398174,11280360398823,649
11280360640454,11280360641282,828
11280360882184,11280360882881,697
11280361130084,11280361130884,800
11280361381426,11280361382082,656
11280361622310,11280361623108,798
11280361865290,11280361865971,681
11280362108344,11280362109171,827
11280362359735,11280362360415,680
11280362604945,11280362605749,804
11280362849285,11280362849974,689
11280363093087,11280363093925,838
11280363359855,11280363360550,695
11280363607267,11280363608092,825
11280363850993,11280363851698,705
11280364091649,11280364092484,835
11280364339008,11280364339706,698
11280364606557,11280364607377,820
11280364851430,11280364853255,1825
11280365093381,11280365094228,847
11280365334593,11280365335336,743
11280365584254,11280365585083,829
11280365829208,11280365829898,690
11280366074229,11280366075031,802
11280366318911,11280366319608,697
11280366563494,11280366564342,848
11280366804797,11280366805502,705
11280367047673,11280367048471,798
11280367293626,11280367294400,774
11280367535704,11280367536561,857
11280367778983,11280367779698,715
11280368025436,11280368026248,812
11280368266951,11280368267611,660
11280368514483,11280368515348,865
11280368753927,11280368754628,701
11280369003733,11280369004574,841
11280369248184,11280369248851,667
11280369493540,11280369494357,817
11280369736453,11280369737143,690
11280369978320,11280369979167,847
11280370221943,11280370222632,689
11280370465862,11280370466714,852
11280370707285,11280370707943,658
11280371006718,11280371007586,868
11280371246981,11280371247645,664
11280371489708,11280371490513,805
11280371732672,11280371733351,679
11280371975004,11280371975857,853
11280372221669,11280372222345,676
11280372467874,11280372468748,874
11280372712109,11280372712821,712
11280372956317,11280372957141,824
11280373197269,11280373197943,674
11280373442156,11280373443006,850
11280373683530,11280373684232,702
11280373930162,11280373931020,858
11280374169171,11280374169852,681
11280374415071,11280374415851,780
11280374655722,11280374656422,700
11280374897524,11280374898356,832
11280375137629,11280375138337,708
11280375381044,11280375381868,824
11280375630729,11280375631409,680
11280375878123,11280375878943,820
11280376163660,11280376164346,686
11280376422518,11280376423402,884
11280376670265,11280376670920,655
11280376915976,11280376916843,867
11280377169420,11280377170121,701
11280377412501,11280377413338,837
11280377682137,11280377683073,936
11280377955846,11280377956722,876
11280378206887,11280378207640,753
11280378463673,11280378464569,896
11280378706029,11280378706751,722
11280378963066,11280378963925,859
11280379221556,11280379222247,691
11280379466223,11280379467047,824
11280379711968,11280379712657,689
11280379957978,11280379958794,816
11280380208515,11280380209204,689
11280380455610,11280380456402,792
11280380695538,11280380696203,665
11280380939341,11280380940181,840
11280381177662,11280381178365,703
11280381446655,11280381447473,818
11280381692053,11280381692762,709
11280381934621,11280381935448,827
11280382172088,11280382172800,712
11280382426202,11280382427063,861
11280382670122,11280382670865,743
11280382918641,11280382919544,903
11280383166769,11280383167508,739
11280383420463,11280383421389,926
11280383664449,11280383665164,715
11280383911058,11280383911938,880
11280384153440,11280384154133,693
11280384401575,11280384402448,873
11280384644074,11280384644809,735
11280384885642,11280384886463,821
11280385126653,11280385127329,676
11280385371867,11280385372726,859
11280385624154,11280385624886,732
11280385868491,11280385869344,853
11280386116143,11280386116827,684
11280386368406,11280386369265,859
11280386609848,11280386610561,713
11280386858030,11280386858890,860
11280387103596,11280387104290,694
11280387347800,11280387348648,848
11280387586697,11280387587391,694
11280387829733,11280387830597,864
11280388070443,11280388071117,674
11280388333290,11280388334138,848
11280388584962,11280388585627,665
11280388829568,11280388830388,820
11280389073662,11280389074378,716
11280389324923,11280389325762,839
11280389568573,11280389569298,725
11280389813690,11280389814528,838
11280390057190,11280390057879,689
11280390333054,11280390333928,874
11280390576120,11280390576794,674
11280390819227,11280390820126,899
11280391064779,11280391065465,686
11280391306164,11280391307007,843
11280391550136,11280391550846,710
11280391793089,11280391793948,859
11280392032613,11280392033323,710
11280392300807,11280392301660,853
11280392545540,11280392546214,674
11280392790594,11280392791445,851
11280393032041,11280393032730,689
11280393279675,11280393280512,837
11280393520067,11280393520746,679
11280393764834,11280393765659,825
11280394004742,11280394005480,738
11280394247880,11280394248734,854
11280394487559,11280394488262,703
11280394786100,11280394786955,855
11280395031331,11280395032008,677
11280395276079,11280395276951,872
11280395520300,11280395520960,660
11280395770479,11280395771354,875
11280396015163,11280396015835,672
11280396261554,11280396262381,827
11280396518382,11280396519054,672
11280396762957,11280396763782,825
11280397010848,11280397011519,671
11280397260731,11280397261586,855
11280397501867,11280397502533,666
11280397745050,11280397745880,830
11280397985755,11280397986433,678
11280398231094,11280398231942,848
11280398472363,11280398473050,687
11280398713721,11280398714548,827
11280398966835,11280398967570,735
11280399216060,11280399216924,864
11280399460226,11280399460948,722
11280399717353,11280399718221,868
11280399966103,11280399966802,699
11280400215650,11280400216492,842
11280400461632,11280400462348,716
11280400705725,11280400706593,868
11280400945872,11280400946589,717
11280401196021,11280401196820,799
11280401440411,11280401441094,683
11280401682485,11280401683353,868
11280401925187,11280401925870,683
11280402170378,11280402171246,868
11280402432499,11280402433205,706
11280402680666,11280402681554,888
11280402922855,11280402923536,681
11280403167050,11280403167900,850
11280403411357,11280403412075,718
11280403657676,11280403658544,868
11280403902813,11280403903494,681
11280404147226,11280404148084,858
11280404391156,11280404391853,697
11280404631922,11280404632739,817
11280404875219,11280404875886,667
11280405115712,11280405116569,857
11280405359049,11280405359711,662
11280405610170,11280405611033,863
11280405857545,11280405858230,685
11280406103946,11280406104784,838
11280406346578,11280406347271,693
11280406589292,11280406590110,818
11280406837354,11280406838090,736
11280407081415,11280407082238,823
11280407336227,11280407336895,668
11280407578777,11280407579627,850
11280407819404,11280407820128,724
11280408065404,11280408066232,828
11280408313753,11280408314437,684
11280408556084,11280408556909,825
11280408797967,11280408798677,710
11280409050215,11280409051072,857
11280409308736,11280409309413,677
11280409554464,11280409555299,835
11280409798345,11280409799042,697
11280410039399,11280410040208,809
11280410284465,11280410285153,688
11280410527334,11280410528184,850
11280410770349,11280410771046,697
11280411010964,11280411011830,866
11280411257976,11280411258684,708
11280411498068,11280411498931,863
11280411737923,11280411738655,732
11280411980496,11280411981347,851
11280412231509,11280412232229,720
11280412480857,11280412481721,864
11280412725622,11280412726363,741
11280412969643,11280412970506,863
11280413213261,11280413213963,702
11280413458718,11280413459588,870
11280413703841,11280413704531,690
11280413949306,11280413950142,836
11280414189345,11280414190076,731
11280414430648,11280414431516,868
11280414680869,11280414681596,727
11280414923764,11280414924615,851
11280415163626,11280415164325,699
11280415432076,11280415432918,842
11280415682967,11280415683688,721
11280415938062,11280415938893,831
11280416208909,11280416209609,700
11280416455675,11280416456484,809
11280416699815,11280416700503,688
11280416948362,11280416949191,829
11280417190517,11280417191189,672
11280417449217,11280417450036,819
11280417693124,11280417693807,683
11280417937783,11280417938652,869
11280418179445,11280418180161,716
11280418486356,11280418487221,865
11280418735088,11280418735806,718
11280418989653,11280418990508,855
11280419235551,11280419236237,686
11280419482242,11280419483086,844
11280419727528,11280419728199,671
11280419971826,11280419972685,859
11280420228173,11280420228854,681
11280420473823,11280420474659,836
11280420717781,11280420718483,702
11280420959911,11280420960733,822
11280421202866,11280421203586,720
11280421447717,11280421448568,851
11280421689490,11280421690183,693
11280421931141,11280421932009,868
11280422171797,11280422172497,700
11280422424060,11280422424906,846
11280422667728,11280422668410,682
11280422911055,11280422911875,820
11280423151073,11280423151747,674
11280423397329,11280423398176,847
11280423638577,11280423639268,691
11280423881274,11280423882100,826
11280424123907,11280424124592,685
11280424364345,11280424365156,811
11280424608603,11280424609274,671
11280424852976,11280424853805,829
11280425095933,11280425096628,695
11280425335666,11280425336499,833
11280425588079,11280425588777,698
11280425832321,11280425833181,860
11280426076086,11280426076784,698
11280426320721,11280426321546,825
11280426567298,11280426568028,730
11280426811143,11280426811989,846
11280427054249,11280427054943,694
11280427298550,11280427299382,832
11280427539033,11280427539730,697
11280427784843,11280427785639,796
11280428025316,11280428025997,681
11280428268547,11280428269365,818
11280428511923,11280428512618,695
11280428754793,11280428755632,839
11280429005432,11280429006155,723
11280429252227,11280429253049,822
11280429496255,11280429496963,708
11280429738828,11280429739613,785
11280429984036,11280429984753,717
11280430228426,11280430229255,829
11280430470716,11280430471382,666
11280430713386,11280430714216,830
11280430954087,11280430954769,682
11280431198861,11280431199695,834
11280431458479,11280431459171,692
11280431699021,11280431699868,847
11280431942749,11280431943465,716
11280432205115,11280432211833,6718
11280432458710,11280432459416,706
11280432705964,11280432706802,838
11280432948651,11280432949385,734
11280433194916,11280433195798,882
11280433440014,11280433440694,680
11280433683172,11280433683994,822
11280433927216,11280433927908,692
11280434173288,11280434174138,850
11280434442604,11280434443310,706
11280434692417,11280434693288,871
11280434932789,11280434933475,686
11280435177571,11280435178374,803
11280435418830,11280435419502,672
11280435669962,11280435670833,871
11280435913044,11280435913692,648
11280436157381,11280436158193,812
11280436401075,11280436401793,718
11280436647367,11280436648233,866
11280436890580,11280436891256,676
11280437137382,11280437139294,1912
11280437380320,11280437381057,737
11280437623805,11280437624677,872
11280437864285,11280437865986,1701
11280438107764,11280438108625,861
11280438350382,11280438351069,687
11280438592255,11280438593088,833
11280438833536,11280438834212,676
11280439079668,11280439080553,885
11280439324977,11280439325657,680
11280439565038,11280439565884,846
11280439805685,11280439806458,773
11280440046095,11280440046968,873
11280440292551,11280440293246,695
11280440531902,11280440532771,869
11280440773268,11280440773948,680
11280441015901,11280441016754,853
11280441257490,11280441258210,720
11280441500151,11280441500983,832
11280441801330,11280441802006,676
11280442049436,11280442050289,853
11280442297043,11280442297741,698
11280442543447,11280442544297,850
11280442782829,11280442783536,707
11280443025020,11280443025855,835
11280443273039,11280443273734,695
11280443518459,11280443519329,870
11280443765143,11280443765851,708
11280444017887,11280444018715,828
11280444273737,11280444274460,723
11280444514406,11280444515268,862
11280444759223,11280444759926,703
11280445000787,11280445001588,801
11280445241713,11280445242376,663
11280445485478,11280445486352,874
11280445747270,11280445747929,659
11280445997923,11280445998756,833
11280446240919,11280446241699,780
11280446483048,11280446483909,861
11280446726247,11280446726974,727
11280446970860,11280446971693,833
11280447217642,11280447218413,771
11280447461473,11280447462363,890
11280447702301,11280447703012,711
11280447950819,11280447951642,823
11280448193831,11280448194513,682
11280448435709,11280448436511,802
11280448675843,11280448676530,687
11280448933215,11280448934082,867
11280449180562,11280449181269,707
11280449424420,11280449425256,836
11280449673086,11280449673775,689
11280449920203,11280449920989,786
11280450165873,11280450166574,701
11280450407252,11280450408039,787
11280450647400,11280450648136,736
11280450892764,11280450893622,858
11280451133756,11280451134444,688
11280451384785,11280451385576,791
11280451625084,11280451625740,656
11280451870875,11280451871711,836
11280452112743,11280452113425,682
11280452374856,11280452375689,833
11280452645458,11280452646112,654
11280452870794,11280452871542,748
11280453092324,11280453092964,640
11280453315677,11280453316408,731
11280453540909,11280453541557,648
11280453765026,11280453765785,759
11280453987793,11280453988418,625
11280454290611,11280454291379,768
11280454519702,11280454520277,575
11280454742014,11280454742761,747
11280454960591,11280454961193,602
11280455183681,11280455184448,767
11280455405248,11280455405885,637
11280455680904,11280455681775,871
11280455951071,11280455951708,637
11280456174676,11280456175449,773
11280456397292,11280456397900,608
11280456623148,11280456623882,734
11280456845662,11280456846290,628
11280457116591,11280457117387,796
11280457384630,11280457385263,633
11280457608628,11280457609388,760
11280457829924,11280457830536,612
11280458052824,11280458053562,738
11280458272206,11280458272806,600
11280458493982,11280458494689,707
11280458718675,11280458719304,629
11280458989931,11280458990788,857
11280459237109,11280459237795,686
11280459504152,11280459504922,770
11280459729634,11280459730299,665
11280459951421,11280459952201,780
11280460173843,11280460174439,596
11280460397253,11280460398030,777
11280460618558,11280460619169,611
11280460842041,11280460842781,740
11280461060797,11280461061421,624
11280461283807,11280461284542,735
11280461502894,11280461503515,621
11280461726679,11280461727414,735
11280461949892,11280461950532,640
11280462172197,11280462172948,751
11280462471652,11280462472267,615
11280462695470,11280462696257,787
11280462917864,11280462918485,621
11280463139707,11280463140489,782
11280463359957,11280463360598,641
11280463581829,11280463582558,729
11280463804469,11280463805098,629
11280464102243,11280464102971,728
11280464322216,11280464322836,620
11280464542962,11280464543754,792
11280464762983,11280464763596,613
11280465040909,11280465041671,762
11280465261320,11280465261961,641
11280465482583,11280465483366,783
11280465797298,11280465797919,621
11280466027986,11280466028748,762
11280466249701,11280466250357,656
11280466471371,11280466472107,736
11280466692243,11280466692842,599
11280466913378,11280466914139,761
11280467136797,11280467137452,655
11280467360422,11280467361171,749
11280467580264,11280467580894,630
11280467801151,11280467801883,732
11280468022685,11280468023300,615
11280468244907,11280468245665,758
11280468463764,11280468464392,628
11280468686546,11280468687295,749
11280468960153,11280468960825,672
11280469221394,11280469222173,779
11280469452669,11280469453318,649
11280469674476,11280469675227,751
11280469896699,11280469897347,648
11280470121652,11280470122429,777
11280470382739,11280470383417,678
11280470657802,11280470658567,765
11280470878909,11280470879553,644
11280471099922,11280471100683,761
11280471320870,11280471321503,633
11280471543730,11280471544515,785
11280471762805,11280471763456,651
11280471982336,11280471983072,736
11280472219729,11280472220385,656
11280472500074,11280472500917,843
11280472744120,11280472744761,641
11280472988717,11280472989610,893
11280473236449,11280473237104,655
11280473478854,11280473479654,800
11280473724620,11280473725305,685
11280473976719,11280473977548,829
11280474246219,11280474246857,638
11280474473090,11280474473841,751
11280474695115,11280474695742,627
11280474919023,11280474919792,769
11280475141418,11280475142046,628
11280475365098,11280475365845,747
11280475639055,11280475639758,703
11280475901980,11280475902731,751
11280476125009,11280476125611,602
11280476351442,11280476352185,743
11280476575615,11280476576255,640
11280476800912,11280476801663,751
11280477022668,11280477023319,651
11280477245106,11280477245863,757
11280477469564,11280477470187,623
11280477694058,11280477694802,744
11280477917213,11280477917841,628
11280478138423,11280478139162,739
11280478359116,11280478359747,631
11280478609848,11280478610606,758
11280478898009,11280478898693,684
11280479174963,11280479175754,791
11280479404421,11280479405085,664
11280479638864,11280479639647,783
11280479870241,11280479870897,656
11280480100068,11280480100890,822
11280480330782,11280480331444,662
11280480559267,11280480560065,798
11280480864524,11280480865186,662
11280481100269,11280481101061,792
11280481326551,11280481327174,623
11280481555308,11280481556128,820
11280481782961,11280481783626,665
11280482012248,11280482013029,781
11280482283348,11280482284058,710
11280482554726,11280482555500,774
11280482787260,11280482787888,628
11280483017092,11280483017903,811
11280483242149,11280483242806,657
11280483472526,11280483473313,787
11280483701449,11280483702097,648
11280483930435,11280483931255,820
11280484157287,11280484157946,659
11280484383885,11280484384681,796
11280484616285,11280484616948,663
11280484844618,11280484845420,802
11280485071864,11280485072533,669
11280485343950,11280485344834,884
11280485627572,11280485628198,626
11280485857577,11280485858354,777
11280486089953,11280486090619,666
11280486319563,11280486320373,810
11280486547866,11280486548518,652
11280486778336,11280486779079,743
11280487008671,11280487009290,619
11280487239555,11280487240344,789
11280487468605,11280487469278,673
11280487753164,11280487753963,799
11280487980935,11280487981589,654
11280488214771,11280488215554,783
11280488443037,11280488443680,643
11280488670871,11280488671646,775
11280488943321,11280488943977,656
11280489213873,11280489214639,766
11280489443825,11280489444498,673
11280489679913,11280489680746,833
11280489908214,11280489908997,783
11280490139480,11280490140287,807
11280490379555,11280490380226,671
11280490607574,11280490608342,768
11280490833108,11280490833766,658
11280491062852,11280491063676,824
11280491292074,11280491292766,692
11280491519213,11280491520010,797
11280491744461,11280491745111,650
11280492009787,11280492010630,843
11280492299143,11280492299809,666
11280492532648,11280492533459,811
11280492760647,11280492761301,654
11280492991845,11280492992626,781
11280493221562,11280493222221,659
11280493455854,11280493456615,761
11280493682825,11280493683476,651
11280493910367,11280493911153,786
11280494209718,11280494210395,677
11280494439975,11280494440781,806
11280494665974,11280494666646,672
11280494894483,11280494895260,777
11280495126712,11280495127334,622
11280495364227,11280495365004,777
11280495641830,11280495642550,720
11280495920300,11280495921114,814
11280496147428,11280496148053,625
11280496378982,11280496379743,761
11280496608586,11280496609233,647
11280496839741,11280496840545,804
11280497068136,11280497068805,669
11280497296841,11280497297647,806
11280497543129,11280497543795,666
11280497767158,11280497767955,797
11280497989823,11280497990435,612
11280498210548,11280498211368,820
11280498431636,11280498432260,624
11280498680576,11280498681365,789
11280498963578,11280498964279,701
11280499243770,11280499244570,800
11280499495680,11280499496291,611
11280499718404,11280499719163,759
11280499946562,11280499947191,629
11280500171739,11280500172524,785
11280500416467,11280500417102,635
11280500648458,11280500649247,789
11280500875994,11280500876658,664
11280501107158,11280501107961,803
11280501338786,11280501339411,625
11280501568057,11280501568834,777
11280501797654,11280501798259,605
11280502032342,11280502033123,781
11280502344923,11280502345549,626
11280502584070,11280502584856,786
11280502814360,11280502815007,647
11280503046044,11280503046836,792
11280503315069,11280503315799,730
11280503583869,11280503584672,803
11280503813807,11280503814465,658
11280504115499,11280504116280,781
11280504353341,11280504354001,660
11280504581030,11280504581844,814
11280504809501,11280504810174,673
11280505035217,11280505036009,792
11280505264002,11280505264659,657
11280505490490,11280505491308,818
11280505796528,11280505797143,615
11280506025701,11280506026506,805
11280506274170,11280506274843,673
11280506506536,11280506507330,794
11280506734132,11280506734759,627
11280506965714,11280506966499,785
11280507191594,11280507192223,629
11280507460092,11280507460919,827
11280507701126,11280507701810,684
11280507963576,11280507965329,1753
11280508192020,11280508192676,656
11280508418397,11280508419173,776
11280508643398,11280508644060,662
11280508876419,11280508877601,1182
11280509157313,11280509158019,706
11280509405094,11280509405943,849
11280509676019,11280509676609,590
11280509900639,11280509901415,776
11280510121863,11280510122499,636
11280510369729,11280510370466,737
11280510641072,11280510641744,672
11280510870599,11280510871388,789
11280511095345,11280511095985,640
11280511327641,11280511328427,786
11280511553151,11280511553796,645
11280511782130,11280511782900,770
11280512006137,11280512006809,672
11280512282957,11280512283840,883
11280512549586,11280512550245,659
11280512774494,11280512775301,807
11280513000403,11280513001031,628
11280513227068,11280513227855,787
11280513453678,11280513454359,681
11280513683652,11280513684446,794
11280513910464,11280513911152,688
11280514138195,11280514138984,789
11280514364988,11280514365622,634
11280514593290,11280514594084,794
11280514818428,11280514819085,657
11280515047852,11280515048664,812
11280515274647,11280515275304,657
11280515501545,11280515502328,783
11280515805348,11280515805999,651
11280516034705,11280516035505,800
11280516261317,11280516261972,655
11280516529860,11280516530740,880
11280516799156,11280516799852,696
11280517026177,11280517027011,834
11280517252689,11280517253383,694
11280517552850,11280517553651,801
11280517779961,11280517780642,681
11280518007364,11280518008175,811
11280518234689,11280518235390,701
11280518460771,11280518461573,802
11280518689749,11280518690410,661
11280518962780,11280518963681,901
11280519223752,11280519224411,659
11280519454368,11280519455227,859
11280519682733,11280519683396,663
11280519909267,11280519910088,821
11280520135709,11280520136376,667
11280520362038,11280520362859,821
11280520586031,11280520586672,641
11280520818394,11280520819240,846
11280521042487,11280521043171,684
11280521272000,11280521272811,811
11280521497503,11280521498199,696
11280521728372,11280521729220,848
11280521953642,11280521954316,674
11280522179945,11280522180773,828
11280522497518,11280522498196,678
11280522732866,11280522733680,814
11280522960620,11280522961297,677
11280523189847,11280523190664,817
11280523430356,11280523431003,647
11280523659122,11280523659916,794
11280523887983,11280523888669,686
11280524114361,11280524115189,828
11280524338771,11280524339449,678
11280524566129,11280524566930,801
11280524794459,11280524795118,659
11280525019116,11280525019886,770
11280525243246,11280525243919,673
11280525472703,11280525473509,806
11280525776384,11280525777061,677
11280526006033,11280526006815,782
11280526232125,11280526232788,663
11280526459192,11280526460027,835
11280526685601,11280526686283,682
11280526916916,11280526917706,790
11280527143592,11280527144253,661
11280527446382,11280527447178,796
11280527673577,11280527674257,680
11280527901322,11280527902110,788
11280528129707,11280528130358,651
11280528363979,11280528364790,811
11280528625150,11280528625829,679
11280528852144,11280528852958,814
11280529173201,11280529173862,661
11280529405697,11280529406466,769
11280529633276,11280529633945,669
11280529862640,11280529863430,790
11280530090745,11280530091369,624
11280530320912,11280530321723,811
11280530549237,11280530549903,666
11280530777815,11280530778596,781
11280531003740,11280531004409,669
11280531233013,11280531233808,795
11280531460301,11280531460950,649
11280531686417,11280531687190,773
11280531914087,11280531914738,651
11280532142395,11280532143173,778
11280532457640,11280532458291,651
11280532689676,11280532690474,798
11280532916981,11280532917647,666
11280533146247,11280533147054,807
11280533377365,11280533378007,642
11280533607373,11280533608118,745
11280533833794,11280533834439,645
11280534063680,11280534064458,778
11280534289653,11280534290283,630
11280534519894,11280534520676,782
11280534746545,11280534747190,645
11280534974848,11280534975634,786
11280535203106,11280535203771,665
11280535432854,11280535433676,822
11280535739300,11280535739990,690
11280535969918,11280535970728,810
11280536195872,11280536196542,670
11280536428722,11280536429525,803
11280536660469,11280536661129,660
11280536889625,11280536890432,807
11280537117239,11280537117925,686
11280537351240,11280537352037,797
11280537581049,11280537581718,669
11280537807067,11280537807876,809
11280538035741,11280538036388,647
11280538265137,11280538265932,795
11280538568943,11280538569628,685
11280538796178,11280538796998,820
11280539103728,11280539104418,690
11280539331777,11280539332591,814
11280539558861,11280539559529,668
11280539788318,11280539789144,826
11280540015755,11280540016378,623
11280540258147,11280540258942,795
11280540481267,11280540481918,651
11280540784077,11280540784857,780
11280541015818,11280541016499,681
11280541241607,11280541242394,787
11280541469391,11280541470073,682
11280541696727,11280541697497,770
11280541924490,11280541925170,680
11280542153506,11280542154270,764
11280542458007,11280542458658,651
11280542686033,11280542686826,793
11280542917043,11280542917729,686
11280543145088,11280543145872,784
11280543379162,11280543379816,654
11280543607444,11280543608270,826
11280543832499,11280543833183,684
11280544060351,11280544061176,825
11280544292265,11280544292931,666
11280544519541,11280544520360,819
11280544745935,11280544746620,685
11280544975877,11280544976690,813
11280545203694,11280545204353,659
11280545434442,11280545435243,801
11280545745851,11280545746517,666
11280545978274,11280545979107,833
11280546211276,11280546211953,677
11280546439009,11280546439835,826
11280546710413,11280546711083,670
11280546940764,11280546941583,819
11280547170123,11280547170783,660
11280547404551,11280547405349,798
11280547632551,11280547633201,650
11280547859823,11280547860637,814
11280548087655,11280548088319,664
11280548317979,11280548318756,777
11280548542011,11280548542682,671
11280548770975,11280548771780,805
11280549084492,11280549085110,618
11280549318487,11280549319312,825
11280549544813,11280549545472,659
11280549774048,11280549774820,772
11280549999278,11280549999922,644
11280550228648,11280550229471,823
11280550459342,11280550459956,614
11280550768675,11280550769481,806
11280550996340,11280550996977,637
11280551225344,11280551226132,788
11280551454635,11280551455325,690
11280551680362,11280551681107,745
11280551911957,11280551912603,646
11280552138760,11280552139534,774
11280552446668,11280552447337,669
11280552678826,11280552679640,814
11280552907072,11280552907770,698
11280553135417,11280553136237,820
11280553362324,11280553362977,653
11280553592501,11280553593273,772
11280553820491,11280553821155,664
11280554048492,11280554049288,796
11280554274922,11280554275565,643
11280554537730,11280554538574,844
11280554773628,11280554774281,653
11280555010606,11280555011414,808
11280555242472,11280555243073,601
11280555497364,11280555498123,759
11280555804726,11280555805403,677
11280556034741,11280556035494,753
11280556262543,11280556263203,660
11280556489385,11280556490179,794
11280556719129,11280556719810,681
11280556945039,11280556945804,765
11280557172965,11280557173624,659
11280557400215,11280557401002,787
11280557627085,11280557627760,675
11280557856338,11280557857160,822
11280558084624,11280558085276,652
11280558312233,11280558313042,809
11280558542148,11280558542811,663
11280558771149,11280558771930,781
11280559077994,11280559078633,639
11280559315815,11280559316597,782
11280559618959,11280559619604,645
11280559847471,11280559848257,786
11280560075582,11280560076246,664
11280560304410,11280560305211,801
11280560530533,11280560531170,637
11280560759100,11280560759859,759
11280560987210,11280560987872,662
11280561217433,11280561218215,782
11280561446573,11280561447243,670
11280561674688,11280561675423,735
11280561900374,11280561901011,637
11280562128664,11280562129429,765
11280562433453,11280562434122,669
11280562663017,11280562663827,810
11280562890747,11280562891406,659
11280563120908,11280563121669,761
11280563347969,11280563348637,668
11280563576083,11280563576816,733
11280563801055,11280563801713,658
11280564066654,11280564067480,826
11280564352015,11280564352653,638
11280564620831,11280564621651,820
11280564845021,11280564845654,633
11280565074497,11280565075271,774
11280565352143,11280565352830,687
11280565632703,11280565633461,758
11280565872342,11280565872989,647
11280566104325,11280566105119,794
11280566335978,11280566336630,652
11280566567446,11280566568235,789
11280566793214,11280566793897,683
11280567023368,11280567024179,811
11280567251058,11280567251725,667
11280567480348,11280567481116,768
11280567706005,11280567706659,654
11280567935017,11280567935803,786
11280568160213,11280568160895,682
11280568391132,11280568391948,816
11280568619959,11280568620630,671
11280568847482,11280568848275,793
11280569158311,11280569158941,630
11280569388283,11280569389110,827
11280569617870,11280569618518,648
11280569849280,11280569850068,788
11280570077753,11280570078387,634
11280570310018,11280570310761,743
11280570542768,11280570543413,645
11280570770632,11280570771404,772
11280570998195,11280570998853,658
11280571226494,11280571227278,784
11280571453087,11280571453714,627
11280571683802,11280571684565,763
11280571911359,11280571911971,612
11280572137595,11280572138369,774
11280572447327,11280572447980,653
11280572681490,11280572682248,758
11280572907638,11280572908266,628
11280573135498,11280573136281,783
11280573362377,11280573363042,665
11280573592686,11280573593474,788
11280573820374,11280573821021,647
11280574050656,11280574051433,777
11280574360277,11280574360911,634
11280574588378,11280574589159,781
11280574820550,11280574821241,691
11280575056103,11280575056900,797
11280575282102,11280575282766,664
11280575512501,11280575513302,801
11280575819673,11280575820311,638
11280576051141,11280576051939,798
11280576280061,11280576280735,674
11280576523775,11280576524551,776
11280576753777,11280576754461,684
11280576982903,11280576983662,759
11280577212155,11280577212807,652
11280577468834,11280577469635,801
11280577700222,11280577700901,679
11280577933735,11280577934548,813
11280578168805,11280578169492,687
11280578425146,11280578425951,805
11280578650275,11280578650910,635
11280578888265,11280578889065,800
11280579217076,11280579217740,664
11280579451659,11280579452466,807
11280579676725,11280579677359,634
11280579907132,11280579907930,798
11280580135175,11280580135813,638
11280580376795,11280580377617,822
11280580603613,11280580604247,634
11280580910367,11280580911118,751
11280581134532,11280581135176,644
11280581361611,11280581362398,787
11280581586181,11280581586833,652
11280581816009,11280581816799,790
11280582041801,11280582042463,662
11280582408095,11280582408910,815
11280582637737,11280582638385,648
11280582868450,11280582869256,806
11280583096499,11280583097150,651
11280583325596,11280583326423,827
11280583555307,11280583555988,681
11280583783318,11280583784140,822
11280584010776,11280584011450,674
11280584237389,11280584238183,794
11280584541711,11280584542371,660
11280584769718,11280584770546,828
11280584996182,11280584996849,667
11280585227098,11280585227903,805
11280585453302,11280585453951,649
11280585769152,11280585769950,798
11280586000241,11280586000902,661
11280586232680,11280586233498,818
11280586461333,11280586461959,626
11280586689655,11280586690428,773
11280586916533,11280586917177,644
11280587147718,11280587148485,767
11280587374057,11280587374691,634
11280587602002,11280587602793,791
11280587829903,11280587830568,665
11280588059879,11280588060670,791
11280588285031,11280588285708,677
11280588513557,11280588514325,768
11280588776679,11280588777391,712
11280589029883,11280589030777,894
11280589301787,11280589302454,667
11280589531237,11280589532009,772
11280589758117,11280589758782,665
11280589987806,11280589988576,770
11280590226910,11280590227557,647
11280590453302,11280590454069,767
11280590680937,11280590681591,654
11280590948195,11280590949016,821
11280591188969,11280591189642,673
11280591435132,11280591435982,850
11280591675917,11280591676601,684
11280591916858,11280591917679,821
11280592191588,11280592192233,645
11280592507203,11280592508027,824
11280592752788,11280592753402,614
11280592980196,11280592980978,782
11280593200449,11280593201128,679
11280593447698,11280593448500,802
11280593676141,11280593676810,669
11280593905415,11280593906177,762
11280594209342,11280594210010,668
11280594437507,11280594438324,817
11280594661103,11280594661783,680
11280594893504,11280594894293,789
11280595119245,11280595119899,654
11280595346169,11280595346984,815
11280595621665,11280595622359,694
11280595895973,11280595896816,843
11280596125656,11280596126301,645
11280596359214,11280596360001,787
11280596586586,11280596587235,649
11280596817703,11280596818486,783
11280597047032,11280597047689,657
11280597285754,11280597286529,775
11280597512577,11280597513224,647
11280597742973,11280597743764,791
11280597971796,11280597972464,668
11280598205743,11280598206529,786
11280598433723,11280598434401,678
11280598661562,11280598662329,767
11280598894186,11280598894826,640
11280599206765,11280599207546,781
11280599449847,11280599450470,623
11280599680336,11280599681118,782
11280599909361,11280599909992,631
11280600139420,11280600140208,788
11280600410635,11280600411283,648
11280600639718,11280600640492,774
11280600867257,11280600867894,637
11280601096598,11280601097362,764
11280601397209,11280601397828,619
11280601624810,11280601625575,765
11280601857868,11280601858499,631
11280602086568,11280602087298,730
11280602395730,11280602396382,652
11280602629626,11280602630436,810
11280602857676,11280602858340,664
11280603086599,11280603087347,748
11280603329407,11280603330046,639
11280603559714,11280603560455,741
11280603788100,11280603788733,633
11280604090190,11280604090958,768
11280604328285,11280604328929,644
11280604558054,11280604558801,747
11280604785656,11280604786326,670
11280605011276,11280605012040,764
11280605238548,11280605239176,628
11280605468077,11280605468826,749
11280605807974,11280605808644,670
11280606038389,11280606039187,798
11280606266166,11280606266817,651
11280606498367,11280606499140,773
11280606726981,11280606727635,654
11280606957050,11280606957813,763
11280607186595,11280607187242,647
11280607415767,11280607416537,770
11280607644387,11280607645009,622
11280607873052,11280607873826,774
11280608100638,11280608101273,635
11280608330300,11280608331052,752
11280608557376,11280608558248,872
11280608790495,11280608791261,766
11280609097587,11280609098266,679
11280609347977,11280609348773,796
11280609576912,11280609577520,608
11280609888960,11280609889733,773
11280610125996,11280610126672,676
11280610352213,11280610353008,795
11280610578944,11280610579575,631
11280610808447,11280610809190,743
11280611037371,11280611038023,652
11280611263615,11280611264395,780
11280611488558,11280611489200,642
11280611716186,11280611716959,773
11280611945509,11280611946140,631
11280612172648,11280612173413,765
11280612483188,11280612483790,602
11280612712971,11280612713754,783
11280612942418,11280612943060,642
11280613171557,11280613172318,761
11280613396301,11280613396995,694
11280613625194,11280613625918,724
11280613852014,11280613852632,618
11280614082188,11280614083011,823
11280614312326,11280614312937,611
11280614540851,11280614541609,758
11280614767494,11280614768162,668
11280614996052,11280614996808,756
11280615226461,11280615227104,643
11280615452302,11280615453090,788
11280615762966,11280615763627,661
11280615995214,11280615996010,796
11280616231399,11280616232058,659
11280616459799,11280616460601,802
11280616687584,11280616688177,593
11280616915267,11280616916046,779
11280617142980,11280617143635,655
11280617420793,11280617421645,852
11280617705523,11280617706140,617
11280617934737,11280617935528,791
11280618160151,11280618160785,634
11280618392204,11280618392982,778
11280618665526,11280618666177,651
11280618934840,11280618935664,824
11280619196111,11280619196754,643
11280619440763,11280619441525,762
11280619668506,11280619669133,627
11280619898715,11280619899501,786
11280620127270,11280620127908,638
11280620358144,11280620358928,784
11280620584785,11280620585428,643
11280620812875,11280620813666,791
11280621038750,11280621039379,629
11280621268076,11280621268843,767
11280621523711,11280621524342,631
11280621757029,11280621757805,776
11280621988630,11280621989281,651
11280622232477,11280622233271,794
11280622570383,11280622571021,638
11280622800802,11280622801577,775
11280623031191,11280623031810,619
11280623261212,11280623261994,782
11280623572244,11280623572924,680
11280623810874,11280623811660,786
11280624038836,11280624039518,682
11280624267451,11280624268230,779
11280624495768,11280624496459,691
11280624723952,11280624724745,793
11280624955609,11280624956302,693
11280625179621,11280625180413,792
11280625412077,11280625412753,676
11280625721171,11280625721973,802
11280625953906,11280625954563,657
11280626191303,11280626192100,797
11280626422471,11280626423122,651
11280626654071,11280626654867,796
11280626882928,11280626883604,676
11280627112918,11280627113715,797
11280627454598,11280627455335,737
11280627720249,11280627721041,792
11280627945394,11280627946049,655
11280628175199,11280628175986,787
11280628402555,11280628403188,633
11280628638632,11280628639396,764
11280628865022,11280628865698,676
11280629183873,11280629184662,789
11280629415594,11280629416248,654
11280629645877,11280629646665,788
11280629873741,11280629874380,639
11280630106588,11280630107382,794
11280630336498,11280630337140,642
11280630591243,11280630592035,792
11280630825776,11280630826445,669
11280631058670,11280631059511,841
11280631293291,11280631293960,669
11280631552003,11280631552809,806
11280631778250,11280631778904,654
11280632007674,11280632008506,832
11280632281377,11280632282076,699
11280632548389,11280632549215,826
11280632779442,11280632780102,660
11280633009103,11280633009905,802
11280633239764,11280633240480,716
11280633501901,11280633502714,813
11280633736208,11280633736911,703
11280633970497,11280633971342,845
11280634204417,11280634205116,699
11280634462376,11280634463170,794
11280634689470,11280634690136,666
11280634917686,11280634918462,776
11280635144618,11280635145286,668
11280635371969,11280635372713,744
11280635682402,11280635683058,656
11280635913800,11280635914588,788
11280636142942,11280636143586,644
11280636374128,11280636374930,802
11280636603442,11280636604121,679
11280636834052,11280636834853,801
11280637109024,11280637109680,656
11280637360448,11280637361263,815
11280637640679,11280637641446,767
11280637927907,11280637928727,820
11280638253270,11280638254044,774
11280638507551,11280638508419,868
11280638752611,11280638753350,739
11280639041045,11280639041877,832
11280639356414,11280639357071,657
11280639712265,11280639713426,1161
11280639963712,11280639964396,684
11280640231139,11280640232132,993
11280640519429,11280640520436,1007
11280640779967,11280640780864,897
11280641027116,11280641027793,677
11280641276011,11280641276855,844
11280641523534,11280641524225,691
11280641768162,11280641769011,849
11280642008290,11280642008974,684
11280642266155,11280642267026,871
11280642604860,11280642605541,681
11280642913215,11280642913986,771
11280643221289,11280643221951,662
11280643528621,11280643529411,790
11280643805791,11280643806503,712
11280644051842,11280644052697,855
11280644313609,11280644314264,655
11280644590247,11280644591081,834
11280644831335,11280644832044,709
11280645077899,11280645078731,832
11280645320976,11280645321693,717
11280645573663,11280645574554,891
11280645819388,11280645820103,715
11280646064493,11280646065366,873
11280646311019,11280646311760,741
11280646560345,11280646561179,834
11280646804445,11280646805125,680
11280647050283,11280647051090,807
11280647294747,11280647295433,686
11280647539192,11280647540055,863
11280647780227,11280647780894,667
11280648024157,11280648025005,848
11280648265610,11280648266297,687
11280648514028,11280648514885,857
11280648754914,11280648755633,719
11280649006713,11280649007578,865
11280649252994,11280649253711,717
11280649501793,11280649502644,851
11280649746100,11280649746786,686
11280649992529,11280649993369,840
11280650237268,11280650238003,735
11280650483939,11280650484798,859
11280650728814,11280650729548,734
11280650970195,11280650970999,804
11280651212090,11280651212727,637
11280651455867,11280651456708,841
11280651701445,11280651702144,699
11280651943379,11280651944219,840
11280652184653,11280652185355,702
11280652470025,11280652470885,860
11280652716227,11280652716939,712
11280652959075,11280652959919,844
11280653204120,11280653204808,688
11280653455348,11280653456216,868
11280653696035,11280653696738,703
11280653939714,11280653940537,823
11280654181096,11280654181780,684
11280654424182,11280654425021,839
11280654666816,11280654667507,691
11280654910269,11280654911074,805
11280655150523,11280655151235,712
11280655392389,11280655393208,819
11280655642299,11280655642996,697
11280655886685,11280655887532,847
11280656126592,11280656127297,705
11280656418623,11280656419447,824
11280656657955,11280656658656,701
11280656906994,11280656907827,833
11280657147920,11280657148608,688
11280657388887,11280657389721,834
11280657632457,11280657633133,676
11280657874342,11280657875206,864
11280658113937,11280658114633,696
11280658356389,11280658357229,840
11280658597321,11280658598062,741
11280658845424,11280658846211,787
11280659106523,11280659107209,686
11280659355123,11280659355953,830
11280659600103,11280659600795,692
11280659849484,11280659850305,821
11280660095122,11280660095819,697
11280660342353,11280660343166,813
11280660586457,11280660587169,712
11280660831243,11280660832037,794
11280661074961,11280661075696,735
11280661321290,11280661322107,817
11280661562328,11280661563032,704
11280661804977,11280661805800,823
11280662050468,11280662051161,693
11280662307172,11280662308013,841
11280662549502,11280662550174,672
11280662794743,11280662795567,824
11280663036164,11280663036882,718
11280663283791,11280663284628,837
11280663525410,11280663526162,752
11280663767574,11280663768411,837
11280664006952,11280664007660,708
11280664264837,11280664265698,861
11280664505855,11280664506506,651
11280664746595,11280664747442,847
11280664990100,11280664990784,684
11280665254022,11280665254864,842
11280665496860,11280665497544,684
11280665748516,11280665749354,838
11280665991373,11280665992032,659
11280666233109,11280666233929,820
11280666476720,11280666477427,707
11280666718803,11280666719650,847
11280666962989,11280666963660,671
11280667204846,11280667205672,826
11280667445090,11280667445791,701
11280667688762,11280667689587,825
11280667927959,11280667928678,719
11280668170672,11280668171551,879
11280668412820,11280668413500,680
11280668656035,11280668656893,858
11280668902357,11280668903063,706
11280669151208,11280669152050,842
11280669392331,11280669393024,693
11280669635618,11280669636441,823
11280669882243,11280669882975,732
11280670126624,11280670127477,853
11280670367518,11280670368200,682
11280670610257,11280670611065,808
11280670851315,11280670851989,674
11280671095443,11280671096285,842
11280671338450,11280671339122,672
11280671578524,11280671579398,874
11280671820978,11280671821663,685
11280672069019,11280672069883,864
11280672318092,11280672318794,702
11280672572054,11280672572904,850
11280672815510,11280672816171,661
11280673058643,11280673059517,874
11280673299975,11280673300683,708
11280673543417,11280673544278,861
11280673786453,11280673787179,726
11280674033157,11280674034039,882
11280674270699,11280674271379,680
11280674512064,11280674512904,840
11280674754594,11280674755292,698
11280675044718,11280675045575,857
11280675292944,11280675293658,714
11280675535488,11280675536332,844
11280675786953,11280675787658,705
11280676032782,11280676033655,873
11280676277909,11280676278585,676
11280676522367,11280676523237,870
11280676763702,11280676764421,719
11280677008853,11280677009702,849
11280677249837,11280677250565,728
11280677495397,11280677496268,871
11280677737150,11280677737895,745
11280677979874,11280677980773,899
11280678220164,11280678220888,724
11280678463820,11280678464662,842
11280678703342,11280678704078,736
11280678952569,11280678953495,926
11280679198000,11280679198693,693
11280679442757,11280679443620,863
11280679688126,11280679688835,709
11280679933236,11280679934093,857
11280680176726,11280680177447,721
11280680417982,11280680418820,838
11280680664379,11280680665072,693
11280680909108,11280680909978,870
11280681150067,11280681150765,698
11280681392827,11280681393641,814
11280681633321,11280681634026,705
11280681878525,11280681879342,817
11280682118419,11280682119112,693
11280682367544,11280682368352,808
11280682616647,11280682617340,693
11280682861769,11280682862611,842
11280683103782,11280683104490,708
11280683352313,11280683353187,874
11280683608508,11280683609211,703
11280683854460,11280683855326,866
11280684096037,11280684096706,669
11280684338460,11280684339292,832
11280684583740,11280684584442,702
11280684826473,11280684827292,819
11280685068386,11280685069061,675
11280685309514,11280685310315,801
11280685562940,11280685563626,686
11280685807666,11280685808522,856
11280686050944,11280686051664,720
11280686298306,11280686299158,852
11280686542969,11280686543701,732
11280686783876,11280686784730,854
11280687027978,11280687028708,730
11280687274140,11280687275034,894
11280687516944,11280687517641,697
11280687762396,11280687763235,839
11280688003255,11280688003961,706
11280688248519,11280688249385,866
11280688489277,11280688489995,718
11280688731934,11280688732791,857
11280689054401,11280689055117,716
11280689393666,11280689394462,796
11280689676546,11280689677278,732
11280689921762,11280689922607,845
11280690165877,11280690166600,723
11280690410293,11280690411207,914
11280690657442,11280690658157,715
11280690899389,11280690900223,834
11280691140960,11280691141667,707
11280691384204,11280691385052,848
11280691627091,11280691627809,718
11280691870897,11280691871730,833
11280692115049,11280692115728,679
11280692362484,11280692363339,855
11280692606877,11280692607606,729
11280692853415,11280692854295,880
11280693093575,11280693094293,718
11280693334523,11280693335356,833
11280693582041,11280693582771,730
11280693822636,11280693823477,841
11280694111724,11280694112405,681
11280694364081,11280694365069,988
11280694607840,11280694608518,678
11280694851379,11280694852217,838
11280695094027,11280695094741,714
11280695335763,11280695336587,824
11280695586141,11280695586811,670
11280695829448,11280695830287,839
11280696072493,11280696073199,706
11280696336115,11280696336929,814
11280696582114,11280696582807,693
11280696825406,11280696826250,844
11280697065308,11280697065988,680
11280697312192,11280697313007,815
11280697553970,11280697554654,684
11280697797334,11280697798175,841
11280698039427,11280698040126,699
11280698282156,11280698283010,854
11280698526189,11280698526887,698
11280698767626,11280698768477,851
11280699020947,11280699021655,708
11280699266509,11280699267405,896
11280699512886,11280699513614,728
11280699756814,11280699757663,849
11280700000453,11280700001178,725
11280700259332,11280700260220,888
11280700506469,11280700507150,681
11280700749620,11280700750469,849
11280700992048,11280700992736,688
11280701234437,11280701235297,860
11280701477713,11280701478424,711
11280701721986,11280701722863,877
11280701963318,11280701964036,718
11280702212931,11280702213819,888
11280702457888,11280702458591,703
11280702705352,11280702706193,841
11280702949285,11280702949999,714
11280703193307,11280703194155,848
11280703435757,11280703436457,700
11280703681570,11280703682425,855
11280703923506,11280703924201,695
11280704174192,11280704175024,832
11280704418361,11280704419065,704
11280704662422,11280704663258,836
11280704902396,11280704903082,686
11280705146579,11280705147411,832
11280705389616,11280705390316,700
11280705640732,11280705641585,853
11280705886745,11280705887440,695
11280706133472,11280706134296,824
11280706380016,11280706380743,727
11280706623265,11280706624126,861
11280706865027,11280706865728,701
11280707110186,11280707111012,826
11280707352050,11280707352753,703
11280707594350,11280707595194,844
11280707837264,11280707837985,721
11280708087436,11280708088329,893
11280708330812,11280708331536,724
11280708575731,11280708576578,847
11280708816190,11280708816898,708
11280709067095,11280709067969,874
11280709316870,11280709317577,707
11280709560937,11280709561756,819
11280709802479,11280709803186,707
11280710047919,11280710048767,848
11280710305096,11280710305823,727
11280710551377,11280710552209,832
11280710794195,11280710794869,674
11280711044470,11280711045326,856
11280711289955,11280711290642,687
11280711537393,11280711538240,847
11280711778898,11280711779576,678
11280712020196,11280712021028,832
11280712287055,11280712287774,719
11280712532272,11280712533100,828
11280712777059,11280712777771,712
11280713073574,11280713074465,891
11280713317417,11280713318099,682
11280713563516,11280713564375,859
11280713806864,11280713807564,700
11280714050449,11280714051256,807
11280714294067,11280714294743,676
11280714537567,11280714538439,872
11280714780812,11280714781489,677
11280715025992,11280715026852,860
11280715267641,11280715268362,721
11280715509408,11280715510265,857
11280715777438,11280715778161,723
11280716029295,11280716030170,875
11280716270913,11280716271621,708
11280716514977,11280716515821,844
11280716757228,11280716757898,670
11280717002584,11280717003433,849
11280717267611,11280717268288,677
11280717509540,11280717510364,824
11280717750491,11280717751197,706
11280717999876,11280718000696,820
11280718239653,11280718240335,682
11280718484966,11280718485846,880
11280718726640,11280718727320,680
11280718976806,11280718977675,869
11280719221892,11280719222565,673
11280719464487,11280719465337,850
11280719706835,11280719707521,686
11280719950455,11280719951282,827
11280720191085,11280720191784,699
11280720434323,11280720435143,820
11280720675657,11280720676353,696
11280720918192,11280720919052,860
11280721164850,11280721165556,706
11280721419915,11280721420791,876
11280721662221,11280721662898,677
11280721907133,11280721907983,850
11280722146762,11280722147471,709
11280722395526,11280722396388,862
11280722638115,11280722638782,667
11280722882951,11280722883761,810
11280723124757,11280723125451,694
11280723400152,11280723401064,912
11280723641624,11280723642349,725
11280723885594,11280723886481,887
11280724125043,11280724125748,705
11280724385489,11280724386345,856
11280724625620,11280724626331,711
11280724869200,11280724870029,829
11280725111703,11280725112434,731
11280725358427,11280725359261,834
11280725609181,11280725609879,698
11280725853653,11280725854495,842
11280726097927,11280726098625,698
11280726343666,11280726344552,886
11280726586751,11280726587495,744
11280726831285,11280726832188,903
11280727072608,11280727073362,754
11280727311391,11280727312231,840
11280727555229,11280727555943,714
11280727796343,11280727797210,867
11280728036150,11280728036851,701
11280728277644,11280728278522,878
11280728525585,11280728526305,720
11280728769320,11280728770175,855
11280729016830,11280729017574,744
11280729263445,11280729264327,882
11280729506064,11280729506806,742
11280729754180,11280729755030,850
11280729997070,11280729997812,742
11280730241698,11280730242539,841
11280730484626,11280730485345,719
11280730730447,11280730731280,833
11280730970426,11280730971150,724
11280731257391,11280731258240,849
11280731504486,11280731505183,697
11280731746681,11280731747572,891
11280731987186,11280731987891,705
11280732237623,11280732238501,878
11280732480246,11280732480949,703
11280732728095,11280732728960,865
11280732970933,11280732971659,726
11280733219233,11280733220084,851
11280733464281,11280733464998,717
11280733707520,11280733708366,846
11280733952356,11280733953072,716
11280734194736,11280734195581,845
11280734432505,11280734433245,740
11280734674837,11280734675670,833
11280734914903,11280734915602,699
11280735157837,11280735158686,849
11280735401940,11280735402618,678
11280735652918,11280735653785,867
11280735895001,11280735895713,712
11280736141099,11280736141960,861
11280736397462,11280736398139,677
11280736641857,11280736642698,841
11280736884430,11280736885120,690
11280737128506,11280737129331,825
11280737368896,11280737369591,695
11280737610845,11280737611683,838
11280737849652,11280737850356,704
11280738099256,11280738100087,831
11280738341294,11280738341982,688
11280738584268,11280738585070,802
11280738823320,11280738824010,690
11280739071503,11280739072304,801
11280739313708,11280739314371,663
11280739558100,11280739558880,780
11280739800095,11280739800790,695
11280740042651,11280740043488,837
11280740292957,11280740293662,705
11280740543009,11280740543870,861
11280740785156,11280740785864,708
11280741025772,11280741026662,890
11280741284648,11280741285334,686
11280741527520,11280741528400,880
11280741767135,11280741767813,678
11280742009995,11280742010858,863
11280742265152,11280742265885,733
11280742509941,11280742510796,855
11280742754922,11280742755640,718
11280742999210,11280743000049,839
11280743238938,11280743239657,719
11280743483337,11280743484146,809
11280743725588,11280743726221,633
11280743967691,11280743968595,904
11280744210268,11280744210939,671
11280744453301,11280744454181,880
11280744694592,11280744695257,665
11280744939106,11280744939958,852
11280745179457,11280745180146,689
11280745423430,11280745424269,839
11280745674956,11280745675707,751
11280745921702,11280745922570,868
11280746166735,11280746167444,709
11280746411386,11280746412263,877
11280746653093,11280746653804,711
11280746895479,11280746896353,874
11280747153250,11280747153938,688
11280747394464,11280747395313,849
11280747634835,11280747635557,722
11280747876270,11280747877144,874
11280748121438,11280748122123,685
11280748364274,11280748365121,847
11280748604883,11280748605592,709
11280748846912,11280748847784,872
11280749098867,11280749099554,687
11280749353998,11280749354852,854
11280749595157,11280749595858,701
11280749840464,11280749841308,844
11280750129017,11280750129731,714
11280750400233,11280750401085,852
11280750643983,11280750644686,703
11280750885024,11280750885855,831
11280751128305,11280751129012,707
11280751388390,11280751389217,827
11280751629007,11280751629710,703
11280751870425,11280751871278,853
11280752114822,11280752115534,712
11280752371888,11280752372802,914
11280752617310,11280752618020,710
11280752861439,11280752862285,846
11280753104926,11280753105648,722
11280753362881,11280753363767,886
11280753607155,11280753607863,708
11280753848581,11280753849440,859
11280754088244,11280754088946,702
11280754328793,11280754329643,850
11280754569190,11280754569902,712
11280754814586,11280754815481,895
11280755055235,11280755055963,728
11280755298443,11280755299291,848
11280755564052,11280755564763,711
11280755810967,11280755811810,843
11280756063962,11280756064689,727
11280756313468,11280756314371,903
11280756572853,11280756573583,730
11280756822157,11280756823043,886
11280757106137,11280757106866,729
11280757390030,11280757390908,878
11280757640342,11280757641056,714
11280757890925,11280757891767,842
11280758154383,11280758155107,724
11280758438799,11280758439619,820
11280758687531,11280758688240,709
11280758944547,11280758945446,899
11280759191597,11280759192324,727
11280759442135,11280759442997,862
11280759689226,11280759690143,917
11280759947035,11280759947904,869
11280760203103,11280760203793,690
11280760456211,11280760457059,848
11280760698345,11280760699019,674
11280760943501,11280760944304,803
11280761203105,11280761203804,699
11280761443874,11280761444719,845
11280761694627,11280761695306,679
11280761936722,11280761937536,814
11280762180134,11280762180828,694
11280762459420,11280762460262,842
11280762705664,11280762706359,695
11280762951978,11280762952840,862
11280763197219,11280763197918,699
11280763444985,11280763445822,837
11280763689377,11280763690103,726
11280763936588,11280763937410,822
11280764177829,11280764178518,689
11280764422256,11280764423157,901
11280764664110,11280764664813,703
11280764908825,11280764909672,847
11280765152462,11280765153202,740
11280765395587,11280765396405,818
11280765656011,11280765656669,658
11280765903920,11280765904762,842
11280766151991,11280766152704,713
11280766396459,11280766397307,848
11280766643036,11280766643731,695
11280766886487,11280766887345,858
11280767133875,11280767134579,704
11280767378427,11280767379250,823
11280767619759,11280767620456,697
11280767860911,11280767861773,862
11280768107902,11280768108608,706
11280768350570,11280768351425,855
11280768592232,11280768592949,717
11280768835440,11280768836278,838
11280769085965,11280769086665,700
11280769331160,11280769332013,853
11280769630141,11280769630855,714
11280769873537,11280769874385,848
11280770116049,11280770116758,709
11280770366158,11280770367004,846
11280770622408,11280770623031,623
11280770846331,11280770847074,743
11280771068358,11280771068991,633
11280771289734,11280771290488,754
11280771514665,11280771515275,610
11280771738078,11280771738787,709
11280771959601,11280771960225,624
11280772184172,11280772184896,724
11280772493121,11280772493742,621
11280772719029,11280772719789,760
11280772943039,11280772943636,597
11280773165726,11280773166448,722
11280773388243,11280773388873,630
11280773613833,11280773614591,758
11280773834657,11280773835306,649
11280774055916,11280774056711,795
11280774279285,11280774279921,636
11280774502403,11280774503191,788
11280774724458,11280774725103,645
11280774946965,11280774947728,763
11280775169125,11280775169765,640
11280775391113,11280775391949,836
11280775704988,11280775705620,632
11280775938333,11280775939104,771
11280776161320,11280776161979,659
11280776385538,11280776386291,753
11280776609846,11280776610466,620
11280776833522,11280776834300,778
11280777055609,11280777056208,599
11280777276872,11280777277635,763
11280777497154,11280777497786,632
11280777776187,11280777777008,821
11280778017775,11280778018467,692
11280778262136,11280778262994,858
11280778503487,11280778504186,699
11280778749968,11280778750801,833
11280779032768,11280779033422,654
11280779258457,11280779259229,772
11280779483051,11280779483676,625
11280779709393,11280779710176,783
11280779932352,11280779932999,647
11280780155369,11280780156142,773
11280780378875,11280780379516,641
11280780599198,11280780599954,756
11280780821352,11280780821944,592
11280781043129,11280781043873,744
11280781265923,11280781266559,636
11280781490092,11280781490869,777
11280781713067,11280781713683,616
11280781939392,11280781940185,793
11280782160831,11280782161448,617
11280782464604,11280782465328,724
11280782690926,11280782691551,625
11280782917926,11280782918702,776
11280783138570,11280783139175,605
11280783363758,11280783364532,774
11280783585737,11280783586351,614
11280783812717,11280783813460,743
11280784030650,11280784031279,629
11280784293136,11280784294011,875
11280784563892,11280784564511,619
11280784785944,11280784786699,755
11280785008805,11280785009391,586
11280785232424,11280785233203,779
11280785451137,11280785451739,602
11280785760273,11280785761056,783
11280785986167,11280785986770,603
11280786208740,11280786209478,738
11280786431632,11280786432246,614
11280786654207,11280786654980,773
11280786874447,11280786875096,649
11280787101117,11280787101900,783
11280787406758,11280787407377,619
11280787669633,11280787670400,767
11280787891469,11280787892118,649
11280788113993,11280788114756,763
11280788334141,11280788334779,638
11280788556545,11280788557353,808
11280788777581,11280788778181,600
11280789084445,11280789085239,794
11280789307140,11280789307759,619
11280789531069,11280789531817,748
11280789752440,11280789753052,612
11280789974470,11280789975236,766
11280790197936,11280790198563,627
11280790420562,11280790421336,774
11280790640111,11280790640741,630
11280790860438,11280790861208,770
11280791079684,11280791080313,629
11280791305237,11280791305978,741
11280791526684,11280791527311,627
11280791755320,11280791756074,754
11280791976467,11280791977048,581
11280792202772,11280792203489,717
11280792518164,11280792518751,587
11280792745141,11280792745913,772
11280792970088,11280792970706,618
11280793201178,11280793201953,775
11280793423771,11280793424378,607
11280793647287,11280793648057,770
11280793871189,11280793871816,627
11280794093944,11280794094692,748
11280794316745,11280794317346,601
11280794540162,11280794540883,721
11280794763340,11280794763983,643
11280794986506,11280794987278,772
11280795236179,11280795236840,661
11280795488669,11280795489456,787
11280795797018,11280795797669,651
11280796029501,11280796030281,780
11280796255691,11280796256314,623
11280796484065,11280796484829,764
11280796708275,11280796708902,627
11280796940233,11280796941029,796
11280797164830,11280797165461,631
11280797391655,11280797392424,769
11280797615536,11280797616192,656
11280797845302,11280797846042,740
11280798070589,11280798071229,640
11280798298271,11280798299055,784
11280798523537,11280798524175,638
11280798749658,11280798750435,777
11280799058097,11280799058715,618
11280799286656,11280799287453,797
11280799534190,11280799534777,587
11280799756103,11280799756858,755
11280799977341,11280799977948,607
11280800195254,11280800195968,714
11280800415211,11280800415800,589
11280800664442,11280800665215,773
11280800888303,11280800888929,626
11280801114241,11280801114980,739
11280801339557,11280801340180,623
11280801566429,11280801567203,774
11280801792380,11280801793034,654
11280802083048,11280802083873,825
11280802359432,11280802360087,655
11280802687527,11280802688309,782
11280802995595,11280802996214,619
11280803301890,11280803302664,774
11280803579658,11280803580341,683
11280803824141,11280803824991,850
11280804064859,11280804065525,666
11280804310997,11280804311828,831
11280804554177,11280804554838,661
11280804796753,11280804797602,849
11280805036180,11280805036845,665
11280805293975,11280805294791,816
11280805587213,11280805587884,671
11280805834713,11280805835573,860
11280806077360,11280806078033,673
11280806320252,11280806321041,789
11280806567676,11280806568375,699
11280806813284,11280806814116,832
11280807053773,11280807054405,632
11280807294135,11280807294927,792
11280807535681,11280807536328,647
11280807810427,11280807811166,739
11280808133066,11280808133676,610
11280808430261,11280808431015,754
11280808725879,11280808726459,580
11280809043650,11280809044435,785
11280809344630,11280809345240,610
11280809645230,11280809645973,743
11280810025707,11280810026330,623
11280810300293,11280810301099,806
11280810564094,11280810564794,700
11280810807132,11280810807942,810
11280811068244,11280811068854,610
11280811371449,11280811372196,747
11280811646386,11280811647041,655
11280811889412,11280811890271,859
11280812130850,11280812131536,686
11280812377217,11280812378071,854
11280812618221,11280812618905,684
11280812866831,11280812867687,856
11280813107956,11280813108630,674
11280813354389,11280813355225,836
11280813595499,11280813596202,703
11280813835053,11280813835909,856
11280814078033,11280814078711,678
11280814323293,11280814324133,840
11280814562016,11280814562694,678
11280814802451,11280814803272,821
11280815046916,11280815047577,661
11280815285723,11280815286540,817
11280815531190,11280815531852,662
11280815786605,11280815787396,791
11280816031075,11280816031757,682
11280816280133,11280816280978,845
11280816524079,11280816524813,734
11280816766465,11280816767343,878
11280817008875,11280817009608,733
11280817253192,11280817254084,892
11280817494758,11280817495476,718
11280817736842,11280817737748,906
11280817977411,11280817978074,663
11280818222346,11280818223170,824
11280818466347,11280818467040,693
11280818708307,11280818709187,880
11280818957465,11280818958135,670
11280819203472,11280819204323,851
11280819456501,11280819457161,660
11280819702474,11280819703320,846
11280819944659,11280819945388,729
11280820186069,11280820186882,813
11280820447391,11280820448065,674
11280820688220,11280820689040,820
11280820931524,11280820932222,698
11280821175144,11280821175982,838
11280821420817,11280821421529,712
11280821663691,11280821664540,849
11280821905071,11280821905731,660
11280822145921,11280822146770,849
11280822414276,11280822414950,674
11280822660111,11280822660951,840
11280822903946,11280822904619,673
11280823146055,11280823146909,854
11280823387106,11280823387768,662
11280823630822,11280823631638,816
11280823872951,11280823873646,695
11280824116183,11280824117026,843
11280824358221,11280824358892,671
11280824601202,11280824602007,805
11280824844873,11280824845557,684
11280825086892,11280825087700,808
11280825377958,11280825378649,691
11280825636203,11280825637048,845
11280825882179,11280825882893,714
11280826126394,11280826127255,861
11280826378593,11280826379280,687
11280826622707,11280826623541,834
11280826864723,11280826865428,705
11280827105315,11280827106173,858
11280827360637,11280827361314,677
11280827601062,11280827601942,880
11280827843348,11280827844050,702
11280828088910,11280828089769,859
11280828334701,11280828335430,729
11280828575719,11280828576556,837
11280828816071,11280828816806,735
11280829064555,11280829065396,841
11280829321291,11280829322014,723
11280829564879,11280829565735,856
11280829804716,11280829805407,691
11280830047371,11280830048195,824
11280830287555,11280830288264,709
11280830651208,11280830652085,877
11280830898037,11280830898787,750
11280831142420,11280831143323,903
11280831383408,11280831384149,741
11280831629933,11280831630791,858
11280831870492,11280831871218,726
11280832113646,11280832114533,887
11280832368096,11280832368861,765
11280832612492,11280832613390,898
11280832854743,11280832855436,693
11280833100226,11280833101062,836
11280833340469,11280833341181,712
11280833580782,11280833581663,881
11280833826270,11280833826966,696
11280834066791,11280834067609,818
11280834313331,11280834314011,680
11280834563163,11280834564011,848
11280834805553,11280834806282,729
11280835049260,11280835050114,854
11280835291651,11280835292365,714
11280835534254,11280835535098,844
11280835788878,11280835789538,660
11280836033421,11280836034302,881
11280836273171,11280836273874,703
11280836519508,11280836520329,821
11280836759641,11280836760342,701
11280837022975,11280837023839,864
11280837298732,11280837299427,695
11280837565951,11280837566822,871
11280837819083,11280837819765,682
11280838072889,11280838073696,807
11280838331305,11280838331989,684
11280838581967,11280838582785,818
11280838835997,11280838836636,639
11280839100173,11280839101124,951
11280839369722,11280839370434,712
11280839637780,11280839638677,897
11280839907406,11280839908346,940
11280840239850,11280840240838,988
11280840530698,11280840531662,964
11280840826532,11280840827632,1100
11280841197774,11280841198855,1081
11280841596798,11280841598448,1650
11280841994289,11280841995441,1152
11280842491592,11280842493406,1814
11280842944357,11280842946225,1868
11280843403736,11280843405190,1454
11280843792864,11280843794288,1424
11280844111090,11280844112170,1080
11280844392388,11280844393078,690
11280844650572,11280844651426,854
11280844920535,11280844921422,887
11280845261537,11280845262845,1308
11280845556345,11280845557071,726
11280845824599,11280845825441,842
11280846071912,11280846072618,706
11280846325522,11280846326402,880
11280846613764,11280846614475,711
11280846868507,11280846869406,899
11280847113396,11280847114078,682
11280847361102,11280847361947,845
11280847606089,11280847606754,665
11280847858032,11280847858849,817
11280848105675,11280848106334,659
11280848375435,11280848376252,817
11280848633317,11280848633995,678
11280848893371,11280848894269,898
11280849163779,11280849164485,706
11280849412502,11280849413381,879
11280849659367,11280849660051,684
11280849905626,11280849906448,822
11280850154360,11280850155028,668
11280850417733,11280850418544,811
11280850710317,11280850711369,1052
11280851077501,11280851079311,1810
11280851431940,11280851432657,717
11280851761991,11280851763122,1131
11280852063316,11280852064173,857
11280852356742,11280852357667,925
11280852624090,11280852624793,703
11280852888948,11280852889824,876
11280853136533,11280853137244,711
11280853386861,11280853387714,853
11280853631282,11280853631962,680
11280853881276,11280853882147,871
11280854128776,11280854129492,716
11280854380318,11280854381176,858
11280854650777,11280854651588,811
11280854924030,11280854925039,1009
11280855187997,11280855188674,677
11280855442171,11280855443027,856
11280855710883,11280855711584,701
11280855970593,11280855971590,997
11280856253486,11280856254390,904
11280856510171,11280856511084,913
11280856757979,11280856758694,715
11280857007222,11280857008085,863
11280857276908,11280857277613,705
11280857557726,11280857558580,854
11280857803042,11280857803707,665
11280858037901,11280858038694,793
11280858263027,11280858263644,617
11280858487421,11280858488237,816
11280858724917,11280858725569,652
11280858969411,11280858970197,786
11280859195270,11280859195933,663
11280859422223,11280859423018,795
11280859664540,11280859665174,634
11280859887037,11280859887771,734
11280860106476,11280860107095,619
11280860330880,11280860331657,777
11280860562694,11280860563357,663
11280860785439,11280860786234,795
11280861003485,11280861004110,625
11280861244879,11280861245662,783
11280861578347,11280861579097,750
11280861923618,11280861924480,862
11280862182395,11280862183103,708
11280862465184,11280862466047,863
11280862715111,11280862715789,678
11280862966667,11280862967506,839
11280863225288,11280863225981,693
11280863477590,11280863478493,903
11280863732615,11280863733301,686
11280863975871,11280863976713,842
11280864217981,11280864218645,664
11280864460832,11280864461634,802
11280864702718,11280864703370,652
11280864942628,11280864943412,784
11280865186819,11280865187467,648
11280865429202,11280865430001,799
11280865693323,11280865694008,685
11280865967106,11280865967955,849
11280866209646,11280866210345,699
11280866452075,11280866452912,837
11280866721318,11280866721968,650
11280866964136,11280866964933,797
11280867204943,11280867205612,669
11280867451033,11280867451861,828
11280867691025,11280867691713,688
11280867933187,11280867934046,859
11280868214576,11280868215219,643
11280868508678,11280868509518,840
11280868749720,11280868750391,671
11280869031515,11280869032408,893
11280869301827,11280869302516,689
11280869608525,11280869609438,913
11280869858329,11280869859030,701
11280870102244,11280870103059,815
11280870346377,11280870347061,684
11280870587337,11280870588221,884
11280870832654,11280870833368,714
11280871077639,11280871078435,796
11280871321588,11280871322292,704
11280871563814,11280871564603,789
11280871806533,11280871807211,678
11280872049440,11280872050280,840
11280872336807,11280872337520,713
11280872585930,11280872586744,814
11280872833372,11280872834004,632
11280873086586,11280873087425,839
11280873345708,11280873346385,677
11280873591245,11280873592049,804
11280873834898,11280873835575,677
11280874084711,11280874085495,784
11280874338188,11280874338833,645
11280874594309,11280874595114,805
11280874840890,11280874841519,629
11280875085488,11280875086325,837
11280875329510,11280875330154,644
11280875587395,11280875588254,859
11280875834362,11280875835062,700
11280876079872,11280876080724,852
11280876324132,11280876324844,712
11280876572471,11280876573305,834
11280876817666,11280876818359,693
11280877096319,11280877098164,1845
11280877374420,11280877375119,699
11280877617071,11280877617859,788
11280877858143,11280877859885,1742
11280878100945,11280878101715,770
11280878362741,11280878363417,676
11280878604816,11280878606713,1897
11280878854177,11280878854909,732
11280879133710,11280879134555,845
11280879414489,11280879415174,685
11280879658491,11280879659331,840
11280879903544,11280879904220,676
11280880152824,11280880153664,840
11280880401047,11280880401697,650
11280880646571,11280880647393,822
11280880899266,11280880900110,844
11280881168965,11280881169827,862
11280881415322,11280881416045,723
11280881656856,11280881657674,818
11280881897498,11280881898208,710
11280882139255,11280882140080,825
11280882406626,11280882407309,683
11280882653501,11280882654358,857
11280882894315,11280882895009,694
11280883143814,11280883144657,843
11280883384617,11280883385345,728
11280883627437,11280883628294,857
11280883870767,11280883871483,716
11280884111777,11280884112632,855
11280884351115,11280884351849,734
11280884594183,11280884595047,864
11280884840777,11280884841466,689
11280885079748,11280885080601,853
11280885318805,11280885319544,739
11280885573344,11280885574184,840
11280885847086,11280885847777,691
11280886094267,11280886095117,850
11280886338379,11280886339089,710
11280886582700,11280886583625,925
11280886825535,11280886826299,764
11280887069445,11280887070358,913
11280887319949,11280887320675,726
11280887562113,11280887562984,871
11280887802055,11280887802753,698
11280888046754,11280888047616,862
11280888300050,11280888300782,732
11280888580926,11280888582067,1141
11280888830757,11280888831447,690
11280889081425,11280889082270,845
11280889325691,11280889326398,707
11280889574132,11280889574936,804
11280889832750,11280889833530,780
11280890082029,11280890082863,834
11280890332907,11280890333579,672
11280890576361,11280890577189,828
11280890819159,11280890819827,668
11280891059300,11280891060140,840
11280891300498,11280891301154,656
11280891544760,11280891545586,826
11280891785955,11280891786632,677
11280892030204,11280892031016,812
11280892280274,11280892280959,685
11280892525672,11280892526523,851
11280892771367,11280892772080,713
11280893014610,11280893015457,847
11280893264870,11280893265613,743
11280893513237,11280893514133,896
11280893754255,11280893754949,694
11280893999704,11280894000549,845
11280894247145,11280894247852,707
11280894488423,11280894489423,1000
11280894733361,11280894734115,754
11280894975910,11280894976781,871
11280895217455,11280895218180,725
11280895461572,11280895462427,855
11280895766313,11280895767003,690
11280896013140,11280896013954,814
11280896257132,11280896257841,709
11280896503095,11280896503971,876
11280896746090,11280896746835,745
11280896993038,11280896993892,854
11280897234755,11280897235467,712
11280897477555,11280897478421,866
11280897718795,11280897719495,700
11280897961967,11280897962869,902
11280898206265,11280898206983,718
11280898448951,11280898449833,882
11280898689977,11280898690690,713
11280898940351,11280898941241,890
11280899187739,11280899188456,717
11280899431995,11280899432927,932
11280899675091,11280899675779,688
11280899921132,11280899921991,859
11280900166587,11280900167292,705
11280900411402,11280900412273,871
11280900651362,11280900652057,695
11280900895446,11280900896322,876
11280901134415,11280901135118,703
11280901403704,11280901404553,849
11280901645384,11280901646060,676
11280901887525,11280901888361,836
11280902127453,11280902128137,684
11280902380285,11280902381182,897
11280902624788,11280902625463,675
11280902869854,11280902870683,829
11280903111515,11280903112194,679
11280903363692,11280903364593,901
11280903607591,11280903608248,657
11280903852776,11280903853643,867
11280904095696,11280904096390,694
11280904338880,11280904339733,853
11280904590618,11280904591304,686
11280904834293,11280904835192,899
11280905101426,11280905102113,687
11280905353022,11280905353904,882
11280905609317,11280905610019,702
11280905854166,11280905855030,864
11280906095813,11280906096445,632
11280906344124,11280906344949,825
11280906587310,11280906587976,666
11280906831172,11280906831989,817
11280907074580,11280907075231,651
11280907321505,11280907322320,815
11280907560645,11280907561344,699
11280907812193,11280907813034,841
11280908052712,11280908053398,686
11280908297778,11280908298621,843
11280908537116,11280908537787,671
11280908779128,11280908779940,812
11280909027903,11280909028634,731
11280909275469,11280909276330,861
11280909516727,11280909517415,688
11280909759978,11280909760800,822
11280910005515,11280910006198,683
11280910255130,11280910255966,836
11280910498546,11280910499228,682
11280910742854,11280910743690,836
11280910982893,11280910983550,657
11280911230630,11280911231450,820
11280911473133,11280911473851,718
11280911716238,11280911717058,820
11280911957419,11280911958104,685
11280912202618,11280912203442,824
11280912456533,11280912457232,699
11280912699914,11280912700768,854
11280912940724,11280912941386,662
11280913188811,11280913189633,822
11280913435633,11280913436324,691
11280913676839,11280913677632,793
11280913916980,11280913917678,698
11280914162494,11280914163297,803
11280914405727,11280914406409,682
11280914646446,11280914647282,836
11280914887047,11280914887730,683
11280915146291,11280915147074,783
11280915387860,11280915388519,659
11280915638730,11280915639591,861
11280915881432,11280915882118,686
11280916128894,11280916129706,812
11280916376850,11280916377509,659
11280916624304,11280916625078,774
11280916867238,11280916867889,651
11280917116019,11280917116840,821
11280917358324,11280917358986,662
11280917602740,11280917603554,814
11280917844033,11280917844727,694
11280918086996,11280918087824,828
11280918342373,11280918343024,651
11280918583212,11280918584022,810
11280918827588,11280918828282,694
11280919080185,11280919081081,896
11280919320394,11280919321033,639
11280919563761,11280919564604,843
11280919808166,11280919808849,683
11280920050741,11280920051577,836
11280920296424,11280920297141,717
11280920540131,11280920540943,812
11280920783385,11280920784056,671
11280921028146,11280921029004,858
11280921268913,11280921269596,683
11280921510733,11280921511548,815
11280921751675,11280921752377,702
11280921998038,11280921998899,861
11280922246873,11280922247558,685
11280922492913,11280922493784,871
11280922736074,11280922736750,676
11280922983410,11280922984256,846
11280923228490,11280923229202,712
11280923473356,11280923474198,842
11280923714088,11280923714749,661
11280923959131,11280923959970,839
11280924204705,11280924205388,683
11280924472705,11280924473557,852
11280924720302,11280924720979,677
11280924969104,11280924969965,861
11280925210885,11280925211575,690
11280925454200,11280925455036,836
11280925703471,11280925704181,710
11280925951268,11280925952123,855
11280926195986,11280926196708,722
11280926442996,11280926443832,836
11280926687313,11280926687991,678
11280926934235,11280926935112,877
11280927177099,11280927177797,698
11280927423747,11280927424583,836
11280927666657,11280927667330,673
11280927912415,11280927913253,838
11280928152336,11280928153047,711
11280928396516,11280928397374,858
11280928638949,11280928639648,699
11280928892042,11280928892933,891
11280929137842,11280929138533,691
11280929382569,11280929383361,792
11280929624124,11280929624785,661
11280929870485,11280929871317,832
11280930113091,11280930113756,665
11280930359467,11280930360320,853
11280930602006,11280930602702,696
11280930847301,11280930848168,867
11280931087796,11280931088424,628
11280931333409,11280931334232,823
11280931582733,11280931583421,688
11280931827826,11280931828699,873
11280932069065,11280932069783,718
11280932324102,11280932324984,882
11280932567917,11280932568608,691
11280932813249,11280932814111,862
11280933059711,11280933060420,709
11280933308517,11280933309381,864
11280933554577,11280933555232,655
11280933797259,11280933798095,836
11280934044057,11280934044706,649
11280934288977,11280934289841,864
11280934528961,11280934529659,698
11280934771551,11280934772421,870
11280935013304,11280935013993,689
11280935257036,11280935257884,848
11280935501464,11280935502161,697
11280935750072,11280935750882,810
11280935997930,11280935998584,654
11280936241802,11280936242627,825
11280936483468,11280936484166,698
11280936726728,11280936727538,810
11280936967452,11280936968119,667
11280937213674,11280937214510,836
11280937457734,11280937458424,690
11280937702926,11280937703733,807
11280937945057,11280937945702,645
11280938185917,11280938186734,817
11280938431729,11280938432393,664
11280938674984,11280938675848,864
11280938925093,11280938925750,657
11280939169681,11280939170511,830
11280939413006,11280939413683,677
11280939657904,11280939658745,841
11280939903281,11280939904009,728
11280940146817,11280940147672,855
11280940389331,11280940390003,672
11280940633222,11280940634073,851
11280940874560,11280940875228,668
11280941117359,11280941118180,821
11280941360523,11280941361240,717
11280941601778,11280941602641,863
11280941846936,11280941847619,683
11280942090031,11280942090851,820
11280942339513,11280942340186,673
11280942586278,11280942587097,819
11280942829829,11280942830478,649
11280943074147,11280943074976,829
11280943316408,11280943317079,671
11280943559825,11280943560617,792
11280943827866,11280943828512,646
11280944080302,11280944081106,804
11280944322217,11280944322883,666
11280944565147,11280944565990,843
11280944807269,11280944807938,669
11280945050150,11280945050967,817
11280945292043,11280945292736,693
11280945535755,11280945536595,840
11280945789743,11280945790426,683
11280946033365,11280946034239,874
11280946282049,11280946282779,730
11280946525504,11280946526355,851
11280946769892,11280946770595,703
11280947014572,11280947015404,832
11280947261989,11280947262694,705
11280947505166,11280947506051,885
11280947746674,11280947747353,679
11280947989231,11280947990076,845
11280948229434,11280948230095,661
11280948478219,11280948479045,826
11280948719440,11280948720116,676
11280948970473,11280948971393,920
11280949310182,11280949310868,686
11280949561462,11280949563396,1934
11280949806985,11280949807696,711
11280950052118,11280950052938,820
11280950297213,11280950297874,661
11280950544458,11280950545287,829
11280950784724,11280950785448,724
11280951030005,11280951030807,802
11280951304437,11280951305125,688
11280951553427,11280951554269,842
11280951794177,11280951794842,665
11280952039559,11280952040392,833
11280952291502,11280952292187,685
11280952539707,11280952540575,868
11280952781281,11280952781997,716
11280953025444,11280953026284,840
11280953271975,11280953272654,679
11280953514339,11280953515211,872
11280953758546,11280953759215,669
11280954000733,11280954001635,902
11280954244020,11280954244680,660
11280954485898,11280954486750,852
11280954731275,11280954731948,673
11280954972907,11280954973728,821
11280955220863,11280955221557,694
11280955463845,11280955464698,853
11280955758374,11280955759262,888
11280956002754,11280956003592,838
11280956246593,11280956247292,699
11280956489012,11280956489851,839
11280956731114,11280956731789,675
11280956976278,11280956977166,888
11280957220242,11280957220931,689
11280957465594,11280957466429,835
11280957703323,11280957703964,641
11280957945748,11280957946566,818
11280958188064,11280958188710,646
11280958431973,11280958432789,816
11280958671234,11280958671897,663
11280958927627,11280958928455,828
11280959171854,11280959172502,648
11280959414416,11280959415285,869
11280959657132,11280959657835,703
11280959901445,11280959902303,858
11280960146255,11280960146961,706
11280960388968,11280960389829,861
11280960632962,11280960633671,709
11280960874845,11280960875696,851
11280961142362,11280961143068,706
11280961384023,11280961384850,827
11280961623162,11280961623804,642
11280961868185,11280961868990,805
11280962109208,11280962109910,702
11280962358960,11280962359824,864
11280962601760,11280962602439,679
11280962846121,11280962846949,828
11280963085186,11280963085848,662
11280963328855,11280963329691,836
11280963569339,11280963569993,654
11280963813190,11280963814001,811
11280964056057,11280964056745,688
11280964298196,11280964299018,822
11280964537483,11280964538123,640
11280964780120,11280964780963,843
11280965022552,11280965023203,651
11280965262269,11280965263082,813
11280965503145,11280965503814,669
11280965748624,11280965749494,870
11280965991687,11280965992339,652
11280966235082,11280966235916,834
11280966475463,11280966476160,697
11280966716835,11280966717627,792
11280966957349,11280966958039,690
11280967199417,11280967200206,789
11280967441302,11280967441978,676
11280967683734,11280967684576,842
11280967922355,11280967922992,637
11280968168284,11280968169108,824
11280968407464,11280968408140,676
11280968649673,11280968650534,861
11280968900140,11280968900811,671
11280969144717,11280969145546,829
11280969387682,11280969388371,689
11280969634295,11280969635134,839
11280969879258,11280969879947,689
11280970121974,11280970122824,850
11280970366446,11280970367150,704
11280970611024,11280970611877,853
11280970851802,11280970852495,693
11280971094524,11280971095372,848
11280971333263,11280971333959,696
11280971577938,11280971578720,782
11280971820179,11280971820815,636
11280972061295,11280972062114,819
11280972310651,11280972311328,677
11280972560124,11280972560969,845
11280972801152,11280972801873,721
11280973042091,11280973042889,798
11280973286602,11280973287290,688
11280973532654,11280973533497,843
11280973773894,11280973774554,660
11280974016747,11280974017583,836
11280974256965,11280974257643,678
11280974500922,11280974501752,830
11280974743351,11280974744027,676
11280974985326,11280974986142,816
11280975227585,11280975228233,648
11280975469269,11280975470094,825
11280975715127,11280975715806,679
11280975963431,11280975964253,822
11280976201317,11280976201998,681
11280976444865,11280976445699,834
11280976684946,11280976685648,702
11280976928213,11280976929047,834
11280977167870,11280977168552,682
11280977410679,11280977411538,859
11280977649340,11280977650005,665
11280977892250,11280977893096,846
11280978138037,11280978138710,673
11280978379423,11280978380267,844
11280978621729,11280978622480,751
11280978862865,11280978863699,834
11280979114679,11280979115364,685
11280979359776,11280979360616,840
11280979604234,11280979604867,633
11280979847871,11280979848691,820
11280980090471,11280980091119,648
11280980362062,11280980362880,818
11280980603008,11280980603650,642
11280980844149,11280980844933,784
11280981086953,11280981087615,662
11280981336299,11280981337096,797
11280981578187,11280981578845,658
11280981821604,11280981822447,843
11280982061461,11280982062142,681
11280982315444,11280982316302,858
11280982558842,11280982559497,655
11280982804223,11280982805054,831
11280983046418,11280983047052,634
11280983292752,11280983293567,815
11280983536232,11280983536860,628
11280983779821,11280983780646,825
11280984021388,11280984022070,682
11280984264651,11280984265457,806
11280984507787,11280984508453,666
11280984750684,11280984751503,819
11280984994565,11280984995233,668
11280985239729,11280985240549,820
11280985479810,11280985480497,687
11280985731472,11280985732334,862
11280985982269,11280985982958,689
11280986223048,11280986223865,817
11280986464316,11280986464949,633
11280986711310,11280986712137,827
11280986950644,11280986951306,662
11280987194347,11280987195151,804
11280987447097,11280987447726,629
11280987687053,11280987687888,835
11280987930997,11280987931702,705
11280988178852,11280988179661,809
11280988419949,11280988420617,668
11280988662793,11280988663593,800
11280988911779,11280988912439,660
11280989159536,11280989160376,840
11280989402985,11280989403671,686
11280989648153,11280989648960,807
11280989891131,11280989891812,681
11280990139584,11280990140391,807
11280990379629,11280990380286,657
11280990620529,11280990621403,874
11280990861251,11280990861923,672
11280991108686,11280991109530,844
11280991350085,11280991350800,715
11280991594066,11280991594887,821
11280991835008,11280991835700,692
11280992080897,11280992081712,815
11280992328537,11280992329260,723
11280992573164,11280992574003,839
11280992815739,11280992816459,720
11280993061459,11280993062291,832
11280993305717,11280993306424,707
11280993551838,11280993552732,894
11280993794562,11280993795279,717
11280994037442,11280994038264,822
11280994280197,11280994280858,661
11280994522220,11280994523053,833
11280994766035,11280994766719,684
11280995011501,11280995012307,806
11280995253540,11280995254207,667
11280995499508,11280995500345,837
11280995747654,11280995748348,694
11280995993154,11280995993990,836
11280996233336,11280996234001,665
11280996477851,11280996478695,844
11280996718267,11280996718966,699
11280996961261,11280996962096,835
11280997201329,11280997202008,679
11280997444489,11280997445355,866
11280997684948,11280997685629,681
11280997928452,11280997929297,845
11280998168369,11280998169049,680
11280998410552,11280998411392,840
11280998654599,11280998655283,684
11280998906624,11280998907448,824
11280999161030,11280999161759,729
11280999406324,11280999407144,820
11280999675351,11280999676043,692
11280999927164,11280999928030,866
11281000171984,11281000172713,729
11281000414320,11281000415178,858
11281000653809,11281000654525,716
11281000899333,11281000900223,890
11281001143989,11281001144729,740
11281001384219,11281001385095,876
11281001631629,11281001632354,725
11281001876201,11281001877048,847
11281002117996,11281002118691,695
11281002372298,11281002373157,859
11281002616814,11281002617512,698
11281002861205,11281002862049,844
11281003105623,11281003106328,705
11281003350862,11281003351742,880
11281003594756,11281003595446,690
11281003840711,11281003841563,852
11281004079863,11281004080518,655
11281004323972,11281004324810,838
11281004566163,11281004566863,700
11281004809469,11281004810291,822
11281005050570,11281005051247,677
11281005296947,11281005297756,809
11281005538504,11281005543762,5258
11281005796085,11281005796898,813
11281006039998,11281006040667,669
11281006287519,11281006288370,851
11281006534351,11281006535025,674
11281006778357,11281006779211,854
11281007020810,11281007021527,717
11281007265226,11281007266050,824
11281007506207,11281007506940,733
11281007746450,11281007747296,846
11281007989904,11281007990620,716
11281008231136,11281008231999,863
11281008474597,11281008475263,666
11281008718933,11281008719781,848
11281008967628,11281008968309,681
11281009215923,11281009216758,835
11281009459622,11281009460317,695
11281009706494,11281009707361,867
11281009948713,11281009949438,725
11281010195975,11281010196818,843
11281010439785,11281010440492,707
11281010686620,11281010687415,795
11281010928023,11281010928738,715
11281011170100,11281011170931,831
11281011411739,11281011412471,732
11281011655534,11281011656406,872
11281011899018,11281011899719,701
11281012142276,11281012143167,891
11281012394143,11281012394871,728
11281012639278,11281012640132,854
11281012889807,11281012890505,698
11281013132066,11281013132909,843
11281013374336,11281013375059,723
11281013618019,11281013618868,849
11281013861774,11281013862509,735
11281014103756,11281014104581,825
11281014345714,11281014346408,694
11281014586505,11281014587324,819
11281014828144,11281014828830,686
11281015073866,11281015074709,843
11281015317432,11281015318090,658
11281015567094,11281015567936,842
11281015810444,11281015811126,682
11281016054430,11281016055260,830
11281016299441,11281016300152,711
11281016545121,11281016545963,842
11281016790456,11281016791142,686
11281017035964,11281017036801,837
11281017278554,11281017279246,692
11281017520436,11281017521279,843
11281017761679,11281017762388,709
11281018005297,11281018006088,791
11281018251483,11281018252148,665
11281018495169,11281018495971,802
11281018738180,11281018738866,686
11281019011600,11281019012463,863
11281019258860,11281019259534,674
11281019503042,11281019503892,850
11281019743690,11281019744409,719
11281019984273,11281019985127,854
11281020228516,11281020229234,718
11281020472059,11281020472935,876
11281020712945,11281020713613,668
11281020953629,11281020954484,855
11281021195802,11281021196470,668
11281021439153,11281021440012,859
11281021681840,11281021682533,693
11281021922946,11281021923826,880
11281022165900,11281022166591,691
11281022414882,11281022415723,841
11281022655467,11281022656157,690
11281022901378,11281022902186,808
11281023143112,11281023143811,699
11281023387295,11281023388135,840
11281023628128,11281023628817,689
11281023872178,11281023873026,848
11281024112386,11281024113053,667
11281024353883,11281024354708,825
11281024593783,11281024594453,670
11281024869116,11281024869945,829
11281025112581,11281025113225,644
11281025357249,11281025358061,812
11281025608210,11281025608875,665
11281025851590,11281025852419,829
11281026097373,11281026098064,691
11281026340543,11281026341404,861
11281026585338,11281026586030,692
11281026830125,11281026831001,876
11281027073117,11281027073819,702
11281027314779,11281027315621,842
11281027553261,11281027553935,674
11281027796102,11281027796964,862
11281028036625,11281028037326,701
11281028278643,11281028279518,875
11281028521567,11281028522244,677
11281028765389,11281028766253,864
11281029014766,11281029015475,709
11281029259853,11281029260731,878
11281029501511,11281029502215,704
11281029746734,11281029747576,842
11281029991492,11281029992190,698
11281030246452,11281030247248,796
11281030487210,11281030487890,680
11281030731082,11281030731910,828
11281030970576,11281030971249,673
11281031213427,11281031214233,806
11281031461391,11281031462067,676
11281031702309,11281031703122,813
11281031946808,11281031947485,677
11281032190303,11281032191135,832
11281032463328,11281032464033,705
11281032724094,11281032724955,861
11281032977342,11281032977987,645
11281033221677,11281033222498,821
11281033466122,11281033466805,683
11281033709209,11281033710035,826
11281033950185,11281033950864,679
11281034193825,11281034194653,828
11281034434269,11281034434964,695
11281034676813,11281034677698,885
11281034919319,11281034920012,693
11281035159153,11281035160016,863
11281035400857,11281035401523,666
11281035655335,11281035656194,859
11281035899671,11281035900335,664
11281036142037,11281036142875,838
11281036390144,11281036390852,708
11281036636632,11281036637569,937
11281036878489,11281036879168,679
11281037123620,11281037124501,881
11281037366937,11281037367624,687
11281037610629,11281037611483,854
11281037850376,11281037851121,745
11281038112545,11281038113399,854
11281038353764,11281038354471,707
11281038600951,11281038601801,850
11281038839651,11281038840362,711
11281039093087,11281039093972,885
11281039338296,11281039338981,685
11281039604125,11281039605277,1152
11281039863375,11281039864038,663
11281040116610,11281040117395,785
11281040335975,11281040336604,629
11281040561348,11281040562077,729
11281040777959,11281040778524,565
11281041035534,11281041036416,882
11281041306345,11281041307079,734
11281041563175,11281041564073,898
11281041809281,11281041809999,718
11281042055344,11281042056139,795
11281042334021,11281042334737,716
11281042588993,11281042589856,863
11281042840431,11281042841207,776
11281043090139,11281043090993,854
11281043332079,11281043332800,721
11281043589006,11281043589855,849
11281043845335,11281043845991,656
11281044107642,11281044108844,1202
11281044375388,11281044376142,754
11281044668277,11281044669370,1093
11281045110917,11281045112180,1263
11281045519184,11281045520263,1079
11281045895563,11281045896559,996
11281046398118,11281046399673,1555
11281046914022,11281046915003,981
11281047293967,11281047294830,863
11281047581909,11281047582862,953
11281047897896,11281047899191,1295
11281048256069,11281048257091,1022
11281048870451,11281048884540,14089
11281049524630,11281049526630,2000
11281050080667,11281050082179,1512
11281050405115,11281050405702,587
11281050653972,11281050654860,888
11281050884115,11281050884802,687
11281051127632,11281051128415,783
11281051392097,11281051392924,827
11281051642605,11281051643426,821
11281051868362,11281051869011,649
11281052100495,11281052101294,799
11281052361224,11281052361942,718
11281052591718,11281052592519,801
11281052813735,11281052814364,629
11281053036490,11281053037280,790
11281053264835,11281053265490,655
11281053493101,11281053493868,767
11281053713813,11281053714480,667
11281053936948,11281053937682,734
11281054157320,11281054157989,669
11281054380490,11281054381271,781
11281054598927,11281054599564,637
11281054821816,11281054822594,778
11281055039616,11281055040247,631
11281055273382,11281055274197,815
11281055490476,11281055491115,639
11281055723311,11281055724131,820
11281055948121,11281055948751,630
11281056172422,11281056173233,811
11281056410118,11281056410730,612
11281056634763,11281056635525,762
11281056853801,11281056854441,640
11281057150898,11281057151697,799
11281057473919,11281057474617,698
11281057724504,11281057725358,854
11281057949793,11281057950462,669
11281058202463,11281058203364,901
11281058470542,11281058471181,639
11281058694871,11281058695643,772
11281058929187,11281058929830,643
11281059157767,11281059158591,824
11281059381989,11281059382633,644
11281059627242,11281059628360,1118
11281059841495,11281059842125,630
11281060090352,11281060091113,761
11281060305495,11281060306107,612
11281060527608,11281060528358,750
11281060742888,11281060743543,655
11281060963066,11281060963833,767
11281061179156,11281061179771,615
11281061397650,11281061398376,726
11281061617885,11281061618503,618
11281061836390,11281061837178,788
11281062060137,11281062060788,651
11281062288121,11281062288939,818
11281062573792,11281062574488,696
11281062842655,11281062843584,929
11281063140233,11281063140923,690
11281063440732,11281063442005,1273
11281063804754,11281063805987,1233
11281064136563,11281064137615,1052
11281064455792,11281064456586,794
11281064752398,11281064753357,959
11281065064764,11281065065420,656
11281065372696,11281065373642,946
11281065664218,11281065664905,687
11281065930620,11281065931817,1197
11281066202269,11281066203012,743
11281066469734,11281066470652,918
11281066711410,11281066712065,655
11281066960069,11281066960880,811
11281067195045,11281067195704,659
11281067439884,11281067440689,805
11281067700671,11281067701377,706
11281067945898,11281067946659,761
11281068197694,11281068198318,624
11281068432263,11281068433090,827
11281068664615,11281068665288,673
11281068912708,11281068913728,1020
11281069147135,11281069147835,700
11281069401180,11281069402020,840
11281069634192,11281069634863,671
11281069873621,11281069874467,846
11281070119419,11281070120095,676
11281070353311,11281070354129,818
11281070584066,11281070584751,685
11281070818011,11281070818775,764
11281071046467,11281071047145,678
11281071279827,11281071280623,796
11281071512411,11281071513123,712
11281071743477,11281071744301,824
11281071975772,11281071976484,712
11281072219445,11281072220378,933
11281072455828,11281072456549,721
11281072687939,11281072688865,926
11281072919192,11281072920114,922
11281073205732,11281073206569,837
11281073510784,11281073511470,686
11281073759235,11281073760058,823
11281073987512,11281073988223,711
11281074241196,11281074242005,809
11281074499774,11281074500555,781
11281074739010,11281074739811,801
11281074970630,11281074971307,677
11281075207824,11281075208660,836
11281075435057,11281075435694,637
11281075710942,11281075711843,901
11281075938852,11281075939536,684
11281076169309,11281076170155,846
11281076398193,11281076398864,671
11281076626536,11281076627315,779
11281076853849,11281076854505,656
11281077080332,11281077081134,802
11281077310775,11281077311438,663
11281077545255,11281077546053,798
11281077770644,11281077771277,633
11281077994690,11281077995484,794
11281078226067,11281078226741,674
11281078453570,11281078454358,788
11281078679645,11281078680291,646
11281078916207,11281078916988,781
11281079185228,11281079185851,623
11281079426376,11281079427193,817
11281079688275,11281079688942,667
11281079923505,11281079924283,778
11281080149933,11281080150613,680
11281080382959,11281080383753,794
11281080607990,11281080608667,677
11281080838145,11281080838889,744
11281081066087,11281081066729,642
11281081293699,11281081294478,779
11281081522364,11281081523230,866
11281081786524,11281081787388,864
11281082012202,11281082012905,703
11281082243517,11281082244355,838
11281082510150,11281082510849,699
11281082758184,11281082758988,804
11281082977149,11281082977813,664
11281083197247,11281083198057,810
11281083414660,11281083415302,642
11281083634627,11281083635418,791
11281083849421,11281083850059,638
11281084066671,11281084067482,811
11281084283802,11281084284486,684
11281084503260,11281084504039,779
11281084719866,11281084720557,691
11281084939287,11281084940076,789
11281085156033,11281085156655,622
11281085385901,11281085386640,739
11281085623745,11281085624421,676
11281085846880,11281085847662,782
11281086063470,11281086064101,631
11281086287997,11281086288778,781
11281086509582,11281086510213,631
11281086734233,11281086735009,776
11281086953084,11281086953739,655
11281087172747,11281087173506,759
11281087391177,11281087391793,616
11281087617173,11281087617960,787
11281087838265,11281087838902,637
11281088060084,11281088060849,765
11281088299029,11281088299642,613
11281088522602,11281088523395,793
11281088741805,11281088742480,675
11281088970192,11281088971004,812
11281089191377,11281089192053,676
11281089412413,11281089413190,777
11281089630284,11281089630960,676
11281089846705,11281089847493,788
11281090063414,11281090064084,670
11281090282808,11281090283580,772
11281090501252,11281090501867,615
11281090719463,11281090720228,765
11281090937302,11281090937976,674
11281091153395,11281091154175,780
11281091372384,11281091373023,639
11281091590418,11281091591202,784
11281091805556,11281091806174,618
11281092022917,11281092023705,788
11281092243573,11281092244201,628
11281092469934,11281092470711,777
11281092687062,11281092687665,603
11281092905603,11281092906351,748
11281093118597,11281093119220,623
11281093342378,11281093343159,781
11281093556643,11281093557279,636
11281093775734,11281093776514,780
11281093992747,11281093993336,589
11281094211193,11281094211978,785
11281094427496,11281094428103,607
11281094644946,11281094645692,746
11281094861486,11281094862087,601
11281095077855,11281095078629,774
11281095297441,11281095298062,621
11281095526236,11281095527008,772
11281095774790,11281095775452,662
11281095997084,11281095998951,1867
11281096216045,11281096216708,663
11281096431051,11281096431801,750
11281096646993,11281096647608,615
11281096863092,11281096863846,754
11281097099510,11281097100124,614
11281097315901,11281097316671,770
11281097531107,11281097531750,643
11281097747175,11281097747949,774
11281097963560,11281097964198,638
11281098181653,11281098182443,790
11281098393142,11281098393769,627
11281098610481,11281098611229,748
11281098828147,11281098828810,663
11281099047597,11281099048364,767
11281099259599,11281099260265,666
11281099475731,11281099476515,784
11281099690824,11281099691453,629
11281099906148,11281099906935,787
11281100137638,11281100138230,592
11281100354844,11281100355554,710
11281100569330,11281100569945,615
11281100784173,11281100784893,720
11281100996949,11281100997580,631
11281101211613,11281101212336,723
11281101427239,11281101427845,606
11281101643960,11281101644714,754
11281101857328,11281101857977,649
11281102072867,11281102073621,754
11281102290857,11281102291483,626
11281102507350,11281102508089,739
11281102724706,11281102725343,637
11281102940235,11281102941001,766
11281103155313,11281103155940,627
11281103376047,11281103376837,790
11281103591921,11281103592575,654
11281103816672,11281103817443,771
11281104030250,11281104030848,598
11281104246004,11281104246756,752
11281104466775,11281104467415,640
11281104683727,11281104684495,768
11281104898531,11281104899136,605
11281105116476,11281105117265,789
11281105332432,11281105333081,649
11281105554284,11281105555042,758
11281105770967,11281105771596,629
11281105988643,11281105989362,719
11281106202391,11281106203019,628
11281106423900,11281106424659,759
11281106636778,11281106637440,662
11281106852009,11281106852756,747
11281107064708,11281107065342,634
11281107284839,11281107285621,782
11281107500978,11281107501630,652
11281107719782,11281107720561,779
11281107934201,11281107934813,612
11281108150922,11281108151667,745
11281108378466,11281108379098,632
11281108590909,11281108591667,758
11281108804813,11281108805461,648
11281109027238,11281109027980,742
11281109244675,11281109245320,645
11281109459858,11281109460605,747
11281109672592,11281109673228,636
11281109894626,11281109895398,772
11281110110944,11281110111579,635
11281110335268,11281110335997,729
11281110550811,11281110551430,619
11281110770934,11281110771707,773
11281110987212,11281110987809,597
11281111205696,11281111206439,743
11281111423499,11281111424140,641
11281111644809,11281111645575,766
11281111857480,11281111858107,627
11281112075168,11281112075911,743
11281112297274,11281112297914,640
11281112517574,11281112518314,740
11281112732960,11281112733552,592
11281112949373,11281112950126,753
11281113164956,11281113165571,615
11281113383827,11281113384565,738
11281113602304,11281113602931,627
11281113821400,11281113822123,723
11281114040912,11281114041529,617
11281114263032,11281114263776,744
11281114506468,11281114507088,620
11281114726428,11281114727186,758
11281114946709,11281114947338,629
11281115169752,11281115170504,752
11281115387714,11281115388328,614
11281115610363,11281115611120,757
11281115824994,11281115825629,635
11281116045957,11281116046750,793
11281116288867,11281116289515,648
11281116508323,11281116509112,789
11281116728045,11281116728694,649
11281116949770,11281116950568,798
11281117168016,11281117168642,626
11281117386324,11281117387090,766
11281117603676,11281117604307,631
11281117826818,11281117827592,774
11281118046330,11281118046948,618
11281118270982,11281118271733,751
11281118494256,11281118494889,633
11281118713924,11281118714661,737
11281118937607,11281118938198,591
11281119159869,11281119160619,750
11281119392334,11281119392932,598
11281119618456,11281119619267,811
11281119837885,11281119838533,648
11281120059521,11281120060259,738
11281120275652,11281120276259,607
11281120496667,11281120497448,781
11281120713367,11281120714001,634
11281120932478,11281120933256,778
11281121156404,11281121157043,639
11281121377146,11281121377904,758
11281121591908,11281121592523,615
11281121814963,11281121815746,783
11281122031750,11281122032334,584
11281122260506,11281122261267,761
11281122478234,11281122478863,629
11281122699131,11281122699873,742
11281122915124,11281122915710,586
11281123135778,11281123136534,756
11281123348954,11281123349574,620
11281123565857,11281123566644,787
11281123781477,11281123782089,612
11281124000793,11281124001547,754
11281124218898,11281124219530,632
11281124438689,11281124439434,745
11281124656230,11281124656830,600
11281124877758,11281124878530,772
11281125095075,11281125095681,606
11281125316495,11281125317252,757
11281125533529,11281125534151,622
11281125760663,11281125761415,752
11281125977886,11281125978558,672
11281126194125,11281126194881,756
11281126412784,11281126413365,581
11281126630952,11281126631677,725
11281126847442,11281126848044,602
11281127067522,11281127068258,736
11281127284779,11281127285375,596
11281127507444,11281127508211,767
11281127725206,11281127725835,629
11281127946901,11281127947641,740
11281128163982,11281128164612,630
11281128386299,11281128387018,719
11281128601832,11281128602459,627
11281128823607,11281128824386,779
11281129049876,11281129050495,619
11281129272671,11281129273431,760
11281129489520,11281129490120,600
11281129710822,11281129711584,762
11281129932851,11281129933462,611
11281130155021,11281130155776,755
11281130372677,11281130373295,618
11281130593770,11281130594546,776
11281130814386,11281130814998,612
11281131037229,11281131037991,762
11281131262696,11281131263307,611
11281131482049,11281131482808,759
11281131702667,11281131703267,600
11281131924677,11281131925409,732
11281132164656,11281132165263,607
11281132408586,11281132409354,768
11281132626724,11281132627349,625
11281132843979,11281132844710,731
11281133066194,11281133066852,658
11281133286140,11281133286895,755
11281133503005,11281133503618,613
11281133724208,11281133724985,777
11281133945011,11281133945609,598
11281134163730,11281134164500,770
11281134381243,11281134381883,640
11281134604860,11281134605641,781
11281134821275,11281134821921,646
11281135041921,11281135042693,772
11281135264393,11281135265039,646
11281135486188,11281135486977,789
11281135710179,11281135710853,674
11281135933259,11281135934045,786
11281136151105,11281136151733,628
11281136377817,11281136378591,774
11281136598018,11281136598604,586
11281136814805,11281136815545,740
11281137031502,11281137032117,615
11281137251452,11281137252197,745
11281137466723,11281137467280,557
11281137682227,11281137682952,725
11281137904565,11281137905153,588
11281138123381,11281138124132,751
11281138340593,11281138341197,604
11281138557811,11281138558547,736
11281138776284,11281138776854,570
11281138998654,11281138999422,768
11281139214569,11281139215175,606
11281139432381,11281139433158,777
11281139651434,11281139652068,634
11281139869606,11281139870351,745
11281140083232,11281140083806,574
11281140302984,11281140303722,738
11281140518505,11281140519111,606
11281140736708,11281140737460,752
11281140958265,11281140958858,593
11281141248098,11281141248926,828
11281141490112,11281141490788,676
11281141718292,11281141719116,824
11281141937706,11281141938385,679
11281142156937,11281142157720,783
11281142379725,11281142380353,628
11281142604341,11281142605130,789
11281142928276,11281142929118,842
11281143269342,11281143270523,1181
11281143530985,11281143531684,699
11281143763644,11281143764481,837
11281143990790,11281143991424,634
11281144214306,11281144215077,771
11281144445234,11281144445857,623
11281144669648,11281144670383,735
11281144892810,11281144893461,651
11281145116245,11281145116967,722
11281145339800,11281145340447,647
11281145577015,11281145577807,792
11281145812292,11281145812956,664
11281146035021,11281146035739,718
11281146290005,11281146290652,647
11281146511236,11281146511966,730
11281146725805,11281146726390,585
11281146942197,11281146942959,762
11281147168150,11281147168737,587
11281147387078,11281147387822,744
11281147601340,11281147601924,584
11281147819872,11281147820584,712
11281148038350,11281148038948,598
11281148263266,11281148264044,778
11281148476666,11281148477276,610
11281148694537,11281148695289,752
11281148920219,11281148920852,633
11281149147137,11281149147921,784
11281149364811,11281149365418,607
11281149582172,11281149582909,737
11281149799974,11281149800609,635
11281150018514,11281150019264,750
11281150253724,11281150254367,643
11281150471537,11281150472334,797
11281150688545,11281150689165,620
11281150902362,11281150903125,763
11281151122042,11281151122665,623
11281151340254,11281151341034,780
11281151554273,11281151554944,671
11281151770821,11281151771553,732
11281151987749,11281151988382,633
11281152203426,11281152204215,789
11281152436828,11281152437497,669
11281152654700,11281152655442,742
11281152869929,11281152870575,646
11281153091624,11281153092400,776
11281153306615,11281153307203,588
11281153529001,11281153529764,763
11281153743641,11281153744301,660
11281153962682,11281153963452,770
11281154178372,11281154178987,615
11281154396410,11281154397167,757
11281154612126,11281154612707,581
11281154829163,11281154829901,738
11281155047522,11281155048156,634
11281155265188,11281155265978,790
11281155481178,11281155481831,653
11281155708167,11281155709000,833
11281155930718,11281155931398,680
11281156150804,11281156151597,793
11281156366388,11281156367033,645
11281156585390,11281156586156,766
11281156807014,11281156807699,685
11281157023863,11281157024649,786
11281157241856,11281157242494,638
11281157459586,11281157460341,755
11281157674872,11281157675514,642
11281157892432,11281157893218,786
11281158108434,11281158109034,600
11281158324840,11281158325607,767
11281158541113,11281158541739,626
11281158759167,11281158759955,788
11281158981727,11281158982379,652
11281159203377,11281159204156,779
11281159439463,11281159440086,623
11281159656944,11281159657686,742
11281159875902,11281159876548,646
11281160095738,11281160096493,755
11281160308664,11281160309271,607
11281160529173,11281160529946,773
11281160744922,11281160745581,659
11281160963200,11281160963960,760
11281161178971,11281161179625,654
11281161403522,11281161404258,736
11281161618798,11281161619391,593
11281161840765,11281161841525,760
11281162056177,11281162056765,588
11281162285205,11281162286001,796
11281162506249,11281162506904,655
11281162722749,11281162723540,791
11281162968658,11281162969326,668
11281163187845,11281163188616,771
11281163405688,11281163406298,610
11281163620688,11281163621469,781
11281163836500,11281163837119,619
11281164053555,11281164054344,789
11281164273257,11281164273885,628
11281164486812,11281164487620,808
11281164704579,11281164705201,622
11281164920949,11281164921751,802
11281165131786,11281165132416,630
11281165350615,11281165351363,748
11281165575302,11281165575998,696
11281165796475,11281165797276,801
11281166062979,11281166063698,719
11281166303854,11281166304730,876
11281166523458,11281166524080,622
11281166744247,11281166745073,826
11281166959558,11281166960187,629
11281167178286,11281167179062,776
11281167398898,11281167399541,643
11281167637470,11281167638228,758
11281167853370,11281167854022,652
11281168071392,11281168072163,771
11281168291153,11281168291844,691
11281168506325,11281168507141,816
11281168723634,11281168724255,621
11281168965221,11281168966019,798
11281169189826,11281169190529,703
11281169414856,11281169415643,787
11281169631191,11281169631857,666
11281169847670,11281169848454,784
11281170066810,11281170067414,604
11281170292828,11281170293616,788
11281170507760,11281170508419,659
11281170726332,11281170727113,781
11281170937736,11281170938344,608
11281171156822,11281171157596,774
11281171376136,11281171376800,664
11281171594097,11281171594881,784
11281171809501,11281171810148,647
11281172030281,11281172031057,776
11281172250869,11281172251554,685
11281172469163,11281172469976,813
11281172683897,11281172684538,641
11281172902929,11281172903690,761
11281173119591,11281173120257,666
11281173350338,11281173351166,828
11281173564278,11281173564937,659
11281173780622,11281173781393,771
11281173997430,11281173998064,634
11281174215174,11281174215948,774
11281174431233,11281174431840,607
11281174647505,11281174648290,785
11281174861435,11281174862078,643
11281175080870,11281175081638,768
11281175296178,11281175296795,617
11281175512605,11281175513367,762
11281175743811,11281175744493,682
11281175976952,11281175977796,844
11281176204099,11281176204778,679
11281176434710,11281176435523,813
11281176661264,11281176661960,696
11281176891460,11281176892304,844
11281177122371,11281177123068,697
11281177348338,11281177349154,816
11281177572620,11281177573325,705
11281177801503,11281177802318,815
11281178026100,11281178026800,700
11281178253191,11281178253974,783
11281178477843,11281178478514,671
11281178705830,11281178706689,859
11281178940100,11281178940807,707
11281179175204,11281179176038,834
11281179403240,11281179403915,675
11281179633634,11281179634450,816
11281179861699,11281179862361,662
11281180104924,11281180105771,847
11281180330474,11281180331199,725
11281180560593,11281180561389,796
11281180798783,11281180799477,694
11281181024101,11281181024891,790
11281181254888,11281181255539,651
11281181488827,11281181489619,792
11281181714266,11281181714982,716
11281181941020,11281181941829,809
11281182167448,11281182168128,680
11281182409062,11281182409889,827
11281182640108,11281182640786,678
11281182868689,11281182869474,785
11281183096516,11281183097198,682
11281183335894,11281183336708,814
11281183560476,11281183561179,703
11281183790968,11281183791770,802
11281184016790,11281184017429,639
11281184257919,11281184258735,816
11281184485393,11281184486064,671
11281184712810,11281184713646,836
11281184937024,11281184937665,641
11281185168797,11281185169625,828
11281185394965,11281185395693,728
11281185658328,11281185659209,881
11281185890533,11281185891232,699
11281186121399,11281186122250,851
11281186356063,11281186356778,715
11281186585013,11281186585825,812
11281186810153,11281186810844,691
11281187037804,11281187038632,828
11281187272836,11281187273594,758
11281187497626,11281187498450,824
11281187724559,11281187725254,695
11281187954762,11281187955559,797
11281188179264,11281188179977,713
11281188408629,11281188409427,798
11281188636483,11281188637165,682
11281188865048,11281188865829,781
11281189102900,11281189103627,727
11281189335311,11281189336138,827
11281189563910,11281189564562,652
11281189795284,11281189796157,873
11281190019415,11281190020065,650
11281190247249,11281190248061,812
11281190474649,11281190475338,689
11281190704565,11281190705354,789
11281190929280,11281190929969,689
11281191164381,11281191165149,768
11281191444260,11281191444948,688
11281191673849,11281191674660,811
11281191901179,11281191901853,674
11281192129979,11281192130754,775
11281192386364,11281192387040,676
11281192620477,11281192621261,784
11281192845437,11281192846100,663
11281193079463,11281193080246,783
11281193309642,11281193310349,707
11281193540867,11281193541660,793
11281193766023,11281193766673,650
11281194002709,11281194003490,781
11281194229828,11281194230521,693
11281194459907,11281194460687,780
11281194688800,11281194689461,661
11281194916893,11281194917713,820
11281195144476,11281195145129,653
11281195372537,11281195373299,762
11281195609375,11281195610034,659
11281195838150,11281195838981,831
11281196066286,11281196066957,671
11281196296118,11281196296926,808
11281196524824,11281196525556,732
11281196754174,11281196754992,818
11281196980045,11281196980716,671
11281197208695,11281197209506,811
11281197432921,11281197433665,744
11281197662451,11281197663224,773
11281197886787,11281197887500,713
11281198113832,11281198114632,800
11281198335952,11281198336620,668
11281198570064,11281198570871,807
11281198794462,11281198795159,697
11281199031779,11281199032652,873
11281199260796,11281199261491,695
11281199488049,11281199488852,803
11281199718271,11281199718932,661
11281199945381,11281199946180,799
11281200172101,11281200172765,664
11281200399204,11281200399928,724
11281200629988,11281200630642,654
11281200855701,11281200856442,741
11281201079969,11281201080609,640
11281201307676,11281201308457,781
11281201535884,11281201536550,666
11281201763887,11281201764655,768
11281201992864,11281201993569,705
11281202228345,11281202229126,781
11281202456409,11281202457077,668
11281202691125,11281202691929,804
11281202918003,11281202918671,668
11281203147920,11281203148732,812
11281203375638,11281203376349,711
11281203608053,11281203608847,794
11281203833143,11281203833839,696
11281204063794,11281204064587,793
11281204306760,11281204307449,689
11281204534468,11281204535246,778
11281204763724,11281204764410,686
11281204989748,11281204990533,785
11281205218504,11281205219173,669
11281205447138,11281205447916,778
11281205685157,11281205685872,715
11281205914887,11281205915697,810
11281206144082,11281206144741,659
11281206373313,11281206374125,812
11281206601834,11281206602529,695
11281206832944,11281206833761,817
11281207060730,11281207061392,662
11281207289647,11281207290434,787
11281207513568,11281207514198,630
11281207739378,11281207740182,804
11281207970452,11281207971148,696
11281208199258,11281208199983,725
11281208424108,11281208424786,678
11281208653158,11281208653939,781
11281208888041,11281208888739,698
11281209121406,11281209122198,792
11281209353125,11281209353794,669
11281209583827,11281209584660,833
11281209813604,11281209814315,711
11281210042678,11281210043518,840
11281210302016,11281210302710,694
11281210531502,11281210532312,810
11281210761297,11281210761973,676
11281210990895,11281210991670,775
11281211233344,11281211234027,683
11281211462719,11281211463507,788
11281211688352,11281211688996,644
11281211917828,11281211918622,794
11281212145828,11281212146483,655
11281212390138,11281212390981,843
11281212620442,11281212621127,685
11281212850728,11281212851545,817
11281213081528,11281213082247,719
11281213315779,11281213316585,806
11281213545758,11281213546451,693
11281213774402,11281213775197,795
11281214002212,11281214002878,666
11281214231999,11281214232798,799
11281214458267,11281214458934,667
11281214685851,11281214686640,789
11281214913153,11281214913800,647
11281215141122,11281215141892,770
11281215381061,11281215381741,680
11281215617512,11281215618328,816
11281215844753,11281215845386,633
11281216086325,11281216087130,805
11281216315614,11281216316296,682
11281216546118,11281216546900,782
11281216773062,11281216773752,690
11281217002890,11281217003678,788
11281217244274,11281217244953,679
11281217473903,11281217474678,775
11281217697847,11281217698537,690
11281217926240,11281217927009,769
11281218158350,11281218159060,710
11281218385992,11281218386758,766
11281218612936,11281218613616,680
11281218839415,11281218840196,781
11281219074592,11281219075247,655
11281219305123,11281219305925,802
11281219541640,11281219542307,667
11281219771171,11281219771966,795
11281220002434,11281220003124,690
11281220232143,11281220232918,775
11281220457730,11281220458378,648
11281220687206,11281220687986,780
11281220914260,11281220914901,641
11281221147535,11281221148304,769
11281221376965,11281221377595,630
11281221605181,11281221605991,810
11281221829596,11281221830297,701
11281222058341,11281222059143,802
11281222297432,11281222298139,707
11281222529908,11281222530703,795
11281222757310,11281222757925,615
11281223002077,11281223002853,776
11281223230105,11281223230762,657
11281223461416,11281223462188,772
11281223686873,11281223687535,662
11281223912683,11281223913492,809
11281224138734,11281224139392,658
11281224384199,11281224384982,783
11281224611402,11281224612101,699
11281224839567,11281224840383,816
11281225064544,11281225065242,698
11281225293251,11281225294086,835
11281225522467,11281225523156,689
11281225759400,11281225760211,811
11281225985979,11281225986635,656
11281226216525,11281226217312,787
11281226446996,11281226447693,697
11281226676519,11281226677284,765
11281226901974,11281226902622,648
11281227130201,11281227130999,798
11281227360094,11281227360752,658
11281227586630,11281227587394,764
11281227815085,11281227815750,665
11281228042920,11281228043707,787
11281228267560,11281228268212,652
11281228495920,11281228496719,799
11281228720425,11281228721076,651
11281228956546,11281228957353,807
11281229186569,11281229187250,681
11281229418267,11281229419004,737
11281229644899,11281229645580,681
11281229874908,11281229875703,795
11281230101403,11281230102078,675
11281230330432,11281230331216,784
11281230558124,11281230558800,676
11281230785911,11281230786710,799
11281231012106,11281231012793,687
11281231238521,11281231239275,754
11281231493007,11281231493647,640
11281231723199,11281231723958,759
11281231949219,11281231949882,663
11281232177263,11281232178030,767
11281232411313,11281232412016,703
11281232639762,11281232640581,819
11281232866039,11281232866704,665
11281233095129,11281233095933,804
11281233321154,11281233321821,667
11281233546789,11281233547585,796
11281233772815,11281233773466,651
11281234002199,11281234002984,785
11281234227971,11281234228650,679
11281234453965,11281234454764,799
11281234677147,11281234677788,641
11281234902897,11281234903675,778
11281235127872,11281235128528,656
11281235355200,11281235356007,807
11281235588340,11281235590059,1719
11281235821331,11281235822138,807
11281236048391,11281236049084,693
11281236276008,11281236276822,814
11281236502678,11281236503368,690
11281236729669,11281236730428,759
11281236952777,11281236953406,629
11281237181785,11281237182581,796
11281237407571,11281237408220,649
11281237634743,11281237635547,804
11281237860483,11281237861146,663
11281238088070,11281238088811,741
11281238313771,11281238314424,653
11281238539286,11281238540052,766
11281238764940,11281238765577,637
11281239007946,11281239008779,833
11281239238270,11281239238940,670
11281239467016,11281239467844,828
11281239691864,11281239692558,694
11281239921802,11281239922609,807
11281240148959,11281240149651,692
11281240376258,11281240377063,805
11281240601276,11281240601959,683
11281240829120,11281240829916,796
11281241067476,11281241068126,650
11281241299559,11281241300322,763
11281241526372,11281241527050,678
11281241753841,11281241754617,776
11281241981551,11281241982236,685
11281242217859,11281242218707,848
11281242446961,11281242447641,680
11281242675815,11281242676643,828
11281242900438,11281242901083,645
11281243130191,11281243130989,798
11281243352610,11281243353315,705
11281243581301,11281243582099,798
11281243808013,11281243808693,680
11281244035489,11281244036275,786
11281244260355,11281244261047,692
11281244490442,11281244491225,783
11281244716796,11281244717442,646
11281244950636,11281244951423,787
11281245178763,11281245179414,651
11281245406566,11281245407335,769
11281245640113,11281245640828,715
11281245872688,11281245873518,830
11281246098915,11281246099618,703
11281246330399,11281246331170,771
11281246559043,11281246559703,660
11281246787829,11281246788634,805
11281247012383,11281247013056,673
11281247245626,11281247246413,787
11281247468882,11281247469569,687
11281247694144,11281247694928,784
11281247924042,11281247924721,679
11281248155050,11281248155840,790
11281248380031,11281248380687,656
11281248606155,11281248606930,775
11281248828428,11281248829113,685
11281249063977,11281249064806,829
11281249298083,11281249298737,654
11281249516957,11281249517710,753
11281249737054,11281249737695,641
11281249956386,11281249957143,757
11281250175597,11281250176203,606
11281250392842,11281250393556,714
11281250609442,11281250610080,638
11281250827566,11281250828306,740
11281251043918,11281251044536,618
11281251263454,11281251264244,790
11281251479846,11281251480494,648
11281251700524,11281251701287,763
11281251916078,11281251916673,595
11281252136489,11281252137264,775
11281252357412,11281252358038,626
11281252575749,11281252576490,741
11281252795849,11281252796471,622
11281253014794,11281253015559,765
11281253230481,11281253231136,655
11281253452575,11281253453357,782
11281253671004,11281253671647,643
11281253888638,11281253889420,782
11281254102325,11281254102962,637
11281254333642,11281254334384,742
11281254552837,11281254553509,672
11281254771260,11281254772055,795
11281254984404,11281254985044,640
11281255207268,11281255208047,779
11281255425372,11281255426032,660
11281255649369,11281255650126,757
11281255865770,11281255866391,621
11281256085552,11281256086275,723
11281256306799,11281256307410,611
11281256561219,11281256562237,1018
11281256907136,11281256907971,835
11281257277231,11281257278152,921
11281257523150,11281257523841,691
11281257894027,11281257895514,1487
11281258313074,11281258314106,1032
11281258605915,11281258606907,992
11281258840524,11281258841183,659
11281259075683,11281259076536,853
11281259298924,11281259299657,733
11281259562552,11281259563624,1072
11281259907824,11281259908838,1014
11281260287392,11281260288284,892
11281260523240,11281260523918,678
11281260749732,11281260750539,807
11281260966858,11281260967520,662
11281261192432,11281261193272,840
11281261410159,11281261410842,683
11281261631253,11281261632076,823
11281261850908,11281261851513,605
11281262072679,11281262073490,811
11281262299610,11281262300296,686
11281262532686,11281262533495,809
11281262750324,11281262750970,646
11281262968519,11281262969296,777
11281263187939,11281263188591,652
11281263409993,11281263410825,832
11281263625230,11281263625880,650
11281263843607,11281263844395,788
11281264060301,11281264060909,608
11281264286250,11281264286995,745
11281264502148,11281264502781,633
11281264718936,11281264719744,808
11281264934061,11281264934665,604
11281265154815,11281265155571,756
11281265369545,11281265370158,613
11281265594391,11281265595177,786
11281265817436,11281265818122,686
11281266042247,11281266043005,758
11281266261572,11281266262183,611
11281266484567,11281266485333,766
11281266703491,11281266704091,600
11281266925546,11281266926352,806
11281267140851,11281267141458,607
11281267372031,11281267372809,778
11281267588823,11281267589464,641
11281267807115,11281267807869,754
11281268022423,11281268023051,628
11281268244672,11281268245427,755
11281268460221,11281268460845,624
11281268676057,11281268676852,795
11281268900090,11281268900755,665
11281269126876,11281269127646,770
11281269346876,11281269347460,584
11281269565850,11281269566653,803
11281269782754,11281269783387,633
11281270004332,11281270005086,754
11281270229266,11281270229910,644
11281270462448,11281270463217,769
11281270682037,11281270682688,651
11281270902771,11281270903529,758
11281271120111,11281271120730,619
11281271338066,11281271338816,750
11281271556221,11281271556818,597
11281271779387,11281271780191,804
11281272004400,11281272005025,625
11281272234744,11281272235500,756
11281272458454,11281272459104,650
11281272679220,11281272680006,786
11281272897634,11281272898270,636
11281273116766,11281273117538,772
11281273335993,11281273336611,618
11281273558330,11281273559103,773
11281273775910,11281273776550,640
11281273999213,11281274000018,805
11281274215900,11281274216511,611
11281274436154,11281274436965,811
11281274656304,11281274656940,636
11281274876116,11281274876903,787
11281275092085,11281275092714,629
11281275315716,11281275316499,783
11281275532630,11281275533267,637
11281275764713,11281275765502,789
11281275985021,11281275985667,646
11281276210071,11281276210841,770
11281276429220,11281276429891,671
11281276649921,11281276650684,763
11281276868379,11281276868991,612
11281277086705,11281277087485,780
11281277303347,11281277303971,624
11281277520236,11281277520980,744
11281277733194,11281277733833,639
11281277954113,11281277954881,768
11281278187641,11281278188265,624
11281278408870,11281278409624,754
11281278623971,11281278624669,698
11281278843756,11281278844559,803
11281279067873,11281279068568,695
11281279297052,11281279297844,792
11281279511765,11281279512430,665
11281279728920,11281279729698,778
11281279946650,11281279947273,623
11281280163878,11281280164672,794
11281280379157,11281280379806,649
11281280596739,11281280597531,792
11281280813442,11281280814076,634
11281281029584,11281281030390,806
11281281244694,11281281245347,653
11281281462173,11281281462950,777
11281281681328,11281281681938,610
11281281897661,11281281898433,772
11281282111607,11281282112244,637
11281282336993,11281282337790,797
11281282558545,11281282559201,656
11281282784271,11281282785029,758
11281283007165,11281283007779,614
11281283232066,11281283232821,755
11281283449178,11281283449797,619
11281283672693,11281283673470,777
11281283890681,11281283891320,639
11281284108442,11281284109225,783
11281284331380,11281284332032,652
11281284557884,11281284558650,766
11281284778310,11281284778923,613
11281284999018,11281284999814,796
11281285217288,11281285217923,635
11281285439190,11281285439954,764
11281285665534,11281285666194,660
11281285891283,11281285892086,803
11281286108838,11281286109510,672
11281286342076,11281286342840,764
11281286556345,11281286557000,655
11281286776872,11281286777672,800
11281286993344,11281286993993,649
11281287216004,11281287216748,744
11281287431752,11281287432355,603
11281287650798,11281287651563,765
11281287867904,11281287868521,617
11281288084757,11281288085496,739
11281288304798,11281288305384,586
11281288519682,11281288520390,708
11281288738676,11281288739274,598
11281288962326,11281288963059,733
11281289188145,11281289188765,620
11281289420287,11281289421061,774
11281289643524,11281289644141,617
11281289861081,11281289861852,771
11281290076893,11281290077526,633
11281290295490,11281290296250,760
11281290513576,11281290514189,613
11281290734352,11281290735085,733
11281290948749,11281290949340,591
11281291171383,11281291172142,759
11281291396311,11281291396950,639
11281291618151,11281291618929,778
11281291835311,11281291835926,615
11281292058099,11281292058851,752
11281292284567,11281292285232,665
11281292505659,11281292506471,812
11281292723836,11281292724483,647
11281292940907,11281292941682,775
11281293155287,11281293155872,585
11281293372038,11281293372756,718
11281293588424,11281293589023,599
11281293804647,11281293805389,742
11281294022821,11281294023445,624
11281294243122,11281294243880,758
11281294462136,11281294462735,599
11281294677235,11281294677986,751
11281294900756,11281294901389,633
11281295119530,11281295120313,783
11281295338875,11281295339492,617
11281295566951,11281295567731,780
11281295790672,11281295791336,664
11281296008742,11281296009526,784
11281296237348,11281296237962,614
11281296454358,11281296455110,752
11281296674438,11281296675060,622
11281296891296,11281296892062,766
11281297106290,11281297106930,640
11281297328719,11281297329512,793
11281297545396,11281297546010,614
11281297762622,11281297763386,764
11281297975967,11281297976569,602
11281298193807,11281298194513,706
11281298411582,11281298412226,644
11281298629226,11281298630003,777
11281298842212,11281298842821,609
11281299071151,11281299071934,783
11281299287136,11281299287803,667
11281299511027,11281299511804,777
11281299727489,11281299728114,625
11281299945215,11281299945990,775
11281300163113,11281300163744,631
11281300382537,11281300383304,767
11281300598856,11281300599498,642
11281300816849,11281300817628,779
11281301030825,11281301031465,640
11281301247394,11281301248188,794
11281301465355,11281301465975,620
11281301680796,11281301681535,739
11281301894947,11281301895544,597
11281302111455,11281302112261,806
11281302353819,11281302354448,629
11281302575630,11281302576404,774
11281302791590,11281302792188,598
11281303035344,11281303036162,818
11281303258193,11281303258874,681
11281303476274,11281303477054,780
11281303689012,11281303689622,610
11281303905931,11281303906693,762
11281304120729,11281304121349,620
11281304338941,11281304339683,742
11281304553485,11281304554104,619
11281304768850,11281304769632,782
11281304983324,11281304983967,643
11281305199979,11281305200736,757
11281305412239,11281305412848,609
11281305640488,11281305641294,806
11281305861927,11281305862570,643
11281306079385,11281306080157,772
11281306294380,11281306295032,652
11281306513663,11281306514438,775
11281306727689,11281306728334,645
11281306947121,11281306947932,811
11281307161055,11281307161696,641
11281307375332,11281307376157,825
11281307591065,11281307591713,648
11281307810075,11281307810852,777
11281308023465,11281308024077,612
11281308238149,11281308238945,796
11281308453772,11281308454411,639
11281308671298,11281308672048,750
11281308886594,11281308887213,619
11281309106775,11281309107606,831
11281309320293,11281309320888,595
11281309540702,11281309541468,766
11281309750777,11281309751331,554
11281309966231,11281309967023,792
11281310180749,11281310181351,602
11281310396478,11281310397239,761
11281310614170,11281310614793,623
11281310833909,11281310834694,785
11281311046042,11281311046651,609
11281311260259,11281311261032,773
11281311476866,11281311477486,620
11281311692658,11281311693414,756
11281311906217,11281311906832,615
11281312122283,11281312123080,797
11281312339690,11281312340391,701
11281312557332,11281312558097,765
11281312772233,11281312772874,641
11281312988031,11281312988807,776
11281313202378,11281313202999,621
11281313433488,11281313434231,743
11281313647224,11281313647856,632
11281313865196,11281313865949,753
11281314080468,11281314081074,606
11281314298868,11281314299630,762
11281314513060,11281314513646,586
11281314730241,11281314731011,770
11281314941541,11281314942180,639
11281315155868,11281315156614,746
11281315371238,11281315371885,647
11281315593642,11281315594437,795
11281315809584,11281315810199,615
11281316024478,11281316025223,745
11281316237494,11281316238093,599
11281316458922,11281316459640,718
11281316670458,11281316671077,619
11281316888227,11281316888994,767
11281317101327,11281317101978,651
11281317323164,11281317323932,768
11281317537730,11281317538397,667
11281317753374,11281317754120,746
11281317968269,11281317968910,641
11281318184886,11281318185629,743
11281318400835,11281318401416,581
11281318616385,11281318617115,730
11281318831176,11281318831762,586
11281319061528,11281319062325,797
11281319279435,11281319280110,675
11281319496428,11281319497223,795
11281319712946,11281319713548,602
11281319927639,11281319928417,778
11281320140443,11281320141077,634
11281320358980,11281320359760,780
11281320574347,11281320574999,652
11281320790844,11281320791619,775
11281321005650,11281321006247,597
11281321223586,11281321224331,745
11281321434551,11281321435203,652
11281321654432,11281321655161,729
11281321865804,11281321866425,621
11281322084175,11281322084940,765
11281322302094,11281322302751,657
11281322520847,11281322521591,744
11281322736005,11281322736632,627
11281322955992,11281322956758,766
11281323169084,11281323169710,626
11281323387548,11281323388295,747
11281323600517,11281323601162,645
11281323813244,11281323814012,768
11281324035071,11281324035699,628
11281324254358,11281324255095,737
11281324468871,11281324469467,596
11281324682906,11281324683641,735
11281324896903,11281324897493,590
11281325115186,11281325115937,751
11281325331916,11281325332522,606
11281325549189,11281325549975,786
11281325767008,11281325767645,637
11281325986544,11281325987297,753
11281326199088,11281326199741,653
11281326430962,11281326431721,759
11281326646366,11281326646992,626
11281326865711,11281326866452,741
11281327077966,11281327078597,631
11281327299301,11281327300078,777
11281327515055,11281327515704,649
11281327733567,11281327734351,784
11281327950283,11281327950917,634
11281328173013,11281328173770,757
11281328388391,11281328389017,626
11281328606154,11281328606871,717
11281328819244,11281328819840,596
11281329043844,11281329044614,770
11281329262507,11281329263152,645
11281329480555,11281329481327,772
11281329698623,11281329699244,621
11281329918956,11281329919679,723
11281330135808,11281330136414,606
11281330354561,11281330355298,737
11281330568404,11281330568989,585
11281330783886,11281330784602,716
11281331003871,11281331004517,646
11281331236049,11281331236774,725
11281331451142,11281331451752,610
11281331699306,11281331700293,987
11281332007164,11281332007861,697
11281332266764,11281332267651,887
11281332535984,11281332536662,678
11281332765686,11281332766510,824
11281333072017,11281333072697,680
11281333330549,11281333331467,918
11281333556809,11281333557478,669
11281333939612,11281333940905,1293
11281334349420,11281334350429,1009
11281334728694,11281334729968,1274
11281335078419,11281335079333,914
11281335442661,11281335443646,985
11281335806855,11281335807665,810
11281336153477,11281336154430,953
11281336478818,11281336479535,717
11281336841556,11281336842654,1098
11281337215449,11281337216629,1180
11281337589318,11281337590576,1258
11281337962212,11281337963143,931
11281338336904,11281338338131,1227
11281338720279,11281338721284,1005
11281339109643,11281339110844,1201
11281339451629,11281339452419,790
11281339795994,11281339796966,972
11281340119831,11281340120582,751
11281340431887,11281340432861,974
11281340758976,11281340759790,814
11281341092691,11281341093908,1217
11281341454669,11281341455535,866
11281341700529,11281341701439,910
11281341921509,11281341922176,667
11281342144846,11281342145644,798
11281342373014,11281342373694,680
11281342600115,11281342600895,780
11281342823949,11281342824640,691
11281343050788,11281343051582,794
11281343275972,11281343276620,648
11281343507177,11281343507961,784
11281343738176,11281343738847,671
11281343967213,11281343968031,818
11281344195910,11281344196554,644
11281344537191,11281344538319,1128
11281344837358,11281344838074,716
11281345076213,11281345077058,845
11281345301986,11281345302651,665
11281345527242,11281345528034,792
11281345764885,11281345765527,642
11281345983536,11281345984304,768
11281346202560,11281346203180,620
11281346425306,11281346426047,741
11281346641300,11281346641938,638
11281346856894,11281346857641,747
11281347087517,11281347088145,628
11281347324678,11281347325447,769
11281347548511,11281347549158,647
11281347770891,11281347771665,774
11281347991375,11281347991970,595
11281348212743,11281348213463,720
11281348439497,11281348440089,592
11281348660796,11281348661540,744
11281348897225,11281348897891,666
11281349123197,11281349123990,793
11281349343427,11281349344055,628
11281349569139,11281349570175,1036
11281349842536,11281349843223,687
11281350071978,11281350072814,836
11281350292450,11281350293054,604
11281350513663,11281350514436,773
11281350731483,11281350732120,637
11281350950775,11281350951523,748
11281351168661,11281351169580,919
11281351425236,11281351426053,817
11281351702277,11281351703007,730
11281352078219,11281352079227,1008
11281352442932,11281352443890,958
11281352844603,11281352845748,1145
11281353251936,11281353252873,937
11281353726410,11281353727600,1190
11281354291760,11281354292874,1114
11281354718592,11281354719492,900
11281355145421,11281355146471,1050
11281355576398,11281355577589,1191
11281355995112,11281355996063,951
11281356426588,11281356427816,1228
11281356843347,11281356844283,936
11281357265126,11281357266309,1183
11281357696036,11281357697035,999
11281358124165,11281358125333,1168
11281358547599,11281358548622,1023
11281358992725,11281358993938,1213
11281359408962,11281359409934,972
11281359833855,11281359835075,1220
11281360254451,11281360255499,1048
11281360677563,11281360678690,1127
11281361088197,11281361089264,1067
11281361598356,11281361599636,1280
11281362133051,11281362133979,928
11281362537464,11281362543602,6138
11281362962923,11281362963848,925
11281363384905,11281363386061,1156
11281363809218,11281363810337,1119
11281364233915,11281364235090,1175
11281364653434,11281364654470,1036
11281365079917,11281365081069,1152
11281365504666,11281365505709,1043
11281365938381,11281365939639,1258
11281366356504,11281366357489,985
11281366786504,11281366787761,1257
11281367214056,11281367215091,1035
11281367603476,11281367604467,991
11281367918414,11281367919132,718
11281368156199,11281368157096,897
11281368380908,11281368381550,642
11281368600331,11281368601156,825
11281368819574,11281368820161,587
11281369050426,11281369051257,831
11281369275456,11281369276116,660
11281369497472,11281369498297,825
11281369713076,11281369713707,631
11281369935386,11281369936163,777
11281370173061,11281370173713,652
11281370437479,11281370438342,863
11281370709356,11281370710034,678
11281370976679,11281370977525,846
11281371206445,11281371207130,685
11281371433047,11281371433842,795
11281371651446,11281371652086,640
11281371873693,11281371874454,761
11281372092326,11281372092958,632
11281372324304,11281372325141,837
11281372544380,11281372545069,689
11281372762683,11281372763451,768
11281372979606,11281372980235,629
11281373199347,11281373200114,767
11281373418058,11281373418664,606
11281373637583,11281373638428,845
11281373855773,11281373856430,657
11281374076623,11281374077390,767
11281374298217,11281374298824,607
11281374520338,11281374521105,767
11281374742890,11281374743532,642
11281374965416,11281374966148,732
11281375186979,11281375187622,643
11281375411355,11281375412111,756
11281375653353,11281375653998,645
11281375877647,11281375878430,783
11281376094160,11281376094761,601
11281376315575,11281376316368,793
11281376533530,11281376534202,672
11281376751893,11281376752693,800
11281376968474,11281376969125,651
11281377192132,11281377192895,763
11281377405270,11281377405912,642
11281377623184,11281377623944,760
11281377836979,11281377837599,620
11281378056070,11281378056843,773
11281378280602,11281378281234,632
11281378526492,11281378527355,863
11281378742775,11281378743452,677
11281378970587,11281378971388,801
11281379188596,11281379189221,625
11281379407083,11281379407868,785
11281379635016,11281379635684,668
11281379858170,11281379858914,744
11281380073578,11281380074173,595
11281380290446,11281380291209,763
11281380508224,11281380508839,615
11281380728879,11281380729631,752
11281380949816,11281380950434,618
11281381169231,11281381169997,766
11281381386905,11281381387512,607
11281381647242,11281381648081,839
11281381887676,11281381888311,635
11281382111901,11281382112703,802
11281382365365,11281382366029,664
11281382591643,11281382592369,726
11281382813431,11281382814060,629
11281383052141,11281383053003,862
11281383339702,11281383340574,872
11281383623668,11281383624545,877
11281383856251,11281383856954,703
11281384079665,11281384080454,789
11281384297535,11281384298178,643
11281384527116,11281384527873,757
11281384745344,11281384745961,617
11281384965459,11281384966226,767
11281385185347,11281385186003,656
11281385403965,11281385404723,758
11281385641616,11281385642272,656
11281385860773,11281385861795,1022
11281386081103,11281386081775,672
11281386300323,11281386301111,788
11281386516643,11281386517272,629
11281386734745,11281386735547,802
11281386953495,11281386954124,629
11281387170115,11281387170907,792
11281387387194,11281387387821,627
11281387606454,11281387607249,795
11281387823269,11281387823882,613
11281388042185,11281388042977,792
11281388254524,11281388255192,668
11281388471462,11281388472270,808
11281388691766,11281388692350,584
11281388922141,11281388922967,826
11281389140448,11281389141099,651
11281389361672,11281389362474,802
11281389576310,11281389576907,597
11281389795433,11281389796221,788
11281390012852,11281390013463,611
11281390231788,11281390232602,814
11281390448354,11281390449054,700
11281390670556,11281390671358,802
11281390888532,11281390889233,701
11281391108313,11281391109098,785
11281391324398,11281391325025,627
11281391541358,11281391542124,766
11281391759144,11281391759764,620
11281391976942,11281391977717,775
11281392190953,11281392191609,656
11281392419830,11281392420641,811
11281392640019,11281392640696,677
11281392859522,11281392860300,778
11281393124181,11281393124795,614
11281393346539,11281393347318,779
11281393561638,11281393562270,632
11281393782656,11281393783422,766
11281393994979,11281393995590,611
11281394213575,11281394214347,772
11281394428875,11281394429491,616
11281394646634,11281394647374,740
11281394861417,11281394862019,602
11281395080599,11281395081335,736
11281395297733,11281395298379,646
11281395515805,11281395516564,759
11281395746135,11281395746804,669
11281395967439,11281395968219,780
11281396180864,11281396181471,607
11281396399592,11281396400372,780
11281396620391,11281396621002,611
11281396840154,11281396840944,790
11281397059366,11281397059984,618
11281397277773,11281397278541,768
11281397492287,11281397492926,639
11281397713641,11281397714417,776
11281397928078,11281397928666,588
11281398151043,11281398151836,793
11281398371111,11281398371735,624
11281398591500,11281398592293,793
11281398809143,11281398809745,602
11281399034859,11281399035678,819
11281399252494,11281399253158,664
11281399467132,11281399467936,804
11281399685242,11281399685877,635
11281399900778,11281399901541,763
11281400115745,11281400116344,599
11281400332315,11281400333082,767
11281400547811,11281400548412,601
11281400764983,11281400765702,719
11281400975818,11281400976405,587
11281401195085,11281401195869,784
11281401424923,11281401425566,643
11281401641014,11281401641807,793
11281401852928,11281401853574,646
11281402070192,11281402070966,774
11281402299223,11281402299893,670
11281402523550,11281402524365,815
11281402738638,11281402739255,617
11281402955401,11281402956137,736
11281403169057,11281403169652,595
11281403384183,11281403384955,772
11281403600927,11281403601551,624
11281403818067,11281403818840,773
11281404034356,11281404034997,641
11281404267122,11281404267913,791
11281404485081,11281404485766,685
11281404705200,11281404705980,780
11281404918829,11281404919446,617
11281405135244,11281405136013,769
11281405354569,11281405355190,621
11281405579224,11281405579996,772
11281405796798,11281405797469,671
11281406015810,11281406016594,784
11281406234010,11281406234621,611
11281406461128,11281406461927,799
11281406675732,11281406676409,677
11281406891617,11281406892405,788
11281407106423,11281407107071,648
11281407324001,11281407324751,750
11281407537585,11281407538197,612
11281407754864,11281407755688,824
11281407969496,11281407970119,623
11281408184700,11281408185461,761
11281408401615,11281408402262,647
11281408619547,11281408620311,764
11281408834096,11281408834738,642
11281409058804,11281409059561,757
11281409278039,11281409278650,611
11281409495689,11281409496463,774
11281409716243,11281409716826,583
11281409934986,11281409935780,794
11281410149959,11281410150619,660
11281410369705,11281410370548,843
11281410586691,11281410587317,626
11281410804596,11281410805398,802
11281411019672,11281411020307,635
11281411237724,11281411238501,777
11281411454291,11281411454906,615
11281411669704,11281411670476,772
11281411884431,11281411885024,593
11281412100806,11281412101577,771
11281412328628,11281412329273,645
11281412549501,11281412550286,785
11281412763874,11281412764486,612
11281412980784,11281412981556,772
11281413198475,11281413199131,656
11281413426044,11281413426779,735
11281413642872,11281413643512,640
11281413859151,11281413859906,755
11281414074378,11281414075025,647
11281414298465,11281414299204,739
11281414511675,11281414512238,563
11281414731793,11281414732544,751
11281414951647,11281414952286,639
11281415187733,11281415188494,761
11281415402181,11281415402841,660
11281415631484,11281415632293,809
11281415854007,11281415854623,616
11281416077174,11281416077947,773
11281416293320,11281416293915,595
11281416510346,11281416511102,756
11281416730058,11281416730682,624
11281416945816,11281416946602,786
11281417163767,11281417164414,647
11281417382609,11281417383394,785
11281417600446,11281417601081,635
11281417818750,11281417819542,792
11281418035349,11281418035999,650
11281418257605,11281418258375,770
11281418473653,11281418474254,601
11281418692600,11281418693353,753
11281418914472,11281418915135,663
11281419136754,11281419137547,793
11281419358620,11281419359248,628
11281419576936,11281419577730,794
11281419795100,11281419795730,630
11281420016840,11281420017663,823
11281420230971,11281420231595,624
11281420458526,11281420459311,785
11281420674673,11281420675276,603
11281420892559,11281420893346,787
11281421113297,11281421113934,637
11281421329357,11281421330128,771
11281421544872,11281421545498,626
11281421762702,11281421763489,787
11281421981091,11281421981659,568
11281422219898,11281422220661,763
11281422439517,11281422440158,641
11281422657228,11281422657998,770
11281422874836,11281422875454,618
11281423095820,11281423096590,770
11281423312606,11281423313236,630
11281423530184,11281423530947,763
11281423749177,11281423749752,575
11281423969956,11281423970721,765
11281424182718,11281424183372,654
11281424408982,11281424409737,755
11281424624351,11281424624971,620
11281424841534,11281424842280,746
11281425060403,11281425060993,590
11281425288440,11281425289205,765
11281425503036,11281425503669,633
11281425725036,11281425725767,731
11281425943296,11281425943882,586
11281426159790,11281426160522,732
11281426379587,11281426380218,631
11281426597600,11281426598368,768
11281426813363,11281426813999,636
11281427033612,11281427034410,798
11281427253165,11281427253782,617
11281427481706,11281427482468,762
11281427697400,11281427698047,647
11281427918298,11281427919070,772
11281428140894,11281428141504,610
11281428367474,11281428368251,777
11281428595537,11281428596237,700
11281428818802,11281428819588,786
11281429041427,11281429042080,653
11281429265311,11281429266064,753
11281429485770,11281429486349,579
11281429702471,11281429703221,750
11281429924536,11281429925186,650
11281430145102,11281430145846,744
11281430360159,11281430360799,640
11281430577375,11281430578122,747
11281430801516,11281430802179,663
11281431025231,11281431026009,778
11281431243422,11281431244040,618
11281431465342,11281431466105,763
11281431683111,11281431683758,647
11281431907260,11281431908030,770
11281432122273,11281432122893,620
11281432346951,11281432347728,777
11281432566824,11281432567521,697
11281432790208,11281432790967,759
11281433010090,11281433010711,621
11281433231666,11281433232388,722
11281433452542,11281433453143,601
11281433673122,11281433673861,739
11281433894429,11281433895028,599
11281434115415,11281434116203,788
11281434334858,11281434335464,606
11281434555351,11281434556104,753
11281434776342,11281434776957,615
11281434998753,11281434999476,723
11281435218969,11281435219550,581
11281435436843,11281435437602,759
11281435661693,11281435662337,644
11281435884414,11281435885211,797
11281436103215,11281436103862,647
11281436319536,11281436320307,771
11281436533679,11281436534293,614
11281436754883,11281436755606,723
11281436968732,11281436969341,609
11281437186147,11281437186899,752
11281437400438,11281437401054,616
11281437620358,11281437621116,758
11281437835832,11281437836407,575
11281438053837,11281438054564,727
11281438266846,11281438267423,577
11281438484731,11281438485451,720
11281438701817,11281438702401,584
11281438924343,11281438925098,755
11281439143461,11281439144085,624
11281439359894,11281439360662,768
11281439575697,11281439576296,599
11281439794984,11281439795715,731
11281440009618,11281440010247,629
11281440225825,11281440226579,754
11281440447383,11281440447988,605
11281440671469,11281440672213,744
11281440885556,11281440886160,604
11281441105841,11281441106562,721
11281441327412,11281441328021,609
11281441547838,11281441548572,734
11281441767681,11281441768286,605
11281441988715,11281441989462,747
11281442210241,11281442210884,643
11281442432833,11281442433580,747
11281442651792,11281442652406,614
11281442873393,11281442874125,732
11281443093473,11281443094119,646
11281443313317,11281443314048,731
11281443533308,11281443533899,591
11281443754752,11281443755491,739
11281443973565,11281443974216,651
11281444196506,11281444197260,754
11281444414145,11281444414753,608
11281444639718,11281444640460,742
11281444858656,11281444859281,625
11281445079350,11281445080079,729
11281445298998,11281445299609,611
11281445552018,11281445552857,839
11281445776897,11281445777571,674
11281445997166,11281445997949,783
11281446217323,11281446217994,671
11281446437586,11281446438345,759
11281446653643,11281446654265,622
11281446869935,11281446870702,767
11281447083475,11281447084080,605
11281447305026,11281447305777,751
11281447518691,11281447519325,634
11281447735529,11281447736320,791
11281447951469,11281447952090,621
11281448172165,11281448172920,755
11281448388889,11281448389503,614
11281448610689,11281448611393,704
11281448827463,11281448828051,588
11281449054058,11281449054801,743
11281449273361,11281449273996,635
11281449491986,11281449492692,706
11281449708646,11281449709240,594
11281449931570,11281449932297,727
11281450146617,11281450147238,621
11281450367680,11281450368435,755
11281450582509,11281450583145,636
11281450798877,11281450799622,745
11281451015016,11281451015629,613
11281451231480,11281451232246,766
11281451445261,11281451445896,635
11281451664018,11281451664768,750
11281451880355,11281451880964,609
11281452094837,11281452095618,781
11281452315704,11281452316385,681
11281452533955,11281452534682,727
11281452758757,11281452759385,628
11281452977162,11281452977874,712
11281453192557,11281453193129,572
11281453414279,11281453414983,704
11281453630693,11281453631275,582
11281453844934,11281453845708,774
11281454059869,11281454060468,599
11281454282523,11281454283246,723
11281454498569,11281454499186,617
11281454718353,11281454719108,755
11281454937237,11281454937845,608
11281455157655,11281455158413,758
11281455374257,11281455374882,625
11281455603120,11281455603905,785
11281455822350,11281455822980,630
11281456087969,11281456088735,766
11281456304215,11281456304827,612
11281456522205,11281456522997,792
11281456745518,11281456746178,660
11281456968822,11281456969554,732
11281457187378,11281457188004,626
11281457406735,11281457407501,766
11281457626591,11281457627220,629
11281457844952,11281457845744,792
11281458063095,11281458063699,604
11281458284038,11281458284828,790
11281458503671,11281458504272,601
11281458725632,11281458726417,785
11281458949674,11281458950298,624
11281459172411,11281459173172,761
11281459391132,11281459391714,582
11281459610622,11281459611354,732
11281459831558,11281459832164,606
11281460053240,11281460054007,767
11281460272066,11281460272643,577
11281460490961,11281460491735,774
11281460710699,11281460711295,596
11281460931196,11281460931934,738
11281461147710,11281461148365,655
11281461373136,11281461373892,756
11281461588851,11281461589496,645
11281461812531,11281461813239,708
11281462029024,11281462029669,645
11281462255823,11281462256647,824
11281462474433,11281462475039,606
11281462694678,11281462695446,768
11281462914299,11281462914890,591
11281463131932,11281463132724,792
11281463345967,11281463346563,596
11281463562402,11281463563141,739
11281463777979,11281463778592,613
11281463994574,11281463995319,745
11281464208100,11281464208681,581
11281464423833,11281464424572,739
11281464643341,11281464643912,571
11281464859355,11281464860113,758
11281465074130,11281465074744,614
11281465292253,11281465292969,716
11281465510665,11281465511245,580
11281465741571,11281465742354,783
11281465966372,11281465967003,631
11281466186373,11281466187113,740
11281466411722,11281466412373,651
11281466634209,11281466634967,758
11281466851785,11281466852410,625
11281467075599,11281467076394,795
11281467295488,11281467296088,600
11281467516208,11281467516967,759
11281467734858,11281467735509,651
11281467952710,11281467953464,754
11281468165167,11281468165788,621
11281468385658,11281468386399,741
11281468602223,11281468602838,615
11281468823165,11281468823867,702
11281469047972,11281469048606,634
11281469272355,11281469273119,764
11281469491980,11281469492563,583
11281469715298,11281469716013,715
11281469934372,11281469934971,599
11281470154745,11281470155484,739
11281470376287,11281470376905,618
11281470596916,11281470597643,727
11281470817493,11281470818088,595
11281471035236,11281471035971,735
11281471250616,11281471251193,577
11281471467963,11281471468730,767
11281471692296,11281471692877,581
11281471910437,11281471911197,760
11281472131678,11281472132333,655
11281472360851,11281472361600,749
11281472581617,11281472582252,635
11281472805306,11281472806061,755
11281473024242,11281473024830,588
11281473246235,11281473246980,745
11281473467471,11281473468064,593
11281473689077,11281473689811,734
11281473902933,11281473903562,629
11281474120667,11281474121408,741
11281474335680,11281474336265,585
11281474552641,11281474553361,720
11281474767820,11281474768454,634
11281474984034,11281474984762,728
11281475197916,11281475198499,583
11281475417423,11281475418180,757
11281475636196,11281475636837,641
11281475856913,11281475857650,737
11281476080859,11281476081478,619
11281476300391,11281476301146,755
11281476521455,11281476522070,615
11281476740751,11281476741476,725
11281476958640,11281476959267,627
11281477184987,11281477185763,776
11281477408128,11281477408831,703
11281477626418,11281477627198,780
11281477843454,11281477844064,610
11281478063138,11281478063886,748
11281478282362,11281478283001,639
11281478504081,11281478504829,748
11281478722983,11281478723617,634
11281478950040,11281478950819,779
11281479169293,11281479169970,677
11281479389616,11281479390397,781
11281479611046,11281479611673,627
11281479832829,11281479833611,782
11281480053607,11281480054262,655
11281480276574,11281480277369,795
11281480495427,11281480496082,655
11281480715076,11281480715828,752
11281480930192,11281480930844,652
11281481151298,11281481152050,752
11281481367893,11281481368524,631
11281481586935,11281481587717,782
11281481810428,11281481811026,598
11281482029846,11281482030615,769
11281482256571,11281482257219,648
11281482477940,11281482478693,753
11281482696022,11281482696661,639
11281482917663,11281482918378,715
11281483136207,11281483136802,595
11281483356332,11281483357096,764
11281483570671,11281483571298,627
11281483787975,11281483788698,723
11281484004753,11281484005413,660
11281484221554,11281484222319,765
11281484439301,11281484439908,607
11281484658119,11281484658898,779
11281484873187,11281484873803,616
11281485095143,11281485095913,770
11281485310010,11281485310601,591
11281485527890,11281485528623,733
11281485750538,11281485751156,618
11281485969462,11281485970215,753
11281486190643,11281486191265,622
11281486413252,11281486414047,795
11281486628825,11281486629458,633
11281486845275,11281486846039,764
11281487061023,11281487061653,630
11281487282576,11281487283320,744
11281487502451,11281487503085,634
11281487720876,11281487721622,746
11281487938834,11281487939463,629
11281488157373,11281488158113,740
11281488371966,11281488372610,644
11281488590121,11281488590895,774
11281488809998,11281488810617,619
11281489029308,11281489030054,746
11281489254339,11281489254962,623
11281489473828,11281489474577,749
11281489691398,11281489692018,620
11281489909730,11281489910439,709
11281490130726,11281490131314,588
11281490350234,11281490350967,733
11281490566101,11281490566719,618
11281490784757,11281490785466,709
11281490998994,11281490999595,601
11281491220807,11281491221519,712
11281491434607,11281491435240,633
11281491651117,11281491651848,731
11281491866657,11281491867290,633
11281492088989,11281492089787,798
11281492309201,11281492309808,607
11281492530616,11281492531355,739
11281492746815,11281492747433,618
11281492966287,11281492967048,761
11281493184708,11281493185314,606
11281493402996,11281493403732,736
11281493620223,11281493620819,596
11281493838090,11281493838833,743
11281494056093,11281494056724,631
11281494277654,11281494278414,760
11281494494776,11281494495400,624
11281494711856,11281494712609,753
11281494930051,11281494930684,633
11281495148273,11281495149030,757
11281495363306,11281495363894,588
11281495585000,11281495585741,741
11281495802823,11281495803427,604
11281496022303,11281496023050,747
11281496237776,11281496238369,593
11281496457084,11281496457818,734
11281496676513,11281496677121,608
11281496899600,11281496900362,762
11281497121242,11281497121830,588
11281497338982,11281497339733,751
11281497556235,11281497556852,617
11281497775016,11281497775771,755
11281497991895,11281497992564,669
11281498210758,11281498211500,742
11281498430883,11281498431526,643
11281498656931,11281498657670,739
11281498891270,11281498891912,642
11281499119100,11281499119858,758
11281499335373,11281499336035,662
11281499558680,11281499559405,725
11281499778185,11281499778783,598
11281500000336,11281500001038,702
11281500224953,11281500225556,603
11281500448837,11281500449610,773
11281500663874,11281500664472,598
11281500885211,11281500885957,746
11281501102501,11281501103115,614
11281501327227,11281501327994,767
11281501559322,11281501559949,627
11281501778221,11281501779000,779
11281502000741,11281502001358,617
11281502227920,11281502228718,798
11281502446278,11281502446921,643
11281502665601,11281502666372,771
11281502886668,11281502887242,574
11281503110201,11281503110935,734
11281503346056,11281503346670,614
11281503568743,11281503569449,706
11281503793239,11281503793852,613
11281504182131,11281504183411,1280
11281504741700,11281504742928,1228
11281505166465,11281505167657,1192
11281505469384,11281505470075,691
11281505730986,11281505731882,896
11281505955403,11281505956092,689
11281506182291,11281506183084,793
11281506400989,11281506401651,662
11281506624134,11281506624923,789
11281506842504,11281506843202,698
11281507061202,11281507062017,815
11281507276594,11281507277237,643
11281507494846,11281507495690,844
11281507716079,11281507716739,660
11281507935018,11281507935826,808
11281508154336,11281508154960,624
11281508373675,11281508374429,754
11281508593111,11281508593745,634
11281508840387,11281508841177,790
11281509143718,11281509145498,1780
11281509394172,11281509395045,873
11281509612297,11281509612978,681
11281509831062,11281509831859,797
11281510047569,11281510048237,668
11281510268059,11281510268833,774
11281510494485,11281510495247,762
11281510893104,11281510894171,1067
11281511235799,11281511236573,774
11281511488568,11281511489519,951
11281511712318,11281511712999,681
11281511937651,11281511938555,904
11281512158566,11281512159306,740
11281512409516,11281512410420,904
11281512632332,11281512633064,732
11281512883698,11281512884536,838
11281513138981,11281513139688,707
11281513397400,11281513398190,790
11281513649902,11281513650575,673
11281513896452,11281513897294,842
11281514141347,11281514142029,682
11281514399531,11281514400344,813
11281514664874,11281514665554,680
11281514917531,11281514918367,836
11281515164787,11281515165445,658
11281515418374,11281515419176,802
11281515686382,11281515687058,676
11281515939642,11281515940506,864
11281516187216,11281516187923,707
11281516433645,11281516434485,840
11281516684558,11281516685248,690
11281516923739,11281516924576,837
11281517157391,11281517158097,706
11281517388019,11281517388883,864
11281517621313,11281517621977,664
11281517872130,11281517872986,856
11281518129118,11281518129804,686
11281518392276,11281518393096,820
11281518643771,11281518644500,729
11281518891612,11281518892497,885
11281519124801,11281519125493,692
11281519354907,11281519355712,805
11281519579961,11281519580613,652
11281519807962,11281519808761,799
11281520030874,11281520031551,677
11281520261797,11281520262668,871
11281520491901,11281520492583,682
11281520717456,11281520718306,850
11281520947646,11281520948367,721
11281521177367,11281521178156,789
11281521415488,11281521416176,688
11281521690401,11281521691228,827
11281521916402,11281521917053,651
11281522141953,11281522142717,764
11281522398698,11281522399363,665
11281522625412,11281522626195,783
11281522852100,11281522852791,691
11281523081600,11281523082379,779
11281523313452,11281523314054,602
11281523538680,11281523539464,784
11281523763251,11281523763932,681
11281523989726,11281523990533,807
11281524213773,11281524214424,651
11281524445060,11281524445870,810
11281524669969,11281524670630,661
11281524900107,11281524900891,784
11281525123711,11281525124354,643
11281525353085,11281525353852,767
11281525587640,11281525588278,638
11281525817823,11281525818646,823
11281526042253,11281526042868,615
11281526273015,11281526273808,793
11281526497912,11281526498564,652
11281526725737,11281526726528,791
11281526953648,11281526954321,673
11281527180429,11281527181211,782
11281527406925,11281527407578,653
11281527633519,11281527634293,774
11281527858269,11281527858910,641
11281528083403,11281528084224,821
11281528309447,11281528310108,661
11281528542359,11281528543150,791
11281528773954,11281528774599,645
11281529008322,11281529009162,840
11281529234937,11281529235609,672
11281529462883,11281529463683,800
11281529691041,11281529691761,720
11281529919242,11281529920076,834
11281530140998,11281530141606,608
11281530372441,11281530373194,753
11281530596099,11281530596756,657
11281530821942,11281530822749,807
11281531047939,11281531048611,672
11281531284530,11281531285350,820
11281531511756,11281531512431,675
11281531738966,11281531739771,805
11281532078944,11281532080655,1711
11281532332686,11281532333526,840
11281532564951,11281532565685,734
11281532796901,11281532797794,893
11281533028271,11281533028919,648
11281533257011,11281533257848,837
11281533483892,11281533484556,664
11281533714571,11281533715408,837
11281533946550,11281533947219,669
11281534176504,11281534177337,833
11281534416889,11281534417514,625
11281534644040,11281534644879,839
11281534877482,11281534878124,642
11281535106884,11281535107702,818
11281535334631,11281535335314,683
11281535572871,11281535573726,855
11281535806177,11281535806886,709
11281536034489,11281536035289,800
11281536281087,11281536281776,689
11281536513634,11281536514454,820
11281536741037,11281536741672,635
11281536973676,11281536974514,838
11281537201284,11281537201977,693
11281537435176,11281537435956,780
11281537659254,11281537659897,643
11281537897952,11281537898820,868
11281538123933,11281538124583,650
11281538351644,11281538352445,801
11281538577418,11281538578098,680
11281538805084,11281538805877,793
11281539038422,11281539039104,682
11281539272961,11281539273803,842
11281539502349,11281539503003,654
11281539730975,11281539731781,806
11281539961211,11281539961886,675
11281540192398,11281540193225,827
11281540420899,11281540421554,655
11281540650564,11281540651374,810
11281540877661,11281540878266,605
11281541106575,11281541107389,814
11281541333643,11281541334254,611
11281541565841,11281541566608,767
11281541792120,11281541792785,665
11281542017854,11281542018661,807
11281542260370,11281542261062,692
11281542493842,11281542494664,822
11281542721858,11281542722501,643
11281542952955,11281542953792,837
11281543184628,11281543185271,643
11281543414518,11281543415347,829
11281543637232,11281543637899,667
11281543866836,11281543867644,808
11281544101049,11281544101687,638
11281544334393,11281544335185,792
11281544559640,11281544560276,636
11281544786228,11281544787006,778
11281545011792,11281545012425,633
11281545241277,11281545242050,773
11281545464289,11281545464970,681
11281545700607,11281545701382,775
11281545932173,11281545932846,673
11281546161052,11281546161882,830
11281546387714,11281546388339,625
11281546617478,11281546618270,792
11281546844719,11281546845375,656
11281547073383,11281547074200,817
11281547305088,11281547305727,639
11281547530917,11281547531717,800
11281547759989,11281547760645,656
11281547987046,11281547987845,799
11281548215419,11281548216065,646
11281548446657,11281548447489,832
11281548672583,11281548673233,650
11281548910191,11281548911020,829
11281549138790,11281549139485,695
11281549374545,11281549375397,852
11281549601192,11281549601855,663
11281549830882,11281549831729,847
11281550057000,11281550057630,630
11281550286639,11281550287457,818
11281550514566,11281550515205,639
11281550744168,11281550744980,812
11281550969068,11281550969732,664
11281551199236,11281551200020,784
11281551425068,11281551425745,677
11281551652377,11281551653194,817
11281551875256,11281551875928,672
11281552102762,11281552103557,795
11281552340263,11281552340921,658
11281552572557,11281552573377,820
11281552800288,11281552800953,665
11281553029352,11281553030155,803
11281553260850,11281553261510,660
11281553489729,11281553490550,821
11281553715178,11281553715846,668
11281553953843,11281553954689,846
11281554187979,11281554188627,648
11281554418647,11281554419409,762
11281554645899,11281554646524,625
11281554875518,11281554876320,802
11281555104003,11281555104627,624
11281555332484,11281555333301,817
11281555613273,11281555613988,715
11281555846267,11281555847122,855
11281556074084,11281556074747,663
11281556301072,11281556301903,831
11281556527796,11281556528462,666
11281556755173,11281556756011,838
11281556979460,11281556980144,684
11281557208699,11281557209523,824
11281557435133,11281557435844,711
11281557663027,11281557663817,790
11281557889322,11281557889970,648
11281558117272,11281558118053,781
11281558346915,11281558347592,677
11281558577107,11281558577931,824
11281558805833,11281558806505,672
11281559038185,11281559039036,851
11281559265297,11281559265982,685
11281559493884,11281559494718,834
11281559721425,11281559722078,653
11281559952383,11281559953229,846
11281560178289,11281560178954,665
11281560404838,11281560405634,796
11281560635192,11281560635873,681
11281560861216,11281560862023,807
11281561086190,11281561086828,638
11281561313600,11281561314400,800
11281561540759,11281561541413,654
11281561769259,11281561770018,759
11281561993579,11281561994242,663
11281562229947,11281562230775,828
11281562490798,11281562491508,710
11281562721869,11281562722706,837
11281562946865,11281562947573,708
11281563177443,11281563178245,802
11281563404897,11281563405550,653
11281563634828,11281563635668,840
11281563862721,11281563863389,668
11281564092462,11281564093257,795
11281564334418,11281564335064,646
11281564571596,11281564572342,746
11281564797087,11281564797732,645
11281565025546,11281565026309,763
11281565251887,11281565252581,694
11281565477646,11281565478428,782
11281565713143,11281565713861,718
11281565945725,11281565946504,779
11281566172924,11281566173613,689
11281566400464,11281566401265,801
11281566631050,11281566631734,684
11281566861043,11281566861861,818
11281567086098,11281567086731,633
11281567313617,11281567314402,785
11281567541303,11281567541986,683
11281567772796,11281567773597,801
11281567998554,11281567999234,680
11281568231152,11281568231932,780
11281568458228,11281568458874,646
11281568687921,11281568688707,786
11281568923609,11281568924302,693
11281569159215,11281569160038,823
11281569389746,11281569390410,664
11281569620067,11281569620919,852
11281569850541,11281569851225,684
11281570080822,11281570081655,833
11281570312962,11281570313642,680
11281570542825,11281570543605,780
11281570770064,11281570770728,664
11281570999524,11281571000297,773
11281571228708,11281571229334,626
11281571455164,11281571455966,802
11281571680122,11281571680790,668
11281571909452,11281571910232,780
11281572133792,11281572134448,656
11281572380962,11281572381716,754
11281572609109,11281572609764,655
11281572839313,11281572840091,778
11281573063751,11281573064385,634
11281573310396,11281573311192,796
11281573539712,11281573540364,652
11281573765312,11281573766120,808
11281573994992,11281573995655,663
11281574224537,11281574225366,829
11281574458362,11281574459048,686
11281574685486,11281574686271,785
11281574911424,11281574912094,670
11281575139638,11281575140445,807
11281575366213,11281575366882,669
11281575602460,11281575603272,812
11281575828375,11281575829036,661
11281576062922,11281576063726,804
11281576293893,11281576294590,697
11281576524525,11281576525369,844
11281576750460,11281576751139,679
11281576982585,11281576983425,840
11281577236391,11281577237042,651
11281577464989,11281577466802,1813
11281577693702,11281577694375,673
11281577921334,11281577922128,794
11281578146370,11281578147004,634
11281578393324,11281578394108,784
11281578619748,11281578620404,656
11281578845809,11281578846636,827
11281579080466,11281579081177,711
11281579322735,11281579323567,832
11281579557443,11281579558093,650
11281579786079,11281579786849,770
11281580011584,11281580012273,689
11281580251012,11281580251815,803
11281580477691,11281580478353,662
11281580704396,11281580705205,809
11281580929284,11281580929977,693
11281581155988,11281581156799,811
11281581377799,11281581378449,650
11281581607998,11281581608816,818
11281581833498,11281581834167,669
11281582059959,11281582060798,839
11281582307798,11281582308477,679
11281582540278,11281582541128,850
11281582766436,11281582767134,698
11281582993622,11281582994468,846
11281583220267,11281583220915,648
11281583451459,11281583452295,836
11281583676475,11281583677128,653
11281583904275,11281583905060,785
11281584127584,11281584128217,633
11281584357900,11281584358696,796
11281584586064,11281584586725,661
11281584813123,11281584813940,817
11281585040198,11281585040877,679
11281585266741,11281585267563,822
11281585489709,11281585490340,631
11281585730100,11281585730944,844
11281586000758,11281586001482,724
11281586230282,11281586231087,805
11281586459757,11281586460408,651
11281586688715,11281586689500,785
11281586914245,11281586914890,645
11281587143104,11281587143931,827
11281587366063,11281587366750,687
11281587597058,11281587597897,839
11281587824426,11281587825117,691
11281588052178,11281588052985,807
11281588274647,11281588275314,667
11281588501872,11281588502674,802
11281588725905,11281588726577,672
11281588962676,11281588963525,849
11281589190552,11281589191225,673
11281589436658,11281589437478,820
11281589663134,11281589663841,707
11281589898718,11281589899533,815
11281590125853,11281590126534,681
11281590367458,11281590368290,832
11281590592217,11281590592914,697
11281590821472,11281590822296,824
11281591047713,11281591048372,659
11281591274725,11281591275561,836
11281591501091,11281591501774,683
11281591729186,11281591730026,840
11281591955986,11281591956709,723
11281592180318,11281592181124,806
11281592417770,11281592418496,726
11281592647997,11281592648828,831
11281592877912,11281592878596,684
11281593107534,11281593108372,838
11281593333209,11281593333868,659
11281593564119,11281593564893,774
11281593796063,11281593796690,627
11281594024155,11281594024939,784
11281594249250,11281594249922,672
11281594477701,11281594478457,756
11281594699451,11281594700112,661
11281594929665,11281594930468,803
11281595155365,11281595156017,652
11281595381018,11281595381824,806
11281595612481,11281595613178,697
11281595845123,11281595845969,846
11281596073509,11281596074205,696
11281596300662,11281596301439,777
11281596527770,11281596528400,630
11281596755719,11281596756519,800
11281596984098,11281596984722,624
11281597209861,11281597210677,816
11281597437617,11281597438286,669
11281597664687,11281597665543,856
11281597894916,11281597895563,647
11281598120530,11281598121361,831
11281598346351,11281598346975,624
11281598573482,11281598574279,797
11281598799200,11281598799866,666
11281599035485,11281599036314,829
11281599264242,11281599264971,729
11281599508424,11281599509232,808
11281599735861,11281599736578,717
11281599967429,11281599968226,797
11281600199731,11281600200361,630
11281600429173,11281600430007,834
11281600655862,11281600656486,624
11281600882490,11281600883278,788
11281601109937,11281601110585,648
11281601339219,11281601340011,792
11281601564081,11281601564726,645
11281601791777,11281601792563,786
11281602017487,11281602018140,653
11281602267604,11281602268447,843
11281602498089,11281602498788,699
11281602728014,11281602728817,803
11281602957572,11281602958209,637
11281603183025,11281603183813,788
11281603412681,11281603413303,622
11281603640003,11281603640811,808
11281603865832,11281603866457,625
11281604093956,11281604094715,759
11281604324128,11281604324803,675
11281604550840,11281604551634,794
11281604776381,11281604777028,647
11281605012010,11281605012766,756
11281605242124,11281605242730,606
11281605471795,11281605472554,759
11281605702659,11281605703331,672
11281605933599,11281605934396,797
11281606167167,11281606167819,652
11281606394681,11281606395421,740
11281606620249,11281606620897,648
11281606848729,11281606849509,780
11281607078916,11281607079598,682
11281607305701,11281607306503,802
11281607530622,11281607531246,624
11281607759682,11281607760437,755
11281607984660,11281607985309,649
11281608233016,11281608233788,772
11281608460187,11281608460839,652
11281608687893,11281608688681,788
11281608924025,11281608924697,672
11281609174855,11281609175658,803
11281609409345,11281609410027,682
11281609636457,11281609637224,767
11281609866588,11281609867243,655
11281610095438,11281610096253,815
11281610322540,11281610323236,696
11281610555934,11281610556753,819
11281610784387,11281610785042,655
11281611011423,11281611012207,784
11281611240951,11281611241583,632
11281611465830,11281611466603,773
11281611692465,11281611693088,623
11281611921734,11281611922558,824
11281612147832,11281612148504,672
11281612434234,11281612435075,841
11281612672937,11281612673655,718
11281612903695,11281612904509,814
11281613131279,11281613131960,681
11281613363442,11281613364244,802
11281613591295,11281613591968,673
11281613821206,11281613822017,811
11281614045209,11281614045888,679
11281614273698,11281614274483,785
11281614506769,11281614507434,665
11281614734343,11281614735145,802
11281614957335,11281614957983,648
11281615188853,11281615189640,787
11281615415443,11281615416103,660
11281615651764,11281615652613,849
11281615885815,11281615886510,695
11281616116500,11281616117327,827
11281616347159,11281616347820,661
11281616575761,11281616576567,806
11281616802357,11281616803016,659
11281617030052,11281617030853,801
11281617261485,11281617262166,681
11281617489969,11281617490736,767
11281617716694,11281617717321,627
11281617945166,11281617945942,776
11281618172952,11281618173635,683
11281618401689,11281618402478,789
11281618626954,11281618627643,689
11281618855348,11281618856124,776
11281619093524,11281619094212,688
11281619330113,11281619330934,821
11281619559186,11281619559850,664
11281619787178,11281619787998,820
11281620014876,11281620015517,641
11281620256661,11281620257472,811
11281620484848,11281620485491,643
11281620713054,11281620713879,825
11281620940110,11281620940787,677
11281621169140,11281621169974,834
11281621395428,11281621396053,625
11281621625032,11281621625825,793
11281621852594,11281621853238,644
11281622079081,11281622079835,754
11281622313272,11281622313964,692
11281622546080,11281622546914,834
11281622777032,11281622777656,624
11281623005058,11281623005867,809
11281623231121,11281623231792,671
11281623458978,11281623459767,789
11281623689290,11281623689957,667
11281623917728,11281623918504,776
11281624143017,11281624143695,678
11281624382549,11281624383356,807
11281624610194,11281624610856,662
11281624837099,11281624837876,777
11281625063837,11281625064437,600
11281625291335,11281625292146,811
11281625518246,11281625518921,675
11281625755820,11281625756665,845
11281625984363,11281625985025,662
11281626214432,11281626215263,831
11281626442029,11281626442709,680
11281626673908,11281626674715,807
11281626900853,11281626901503,650
11281627132019,11281627132783,764
11281627357738,11281627358337,599
11281627587289,11281627588107,818
11281627810190,11281627810833,643
11281628039443,11281628040223,780
11281628272507,11281628273154,647
11281628499289,11281628500103,814
11281628729345,11281628729999,654
11281628964390,11281628965253,863
11281629199441,11281629200084,643
11281629428156,11281629428924,768
11281629656292,11281629656961,669
11281629884138,11281629884968,830
11281630111532,11281630112199,667
11281630346813,11281630347615,802
11281630574259,11281630574920,661
11281630801169,11281630801976,807
11281631029162,11281631029824,662
11281631261885,11281631262678,793
11281631484241,11281631484852,611
11281631714447,11281631715242,795
11281631941488,11281631942129,641
11281632182808,11281632183596,788
11281632415981,11281632416694,713
11281632651026,11281632651832,806
11281632877158,11281632877834,676
11281633105568,11281633106400,832
11281633333797,11281633334520,723
11281633567401,11281633568247,846
11281633795607,11281633796278,671
11281634024801,11281634025606,805
11281634250237,11281634250896,659
11281634479860,11281634480652,792
11281634708887,11281634709544,657
11281634934989,11281634935810,821
11281635160904,11281635161542,638
11281635390316,11281635391148,832
11281635624615,11281635625291,676
11281635855412,11281635856240,828
11281636084701,11281636085352,651
11281636318519,11281636319354,835
11281636546501,11281636547203,702
11281636772495,11281636773350,855
11281637003684,11281637004328,644
11281637232713,11281637233560,847
11281637456284,11281637456966,682
11281637682594,11281637683446,852
11281637915106,11281637915794,688
11281638145731,11281638146528,797
11281638395207,11281638395850,643
11281638623829,11281638624653,824
11281638851047,11281638851671,624
11281639088098,11281639088908,810
11281639341309,11281639341994,685
11281639571396,11281639572215,819
11281639797399,11281639798079,680
11281640027828,11281640028622,794
11281640252921,11281640253599,678
11281640483183,11281640483966,783
11281640706547,11281640707162,615
11281640936974,11281640937772,798
11281641176398,11281641177052,654
11281641404250,11281641405075,825
11281641628870,11281641629556,686
11281641856648,11281641857488,840
11281642085162,11281642085850,688
11281642323554,11281642324396,842
11281642551251,11281642551909,658
11281642780576,11281642781371,795
11281643009922,11281643010599,677
11281643299670,11281643300551,881
11281643573037,11281643573798,761
11281643915363,11281643916464,1101
11281644294186,11281644295278,1092
11281644728631,11281644729695,1064
11281644971229,11281644971932,703
11281645202463,11281645203233,770
11281645425193,11281645425849,656
11281645656667,11281645657453,786
11281645908217,11281645909090,873
11281646267773,11281646268728,955
11281646593272,11281646593956,684
11281646828863,11281646829709,846
11281647049439,11281647050068,629
11281647272318,11281647273105,787
11281647494712,11281647495355,643
11281647714442,11281647715199,757
11281647930264,11281647930821,557
11281648151960,11281648152756,796
11281648369570,11281648370197,627
11281648591512,11281648592254,742
11281648809234,11281648809861,627
11281649041152,11281649041944,792
11281649266811,11281649267452,641
11281649487400,11281649488148,748
11281649705857,11281649706534,677
11281649923954,11281649924728,774
11281650138659,11281650139259,600
11281650357528,11281650358303,775
11281650574793,11281650575406,613
11281650791302,11281650792048,746
11281651005435,11281651006044,609
11281651224614,11281651225360,746
11281651438819,11281651439406,587
11281651656470,11281651657227,757
11281651880470,11281651881095,625
11281652100430,11281652101206,776
11281652325130,11281652325749,619
11281652547080,11281652547846,766
11281652805585,11281652806248,663
11281653023022,11281653023814,792
11281653238037,11281653238680,643
11281653458379,11281653459178,799
11281653673299,11281653673932,633
11281653891342,11281653892112,770
11281654108713,11281654109334,621
11281654329414,11281654330153,739
11281654546097,11281654546765,668
11281654761188,11281654761932,744
11281654977547,11281654978169,622
11281655197533,11281655198294,761
11281655419519,11281655420146,627
11281655645800,11281655646586,786
11281655863155,11281655863749,594
11281656080591,11281656081356,765
11281656308222,11281656308812,590
11281656526443,11281656527179,736
11281656739222,11281656739783,561
11281656964362,11281656965083,721
11281657182991,11281657183598,607
11281657398451,11281657399217,766
11281657614162,11281657614798,636
11281657829449,11281657830194,745
11281658043494,11281658044112,618
11281658263387,11281658264124,737
11281658525316,11281658525989,673
11281658758671,11281658759518,847
11281658985949,11281658986601,652
11281659209906,11281659210695,789
11281659427061,11281659427670,609
11281659646594,11281659647384,790
11281659861385,11281659861991,606
11281660078536,11281660079329,793
11281660298336,11281660298979,643
11281660514674,11281660515448,774
11281660730406,11281660731044,638
11281660945557,11281660946351,794
11281661162324,11281661162954,630
11281661379785,11281661380565,780
11281661597212,11281661597866,654
11281661813026,11281661813808,782
11281662032768,11281662033411,643
11281662260139,11281662260891,752
11281662480769,11281662481438,669
11281662698879,11281662699670,791
11281662918412,11281662919050,638
11281663137476,11281663138236,760
11281663358950,11281663359604,654
11281663574411,11281663575204,793
11281663790588,11281663791211,623
11281664011876,11281664012643,767
11281664226141,11281664226760,619
11281664447698,11281664448449,751
11281664663361,11281664663961,600
11281664880485,11281664881243,758
11281665096314,11281665096936,622
11281665317786,11281665318558,772
11281665535090,11281665535682,592
11281665766061,11281665766852,791
11281665979048,11281665979699,651
11281666200787,11281666201535,748
11281666420534,11281666421190,656
11281666636388,11281666637154,766
11281666852506,11281666853148,642
11281667070158,11281667070890,732
11281667289258,11281667289876,618
11281667503147,11281667503881,734
11281667722432,11281667723110,678
11281667938280,11281667939019,739
11281668157029,11281668157673,644
11281668386011,11281668386785,774
11281668601955,11281668602602,647
11281668818503,11281668819258,755
11281669039810,11281669040448,638
11281669255730,11281669256498,768
11281669471099,11281669471730,631
11281669688422,11281669689171,749
11281669904872,11281669905557,685
11281670122496,11281670123311,815
11281670341579,11281670342267,688
11281670559908,11281670560699,791
11281670772930,11281670773560,630
11281670994445,11281670995224,779
11281671209137,11281671209790,653
11281671429918,11281671430673,755
11281671644701,11281671645344,643
11281671863578,11281671864338,760
11281672077314,11281672077970,656
11281672312218,11281672313006,788
11281672530499,11281672531150,651
11281672747114,11281672747893,779
11281672965145,11281672965771,626
11281673184834,11281673185619,785
11281673398564,11281673399218,654
11281673615140,11281673615909,769
11281673831321,11281673831930,609
11281674046947,11281674047668,721
11281674266751,11281674267382,631
11281674533519,11281674534568,1049
11281674860029,11281674860813,784
11281675219504,11281675220356,852
11281675450460,11281675451179,719
11281675677219,11281675678053,834
11281675898001,11281675898649,648
11281676117774,11281676118529,755
11281676334796,11281676335425,629
11281676550007,11281676550736,729
11281676763610,11281676764234,624
11281676979891,11281676980640,749
11281677197228,11281677197850,622
11281677413184,11281677413924,740
11281677627622,11281677628286,664
11281677847223,11281677847929,706
11281678062484,11281678063099,615
11281678279729,11281678280464,735
11281678494255,11281678494847,592
11281678711612,11281678712375,763
11281678932255,11281678932893,638
11281679161024,11281679161858,834
11281679377458,11281679378068,610
11281679594762,11281679595509,747
11281679809141,11281679809768,627
11281680027182,11281680027924,742
11281680244543,11281680245188,645
11281680463790,11281680464532,742
11281680679525,11281680680136,611
11281680912309,11281680913047,738
11281681128841,11281681129452,611
11281681343977,11281681344721,744
11281681561053,11281681561670,617
11281681778933,11281681779662,729
11281681997019,11281681997633,614
11281682219849,11281682220617,768
11281682437333,11281682437972,639
11281682656654,11281682657403,749
11281682870720,11281682871368,648
11281683087738,11281683088490,752
11281683307014,11281683307629,615
11281683524039,11281683524775,736
11281683736608,11281683737250,642
11281683957436,11281683958179,743
11281684173531,11281684174127,596
11281684395048,11281684395779,731
11281684614070,11281684614672,602
11281684837158,11281684837894,736
11281685059994,11281685060631,637
11281685278621,11281685279373,752
11281685497372,11281685497982,610
11281685725566,11281685726344,778
11281685945657,11281685946278,621
11281686165719,11281686166474,755
11281686383401,11281686384050,649
11281686607437,11281686608197,760
11281686827923,11281686828544,621
11281687047558,11281687048274,716
11281687267502,11281687268138,636
11281687486846,11281687487626,780
11281687706862,11281687707461,599
11281687927832,11281687928615,783
11281688146519,11281688147152,633
11281688379568,11281688380325,757
11281688595654,11281688596265,611
11281688819415,11281688820163,748
11281689044985,11281689045610,625
11281689269236,11281689269991,755
11281689506647,11281689507307,660
11281689731439,11281689732194,755
11281689953793,11281689954436,643
11281690174215,11281690174968,753
11281690392579,11281690393217,638
11281690613071,11281690613831,760
11281690833223,11281690833916,693
11281691051943,11281691052699,756
11281691274204,11281691274850,646
11281691492726,11281691493465,739
11281691718044,11281691718679,635
11281691936483,11281691937201,718
11281692159262,11281692159883,621
11281692387488,11281692388230,742
11281692607016,11281692607642,626
11281692826347,11281692827094,747
11281693044842,11281693045431,589
11281693262002,11281693262734,732
11281693478339,11281693478961,622
11281693698196,11281693698928,732
11281693914130,11281693914790,660
11281694130694,11281694131503,809
11281694345691,11281694346353,662
11281694563170,11281694563974,804
11281694779110,11281694779759,649
11281694996062,11281694996830,768
11281695209302,11281695209938,636
11281695427224,11281695427975,751
11281695649136,11281695649762,626
11281695866790,11281695867590,800
11281696081866,11281696082492,626
11281696315219,11281696315996,777
11281696527457,11281696528089,632
11281696747181,11281696747930,749
11281696962182,11281696962814,632
11281697180814,11281697181560,746
11281697403902,11281697404549,647
11281697623073,11281697623844,771
11281697839254,11281697839869,615
11281698056616,11281698057388,772
11281698271124,11281698271705,581
11281698487460,11281698488181,721
11281698705453,11281698706088,635
11281698925126,11281698925878,752
11281699141881,11281699142482,601
11281699358633,11281699359360,727
11281699574229,11281699574862,633
11281699791738,11281699792474,736
11281700006943,11281700007554,611
11281700224007,11281700224788,781
11281700437780,11281700438394,614
11281700658650,11281700659403,753
11281700873647,11281700874268,621
11281701095282,11281701096055,773
11281701309139,11281701309788,649
11281701530213,11281701530939,726
11281701744223,11281701744812,589
11281701961114,11281701961848,734
11281702174200,11281702174809,609
11281702399156,11281702399893,737
11281702613296,11281702613930,634
11281702829011,11281702829732,721
11281703046719,11281703047328,609
11281703263678,11281703264399,721
11281703478818,11281703479430,612
11281703695961,11281703696668,707
11281703909823,11281703910448,625
11281704125756,11281704126519,763
11281704343653,11281704344279,626
11281704581429,11281704582243,814
11281704807173,11281704807828,655
11281705038469,11281705039274,805
11281705259623,11281705260275,652
11281705481847,11281705482568,721
11281705708393,11281705709056,663
11281705931735,11281705932511,776
11281706149030,11281706149693,663
11281706379913,11281706380705,792
11281706599072,11281706599741,669
11281706824940,11281706825739,799
11281707038875,11281707039551,676
11281707263211,11281707263946,735
11281707484882,11281707485521,639
11281707706330,11281707707086,756
11281707923753,11281707924433,680
11281708145539,11281708146309,770
11281708365248,11281708365919,671
11281708586211,11281708586980,769
11281708803116,11281708803757,641
11281709028935,11281709029730,795
11281709247561,11281709248251,690
11281709469741,11281709470526,785
11281709717213,11281709717891,678
11281709942285,11281709943051,766
11281710160895,11281710161534,639
11281710398071,11281710398837,766
11281710616299,11281710616925,626
11281710835114,11281710835879,765
11281711051622,11281711053285,1663
11281711272228,11281711273016,788
11281711488448,11281711489082,634
11281711705092,11281711707043,1951
11281711927687,11281711928364,677
11281712147969,11281712148806,837
11281712373905,11281712374557,652
11281712592660,11281712593436,776
11281712813601,11281712814260,659
11281713037196,11281713037918,722
11281713254701,11281713255332,631
11281713478367,11281713479113,746
11281713694314,11281713694981,667
11281713916252,11281713917029,777
11281714135692,11281714136302,610
11281714358106,11281714358850,744
11281714573119,11281714573737,618
11281714793724,11281714794467,743
11281715008526,11281715009160,634
11281715234401,11281715235165,764
11281715453238,11281715453858,620
11281715675876,11281715676622,746
11281715898402,11281715898997,595
11281716128688,11281716129501,813
11281716399230,11281716399861,631
11281716628457,11281716629240,783
11281716858197,11281716858865,668
11281717085531,11281717086319,788
11281717314514,11281717315132,618
11281717541491,11281717542265,774
11281717767922,11281717768553,631
11281717994390,11281717995209,819
11281718218622,11281718219279,657
11281718448379,11281718449164,785
11281718672466,11281718673180,714
11281718913883,11281718914710,827
11281719152961,11281719153661,700
11281719382888,11281719383675,787
11281719608661,11281719609348,687
11281719840507,11281719841327,820
11281720064151,11281720064857,706
11281720292125,11281720292969,844
11281720519119,11281720519784,665
11281720745782,11281720746604,822
11281720969688,11281720970323,635
11281721198653,11281721199463,810
11281721425113,11281721425794,681
11281721649817,11281721650619,802
11281721877435,11281721878108,673
11281722104048,11281722104873,825
11281722354532,11281722355215,683
11281722582513,11281722583310,797
11281722810467,11281722811139,672
11281723038719,11281723039542,823
11281723271711,11281723272379,668
11281723503022,11281723503822,800
11281723728682,11281723729360,678
11281723958949,11281723959734,785
11281724181453,11281724182105,652
11281724406921,11281724407666,745
11281724633566,11281724634225,659
11281724861676,11281724862469,793
11281725084178,11281725084885,707
11281725311209,11281725311986,777
11281725610806,11281725611520,714
11281725858448,11281725859202,754
11281726068615,11281726069243,628
11281726278961,11281726279681,720
11281726488692,11281726489329,637
11281726697713,11281726698428,715
11281726903575,11281726904206,631
11281727115522,11281727116250,728
11281727320530,11281727321122,592
11281727527627,11281727528344,717
11281727736499,11281727737120,621
11281727945387,11281727946116,729
11281728153874,11281728154495,621
11281728363131,11281728363864,733
11281728569998,11281728570592,594
11281728776934,11281728777666,732
11281729072346,11281729072976,630
11281729281937,11281729282677,740
11281729488368,11281729488930,562
11281729696185,11281729696909,724
11281729910316,11281729910892,576
11281730117022,11281730117725,703
11281730323326,11281730323932,606
11281730529425,11281730530135,710
11281730739919,11281730740518,599
11281730949207,11281730949910,703
11281731156373,11281731156954,581
11281731364634,11281731365349,715
11281731569952,11281731570534,582
11281731782143,11281731782872,729
11281731985866,11281731986472,606
11281732195511,11281732196205,694
11281732492311,11281732492939,628
11281732704931,11281732705650,719
11281732908768,11281732909400,632
11281733115994,11281733116724,730
11281733325722,11281733326316,594
11281733532380,11281733533086,706
11281733738344,11281733738980,636
11281733945986,11281733946684,698
11281734155054,11281734155656,602
11281734363498,11281734364216,718
11281734570170,11281734570780,610
11281734776569,11281734777296,727
11281734983351,11281734983936,585
11281735189581,11281735190285,704
11281735396640,11281735397248,608
11281735685226,11281735685984,758
11281735895392,11281735896011,619
11281736101266,11281736101947,681
11281736306126,11281736306732,606
11281736516053,11281736516773,720
11281736722126,11281736722761,635
11281736930413,11281736931123,710
11281737137369,11281737137996,627
11281737419777,11281737420500,723
11281737623922,11281737624537,615
11281737832511,11281737833232,721
11281738038124,11281738038711,587
11281738245188,11281738245917,729
11281738454598,11281738455211,613
11281738662517,11281738663252,735
11281738867519,11281738868122,603
11281739162657,11281739163386,729
11281739371287,11281739371917,630
11281739580911,11281739581636,725
11281739787122,11281739787773,651
11281739993001,11281739993715,714
11281740201475,11281740202044,569
11281740411708,11281740412459,751
11281740615759,11281740616340,581
11281740825168,11281740825884,716
11281741032046,11281741032667,621
11281741242592,11281741243345,753
11281741448968,11281741449615,647
11281741655511,11281741656241,730
11281741862585,11281741863201,616
11281742069974,11281742070669,695
11281742359025,11281742359654,629
11281742568255,11281742568962,707
11281742775962,11281742776561,599
11281742981753,11281742982471,718
11281743188044,11281743188633,589
11281743397180,11281743397882,702
11281743600677,11281743601256,579
11281743806236,11281743806927,691
11281744015768,11281744016359,591
11281744225121,11281744225847,726
11281744432331,11281744432960,629
11281744639960,11281744640689,729
11281744843488,11281744844090,602
11281745056003,11281745056738,735
11281745261474,11281745262065,591
11281745467931,11281745468662,731
11281745754842,11281745755454,612
11281745967219,11281745967942,723
11281746174144,11281746174727,583
11281746382898,11281746383621,723
11281746587880,11281746588492,612
11281746794886,11281746795617,731
11281747004937,11281747005536,599
11281747212688,11281747213404,716
11281747420307,11281747420945,638
11281747626012,11281747626759,747
11281747831718,11281747832303,585
11281748040610,11281748041320,710
11281748245357,11281748245974,617
11281748452665,11281748453381,716
11281748657699,11281748658302,603
11281748868476,11281748869197,721
11281749158161,11281749158772,611
11281749365830,11281749366551,721
11281749572017,11281749572604,587
11281749779581,11281749780293,712
11281749986352,11281749986974,622
11281750194836,11281750195565,729
11281750402576,11281750403214,638
11281750611377,11281750612093,716
11281750889573,11281750890225,652
11281751098057,11281751098765,708
11281751303491,11281751304106,615
11281751510916,11281751511648,732
11281751720222,11281751720821,599
11281751927746,11281751928473,727
11281752133917,11281752134502,585
11281752427035,11281752427758,723
11281752635539,11281752636154,615
11281752844382,11281752845098,716
11281753051852,11281753052468,616
11281753259530,11281753260266,736
11281753464298,11281753464901,603
11281753674578,11281753675301,723
11281753883310,11281753883897,587
11281754091068,11281754091833,765
11281754296813,11281754297464,651
11281754506191,11281754506920,729
11281754712450,11281754713048,598
11281754920981,11281754921717,736
11281755126395,11281755127026,631
11281755375487,11281755376273,786
11281755753865,11281755754942,1077
11281756018984,11281756019946,962
11281756246304,11281756246977,673
11281756469046,11281756469911,865
11281756690245,11281756690890,645
11281756927988,11281756928858,870
11281757160791,11281757161504,713
11281757542213,11281757543114,901
11281757856541,11281757857480,939
11281758120912,11281758121786,874
11281758495330,11281758496272,942
11281758856098,11281758857219,1121
11281759223744,11281759224571,827
11281759565307,11281759566379,1072
11281759918990,11281759919741,751
11281760162951,11281760163791,840
11281760392676,11281760393318,642
11281760616277,11281760617075,798
11281760838298,11281760838949,651
11281761062493,11281761063306,813
11281761283123,11281761283773,650
11281761507431,11281761508212,781
11281761729419,11281761730030,611
11281761951756,11281761952504,748
11281762169872,11281762170492,620
11281762401165,11281762402020,855
11281762621483,11281762622167,684
11281762846297,11281762847083,786
11281763063085,11281763063742,657
11281763281980,11281763282773,793
11281763499369,11281763500002,633
11281763720926,11281763721722,796
11281763933783,11281763934437,654
11281764154099,11281764154856,757
11281764369864,11281764370522,658
11281764588191,11281764588948,757
11281764805928,11281764806548,620
11281765022876,11281765023631,755
11281765236251,11281765236882,631
11281765455711,11281765456496,785
11281765682620,11281765683257,637
11281765905702,11281765906465,763
11281766130558,11281766131187,629
11281766347634,11281766348393,759
11281766563618,11281766564208,590
11281766782608,11281766783369,761
11281767003523,11281767004141,618
11281767219971,11281767220754,783
11281767435332,11281767435965,633
11281767651554,11281767652335,781
11281767869992,11281767870593,601
11281768098241,11281768099018,777
11281768316197,11281768316795,598
11281768534658,11281768535433,775
11281768748415,11281768749020,605
11281768978481,11281768979243,762
11281769202060,11281769202657,597
11281769420693,11281769421488,795
11281769635544,11281769636140,596
11281769856302,11281769857049,747
11281770071341,11281770071946,605
11281770290697,11281770291486,789
11281770506264,11281770506896,632
11281770728794,11281770729556,762
11281770944613,11281770945282,669
11281771161067,11281771161887,820
11281771381459,11281771382063,604
11281771600562,11281771601335,773
11281771816607,11281771817234,627
11281772031367,11281772032129,762
11281772257441,11281772258137,696
11281772480926,11281772481691,765
11281772695964,11281772696624,660
11281772910422,11281772911191,769
11281773139387,11281773140012,625
11281773355512,11281773356311,799
11281773573093,11281773573729,636
11281773792755,11281773793491,736
11281774007480,11281774008069,589
11281774224991,11281774225777,786
11281774438972,11281774439617,645
11281774659842,11281774660611,769
11281774874359,11281774874991,632
11281775093261,11281775094007,746
11281775311506,11281775312143,637
11281775530790,11281775531549,759
11281775757876,11281775758602,726
11281775977119,11281775977948,829
11281776193806,11281776194450,644
11281776415366,11281776416152,786
11281776631929,11281776632534,605
11281776851375,11281776852175,800
11281777067417,11281777068021,604
11281777284370,11281777285178,808
11281777500373,11281777500997,624
11281777716224,11281777717001,777
11281777932186,11281777932820,634
11281778150912,11281778151717,805
11281778366701,11281778367342,641
11281778586324,11281778587068,744
11281778801204,11281778801810,606
11281779050153,11281779050971,818
11281779285965,11281779286649,684
11281779505997,11281779506849,852
11281779723799,11281779724472,673
11281779940361,11281779941144,783
11281780158260,11281780158855,595
11281780376392,11281780377172,780
11281780634869,11281780635445,576
11281780850794,11281780851598,804
11281781067600,11281781068217,617
11281781287728,11281781288549,821
11281781501874,11281781502512,638
11281781721999,11281781722806,807
11281781936969,11281781937564,595
11281782155397,11281782156134,737
11281782381016,11281782381601,585
11281782603124,11281782603876,752
11281782819057,11281782819743,686
11281783039041,11281783039764,723
11281783254374,11281783255031,657
11281783471075,11281783471841,766
11281783683065,11281783683712,647
11281783901931,11281783902675,744
11281784118231,11281784118846,615
11281784339768,11281784340557,789
11281784553454,11281784554092,638
11281784770880,11281784771661,781
11281784988989,11281784989598,609
11281785205798,11281785206532,734
11281785423482,11281785424107,625
11281785650390,11281785651122,732
11281785871952,11281785872600,648
11281786090164,11281786090921,757
11281786316730,11281786317345,615
11281786535131,11281786535852,721
11281786751046,11281786751671,625
11281786970123,11281786970885,762
11281787182826,11281787183429,603
11281787400524,11281787401297,773
11281787614234,11281787614832,598
11281787831471,11281787832255,784
11281788041592,11281788042189,597
11281788266779,11281788267534,755
11281788481862,11281788482440,578
11281788699617,11281788700384,767
11281788924534,11281788925111,577
11281789145283,11281789146064,781
11281789359957,11281789360626,669
11281789577786,11281789578596,810
11281789792306,11281789792933,627
11281790014855,11281790015586,731
11281790231888,11281790232513,625
11281790446688,11281790447424,736
11281790663602,11281790664235,633
11281790880077,11281790880830,753
11281791093608,11281791094282,674
11281791310159,11281791310967,808
11281791527663,11281791528303,640
11281791742957,11281791743689,732
11281791958379,11281791959031,652
11281792174181,11281792174976,795
11281792397265,11281792397898,633
11281792620193,11281792620938,745
11281792833999,11281792834634,635
11281793051506,11281793052274,768
11281793266530,11281793267185,655
11281793485687,11281793486468,781
11281793699974,11281793700624,650
11281793916561,11281793917326,765
11281794131387,11281794131958,571
11281794346655,11281794347388,733
11281794563279,11281794563882,603
11281794780306,11281794781031,725
11281794994294,11281794994868,574
11281795210192,11281795210965,773
11281795425267,11281795425864,597
11281795649393,11281795650106,713
11281795867443,11281795868111,668
11281796083632,11281796084421,789
11281796297020,11281796297638,618
11281796515195,11281796515940,745
11281796729382,11281796729975,593
11281796944214,11281796944958,744
11281797159849,11281797160455,606
11281797374379,11281797375125,746
11281797592084,11281797592686,602
11281797808630,11281797809363,733
11281798026197,11281798026819,622
11281798245369,11281798246126,757
11281798458458,11281798459055,597
11281798674670,11281798675452,782
11281798899784,11281798900466,682
11281799119266,11281799120070,804
11281799337359,11281799338005,646
11281799555797,11281799556579,782
11281799767682,11281799768288,606
11281799984273,11281799985005,732
11281800206226,11281800206837,611
11281800423366,11281800424124,758
11281800635718,11281800636336,618
11281800854172,11281800854928,756
11281801069091,11281801069687,596
11281801287585,11281801288349,764
11281801500834,11281801501460,626
11281801715586,11281801716372,786
11281801930995,11281801931615,620
11281802144926,11281802145690,764
11281802373039,11281802373698,659
11281802593608,11281802594414,806
11281802813067,11281802813732,665
11281803028424,11281803029234,810
11281803253289,11281803253927,638
11281803474998,11281803475759,761
11281803692447,11281803693110,663
11281803908251,11281803909035,784
11281804141897,11281804142497,600
11281804357912,11281804358648,736
11281804570172,11281804570800,628
11281804787399,11281804788160,761
11281805001954,11281805002609,655
11281805221683,11281805222448,765
11281805435762,11281805436430,668
11281805659482,11281805660298,816
11281805876315,11281805876971,656
11281806096504,11281806097293,789
11281806310932,11281806311587,655
11281806528146,11281806528919,773
11281806741049,11281806741680,631
11281806957520,11281806958273,753
11281807175586,11281807176202,616
11281807406623,11281807407396,773
11281807619277,11281807619915,638
11281807835116,11281807835900,784
11281808051999,11281808052601,602
11281808282950,11281808283725,775
11281808497842,11281808498429,587
11281808713891,11281808714679,788
11281808942099,11281808942712,613
11281809162345,11281809163147,802
11281809377286,11281809377916,630
11281809596136,11281809596955,819
11281809813896,11281809814569,673
11281810033342,11281810034122,780
11281810251178,11281810251800,622
11281810469711,11281810470466,755
11281810685526,11281810686117,591
11281810901867,11281810902608,741
11281811127130,11281811127753,623
11281811343796,11281811344552,756
11281811558598,11281811559220,622
11281811779687,11281811780495,808
11281811998033,11281811998679,646
11281812225475,11281812226273,798
11281812442250,11281812442897,647
11281812659191,11281812659932,741
11281812877080,11281812877696,616
11281813094495,11281813095250,755
11281813309970,11281813310577,607
11281813528098,11281813528830,732
11281813743386,11281813744010,624
11281813960913,11281813961682,769
11281814175371,11281814175986,615
11281814391550,11281814392309,759
11281814606894,11281814607520,626
11281814826464,11281814827219,755
11281815040285,11281815040909,624
11281815255084,11281815255816,732
11281815470804,11281815471439,635
11281815690941,11281815691725,784
11281815907517,11281815908099,582
11281816125562,11281816126335,773
11281816344745,11281816345382,637
11281816560596,11281816561394,798
11281816776085,11281816776743,658
11281816991680,11281816992433,753
11281817203856,11281817204516,660
11281817427877,11281817428653,776
11281817641320,11281817641957,637
11281817861129,11281817861884,755
11281818076347,11281818076985,638
11281818294229,11281818295009,780
11281818507902,11281818508532,630
11281818728122,11281818728860,738
11281818946662,11281818947301,639
11281819165241,11281819165945,704
11281819380518,11281819381153,635
11281819596978,11281819597687,709
11281819813484,11281819814114,630
11281820030459,11281820031205,746
11281820244896,11281820245515,619
11281820459889,11281820460615,726
11281820676937,11281820677591,654
11281820893788,11281820894491,703
11281821113225,11281821113904,679
11281821330101,11281821330821,720
11281821544257,11281821544856,599
11281821763956,11281821764701,745
11281821977233,11281821977866,633
11281822194638,11281822195350,712
11281822418428,11281822419075,647
11281822640345,11281822641112,767
11281822858763,11281822859427,664
11281823080405,11281823081157,752
11281823298990,11281823299638,648
11281823521110,11281823521849,739
11281823737030,11281823737708,678
11281823955872,11281823956587,715
11281824171670,11281824172327,657
11281824390568,11281824391314,746
11281824604484,11281824605139,655
11281824822898,11281824823684,786
11281825038896,11281825039573,677
11281825254633,11281825255339,706
11281825470306,11281825470907,601
11281825695807,11281825696520,713
11281825912416,11281825913054,638
11281826130977,11281826131740,763
11281826347744,11281826348395,651
11281826567036,11281826567753,717
11281826781756,11281826782389,633
11281826999148,11281826999867,719
11281827215954,11281827216587,633
11281827441821,11281827442617,796
11281827658008,11281827658642,634
11281827876854,11281827877627,773
11281828094784,11281828095435,651
11281828311570,11281828312350,780
11281828529479,11281828530134,655
11281828754180,11281828754923,743
11281828972675,11281828973289,614
11281829192002,11281829192757,755
11281829409559,11281829410191,632
11281829628001,11281829628812,811
11281829843857,11281829844504,647
11281830062572,11281830063322,750
11281830277401,11281830278035,634
11281830500531,11281830501241,710
11281830714472,11281830715137,665
11281830932389,11281830933150,761
11281831149042,11281831149679,637
11281831370683,11281831371456,773
11281831588100,11281831588710,610
11281831805552,11281831806288,736
11281832023045,11281832023679,634
11281832247145,11281832247936,791
11281832466621,11281832467231,610
11281832687124,11281832687879,755
11281832906343,11281832906926,583
11281833124692,11281833125480,788
11281833349332,11281833349975,643
11281833569536,11281833570326,790
11281833785586,11281833786222,636
11281834002332,11281834003063,731
11281834217356,11281834217935,579
11281834436257,11281834437010,753
11281834650426,11281834651011,585
11281834869425,11281834870191,766
11281835083875,11281835084512,637
11281835303819,11281835304611,792
11281835516621,11281835517196,575
11281835742269,11281835743032,763
11281835958703,11281835959329,626
11281836176736,11281836177512,776
11281836392340,11281836392973,633
11281836614123,11281836614878,755
11281836828405,11281836829017,612
11281837046252,11281837046958,706
11281837263831,11281837264422,591
11281837480945,11281837481693,748
11281837697297,11281837697950,653
11281837912217,11281837913003,786
11281838128878,11281838129543,665
11281838351022,11281838351795,773
11281838572490,11281838573120,630
11281838793734,11281838794479,745
11281839021795,11281839022407,612
11281839243748,11281839244482,734
11281839458342,11281839458987,645
11281839677400,11281839678128,728
11281839894371,11281839895023,652
11281840146944,11281840147824,880
11281840375661,11281840376345,684
11281840596847,11281840597611,764
11281840815220,11281840815813,593
11281841035322,11281841036066,744
11281841250221,11281841250889,668
11281841468834,11281841469625,791
11281841684726,11281841685384,658
11281841903604,11281841904400,796
11281842127756,11281842128432,676
11281842359968,11281842360825,857
11281842607795,11281842608417,622
11281842830816,11281842831566,750
11281843064800,11281843065455,655
11281843291617,11281843292411,794
11281843510909,11281843511550,641
11281843766994,11281843767767,773
11281843984052,11281843984673,621
11281844206460,11281844207192,732
11281844420231,11281844420874,643
11281844638866,11281844639578,712
11281844853846,11281844854460,614
11281845068885,11281845069650,765
11281845286404,11281845287033,629
11281845508417,11281845509232,815
11281845756698,11281845757334,636
11281845976938,11281845977739,801
11281846194552,11281846195175,623
11281846415051,11281846415806,755
11281846631214,11281846631864,650
11281846849945,11281846850688,743
11281847064277,11281847064959,682
11281847285707,11281847286459,752
11281847499108,11281847499732,624
11281847723818,11281847724611,793
11281847939545,11281847940167,622
11281848157501,11281848159521,2020
11281848371673,11281848372321,648
11281848590801,11281848591578,777
11281848803818,11281848805550,1732
11281849027684,11281849028504,820
11281849243185,11281849243821,636
11281849459810,11281849460574,764
11281849678232,11281849678869,637
11281849893486,11281849894263,777
11281850110126,11281850110740,614
11281850341584,11281850342363,779
11281850560613,11281850561220,607
11281850775092,11281850775859,767
11281850993187,11281850993823,636
11281851209490,11281851210192,702
11281851431900,11281851432517,617
11281851650023,11281851650797,774
11281851873807,11281851874428,621
11281852092514,11281852093266,752
11281852316749,11281852317441,692
11281852536876,11281852537644,768
11281852751114,11281852751773,659
11281852969341,11281852970077,736
11281853183611,11281853184203,592
11281853401447,11281853402185,738
11281853616720,11281853617337,617
11281853837038,11281853837802,764
11281854053308,11281854053943,635
11281854271964,11281854272713,749
11281854486403,11281854487019,616
11281854702355,11281854703081,726
11281854914613,11281854915226,613
11281855129432,11281855130160,728
11281855346736,11281855347399,663
11281855569822,11281855570603,781
11281855786185,11281855786864,679
11281856006612,11281856007329,717
11281856223855,11281856224499,644
11281856438231,11281856438975,744
11281856652672,11281856653301,629
11281856870233,11281856870992,759
11281857093131,11281857093741,610
11281857311291,11281857312025,734
11281857526107,11281857526716,609
11281857744205,11281857744967,762
11281857959062,11281857959693,631
11281858195079,11281858195829,750
11281858413725,11281858414342,617
11281858632395,11281858633110,715
11281858846347,11281858846978,631
11281859070094,11281859070798,704
11281859291821,11281859292434,613
11281859507930,11281859508688,758
11281859723568,11281859724188,620
11281859944433,11281859945174,741
11281860159967,11281860160585,618
11281860379477,11281860380260,783
11281860594655,11281860595296,641
11281860810979,11281860811773,794
11281861029949,11281861030580,631
11281861250555,11281861251314,759
11281861465811,11281861466435,624
11281861689020,11281861689806,786
11281861904579,11281861905198,619
11281862122980,11281862123716,736
11281862363753,11281862364376,623
11281862582241,11281862582927,686
11281862795848,11281862796447,599
11281863011529,11281863012257,728
11281863235311,11281863235928,617
11281863454420,11281863455122,702
11281863670458,11281863671136,678
11281863893939,11281863894663,724
11281864107917,11281864108521,604
11281864323634,11281864324355,721
11281864540938,11281864541553,615
11281864758560,11281864759300,740
11281864972600,11281864973206,606
11281865194449,11281865195194,745
11281865411638,11281865412263,625
11281865635544,11281865636309,765
11281865856602,11281865857242,640
11281866076392,11281866077121,729
11281866292181,11281866292822,641
11281866512155,11281866512917,762
11281866724858,11281866725432,574
11281866943441,11281866944169,728
11281867167276,11281867167885,609
11281867384146,11281867384906,760
11281867598263,11281867598874,611
11281867816720,11281867817464,744
11281868037612,11281868038230,618
11281868258153,11281868258887,734
11281868473397,11281868474010,613
11281868694080,11281868694851,771
11281868915822,11281868916461,639
11281869133899,11281869134657,758
11281869374195,11281869374778,583
11281869592287,11281869593030,743
11281869810314,11281869810905,591
11281870030889,11281870031616,727
11281870245900,11281870246474,574
11281870467518,11281870468256,738
11281870683540,11281870684165,625
11281870903915,11281870904660,745
11281871117468,11281871118093,625
11281871339223,11281871339982,759
11281871553508,11281871554118,610
11281871769531,11281871770257,726
11281871986029,11281871986623,594
11281872201986,11281872202745,759
11281872422066,11281872422690,624
11281872639813,11281872640580,767
11281872856023,11281872856598,575
11281873075397,11281873076139,742
11281873297466,11281873298043,577
11281873516872,11281873517612,740
11281873735501,11281873736111,610
11281873957950,11281873958712,762
11281874175553,11281874176211,658
11281874392838,11281874393562,724
11281874609054,11281874609657,603
11281874825603,11281874826322,719
11281875048168,11281875048731,563
11281875267504,11281875268227,723
11281875485141,11281875485741,600
11281875706703,11281875707460,757
11281875937140,11281875937797,657
11281876159265,11281876160106,841
11281876378050,11281876378679,629
11281876599435,11281876600238,803
11281876818382,11281876818988,606
11281877038995,11281877039783,788
11281877256316,11281877256959,643
11281877480920,11281877481671,751
11281877702256,11281877702833,577
11281877919952,11281877920711,759
11281878140538,11281878141126,588
11281878363985,11281878364763,778
11281878580463,11281878581095,632
11281878800815,11281878801550,735
11281879023597,11281879024252,655
11281879244929,11281879245657,728
11281879457709,11281879458344,635
11281879677011,11281879677774,763
11281879895563,11281879896203,640
11281880119698,11281880120460,762
11281880337478,11281880338102,624
11281880555801,11281880556571,770
11281880778150,11281880778744,594
11281880999316,11281881000022,706
11281881216285,11281881216908,623
11281881435751,11281881436511,760
11281881655839,11281881656480,641
11281881876266,11281881877028,762
11281882093588,11281882094231,643
11281882323000,11281882323774,774
11281882540750,11281882541355,605
11281882763324,11281882764056,732
11281882980505,11281882981144,639
11281883200433,11281883201192,759
11281883424829,11281883425428,599
11281883645947,11281883646707,760
11281883864720,11281883865391,671
11281884116624,11281884117446,822
11281884397509,11281884398174,665
11281884653452,11281884654296,844
11281884902039,11281884902781,742
11281885153995,11281885154833,838
11281885395979,11281885396689,710
11281885663218,11281885664052,834
11281885966192,11281885967139,947
11281886285518,11281886286479,961
11281886548504,11281886549193,689
11281886804043,11281886804900,857
11281887052897,11281887053640,743
11281887325850,11281887326701,851
11281887572471,11281887573175,704
11281887817633,11281887818503,870
11281888063102,11281888063772,670
11281888329020,11281888329834,814
11281888572073,11281888572783,710
11281888818304,11281888819123,819
11281889069046,11281889069741,695
11281889311655,11281889312531,876
11281889555367,11281889556085,718
11281889799310,11281889800187,877
11281890037904,11281890038610,706
11281890291005,11281890291849,844
11281890535064,11281890535796,732
11281890780664,11281890781527,863
11281891022991,11281891023683,692
11281891269547,11281891270374,827
11281891513510,11281891514203,693
11281891760006,11281891760885,879
11281892000762,11281892001430,668
11281892292634,11281892293443,809
11281892534867,11281892535575,708
11281892779967,11281892780798,831
11281893022566,11281893023250,684
11281893280361,11281893281203,842
11281893522737,11281893523425,688
11281893766361,11281893767161,800
11281894012527,11281894013193,666
11281894260570,11281894261376,806
11281894500782,11281894501439,657
11281894744432,11281894745257,825
11281894989223,11281894989889,666
11281895232579,11281895233420,841
11281895475181,11281895475862,681
11281895728917,11281895729786,869
11281895982305,11281895983029,724
11281896226257,11281896227100,843
11281896466788,11281896467502,714
11281896710201,11281896711044,843
11281896949813,11281896950501,688
11281897193565,11281897194431,866
11281897435860,11281897436538,678
11281897681482,11281897682320,838
11281897920302,11281897921013,711
11281898164067,11281898164895,828
11281898405313,11281898406009,696
11281898649501,11281898650362,861
11281898901504,11281898902174,670
11281899145151,11281899146012,861
11281899391465,11281899392155,690
11281899639253,11281899640065,812
11281899881595,11281899882269,674
11281900126352,11281900127197,845
11281900370751,11281900371449,698
11281900612343,11281900613196,853
11281900853624,11281900854322,698
11281901095333,11281901096190,857
11281901340572,11281901341301,729
11281901603869,11281901604649,780
11281901824266,11281901824916,650
11281902046033,11281902046818,785
11281902350236,11281902350846,610
11281902586160,11281902586947,787
11281902811781,11281902812387,606
11281903036899,11281903037677,778
11281903257714,11281903258340,626
11281903481795,11281903482532,737
11281903704009,11281903704647,638
11281903926262,11281903927003,741
11281904147122,11281904147759,637
11281904370536,11281904371303,767
11281904592254,11281904592903,649
11281904814839,11281904815608,769
11281905034452,11281905035108,656
11281905256416,11281905257216,800
11281905478440,11281905479099,659
11281905786826,11281905787670,844
11281906093804,11281906094451,647
11281906397501,11281906398274,773
11281906671940,11281906672639,699
11281906915784,11281906916665,881
11281907157597,11281907158331,734
11281907414073,11281907414908,835
11281907655459,11281907656151,692
11281907898572,11281907899406,834
11281908143188,11281908143898,710
11281908387037,11281908387915,878
11281908629152,11281908629863,711
11281908868965,11281908869866,901
11281909143451,11281909144077,626
11281909442264,11281909443042,778
11281909783831,11281909784465,634
11281910086741,11281910087510,769
11281910390345,11281910390948,603
11281910701092,11281910701857,765
11281910979601,11281910980317,716
11281911325485,11281911326259,774
11281911602435,11281911603118,683
11281911848671,11281911849517,846
11281912112414,11281912113113,699
11281912371594,11281912372459,865
11281912617232,11281912617867,635
11281912860296,11281912861114,818
11281913102879,11281913103590,711
11281913347757,11281913348607,850
11281913591497,11281913592201,704
11281913837209,11281913838057,848
11281914079792,11281914080478,686
11281914320240,11281914321086,846
11281914564733,11281914565462,729
11281914807365,11281914808220,855
11281915048297,11281915049007,710
11281915297583,11281915298403,820
11281915550167,11281915550832,665
11281915796639,11281915797432,793
11281916040847,11281916041532,685
11281916297831,11281916298656,825
11281916540008,11281916540640,632
11281916786178,11281916787054,876
11281917029983,11281917030604,621
11281917273861,11281917274627,766
11281917514029,11281917514661,632
11281917758381,11281917759205,824
11281917997063,11281917997724,661
11281918238243,11281918239047,804
11281918479271,11281918479961,690
11281918720093,11281918720928,835
11281918972964,11281918973643,679
11281919217847,11281919218675,828
11281919459072,11281919459748,676
11281919703200,11281919704008,808
11281919943657,11281919944306,649
11281920186947,11281920187797,850
11281920430798,11281920431503,705
11281920672381,11281920673184,803
11281920911515,11281920912167,652
11281921170374,11281921171202,828
11281921412399,11281921413055,656
11281921691097,11281921692102,1005
11281921951464,11281921952128,664
11281922199040,11281922199952,912
11281922455365,11281922456063,698
11281922698720,11281922699577,857
11281922939514,11281922940192,678
11281923184003,11281923184850,847
11281923429410,11281923430066,656
11281923669988,11281923670826,838
11281923910388,11281923911061,673
11281924154521,11281924155372,851
11281924395956,11281924396661,705
11281924637211,11281924638078,867
11281924877571,11281924878291,720
11281925119225,11281925120051,826
11281925596659,11281925597361,702
11281925833755,11281925834600,845
11281926065451,11281926066121,670
11281926302654,11281926303496,842
11281926537392,11281926538062,670
11281926775473,11281926776310,837
11281927013784,11281927014424,640
11281927245046,11281927245871,825
11281927474908,11281927475562,654
11281927710391,11281927711179,788
11281927940708,11281927941348,640
11281928172011,11281928172813,802
11281928405522,11281928406158,636
11281928636420,11281928637207,787
11281928865489,11281928866179,690
11281929112074,11281929112925,851
11281929347247,11281929347920,673
11281929581377,11281929582222,845
11281929816762,11281929817406,644
11281930048453,11281930049287,834
11281930288636,11281930289300,664
11281930524176,11281930524946,770
11281930758401,11281930759115,714
11281930989535,11281930990337,802
11281931223944,11281931224652,708
11281931454437,11281931455240,803
11281931682466,11281931683165,699
11281931917312,11281931918127,815
11281932149690,11281932150349,659
11281932386742,11281932387610,868
11281932621721,11281932622390,669
11281932853221,11281932854039,818
11281933087054,11281933087703,649
11281933319406,11281933320248,842
11281933548165,11281933548805,640
11281933780353,11281933781172,819
11281934009399,11281934010072,673
11281934247197,11281934248015,818
11281934478524,11281934479202,678
11281934709101,11281934709898,797
11281934939922,11281934940567,645
11281935180138,11281935180964,826
11281935410704,11281935411362,658
11281935650490,11281935651321,831
11281935886784,11281935887413,629
11281936117293,11281936118131,838
11281936346854,11281936347517,663
11281936581720,11281936582534,814
11281936814494,11281936815133,639
11281937044889,11281937045684,795
11281937278573,11281937279210,637
11281937510097,11281937510927,830
11281937740285,11281937740936,651
11281937973070,11281937973863,793
11281938201599,11281938202277,678
11281938432119,11281938432891,772
11281938667581,11281938668240,659
11281938969650,11281938970667,1017
11281939225737,11281939226557,820
11281939452658,11281939453554,896
11281939664291,11281939664972,681
11281939875460,11281939876242,782
11281940087389,11281940088033,644
11281940296188,11281940296934,746
11281940506244,11281940506836,592
11281940714748,11281940715531,783
11281940922783,11281940923378,595
11281941134821,11281941135575,754
11281941347699,11281941348270,571
11281941555205,11281941555924,719
11281941764287,11281941764883,596
11281941970957,11281941971697,740
11281942175079,11281942175656,577
11281942402776,11281942403555,779
11281942614546,11281942615181,635
11281942822929,11281942823680,751
11281943032747,11281943033323,576
11281943457276,11281943458018,742
11281943670010,11281943670631,621
11281943882102,11281943882869,767
11281944088217,11281944088793,576
11281944294329,11281944295051,722
11281944502101,11281944502689,588
11281944708822,11281944709545,723
11281944914594,11281944915187,593
11281945123844,11281945124618,774
11281945329175,11281945329740,565
11281945546708,11281945547649,941
11281945773514,11281945774137,623
11281945983846,11281945984588,742
11281946189417,11281946189977,560
11281946399713,11281946400420,707
11281946603379,11281946603937,558
11281946809270,11281946809985,715
11281947016501,11281947017070,569
11281947221510,11281947222193,683
11281947428352,11281947428896,544
11281947634667,11281947635357,690
11281947836669,11281947837199,530
11281948046169,11281948046882,713
11281948250206,11281948250731,525
11281948460361,11281948461079,718
11281948669431,11281948670004,573
11281948884184,11281948885245,1061
11281949098438,11281949099025,587
11281949322394,11281949323110,716
11281949529857,11281949530408,551
11281949737688,11281949738372,684
11281949947134,11281949947715,581
11281950154981,11281950155721,740
11281950361492,11281950362043,551
11281950572658,11281950573392,734
11281950779659,11281950780237,578
11281950990403,11281950991118,715
11281951199391,11281951199962,571
11281951407717,11281951408435,718
11281951616504,11281951617093,589
11281951828750,11281951829461,711
11281952038470,11281952039039,569
11281952260404,11281952261180,776
11281952473243,11281952473918,675
11281952679104,11281952679810,706
11281952882577,11281952883130,553
11281953090400,11281953091133,733
11281953303940,11281953304524,584
11281953515557,11281953516314,757
11281953724249,11281953724829,580
11281953930226,11281953930971,745
11281954138057,11281954138616,559
11281954346364,11281954347138,774
11281954564332,11281954564928,596
11281954776289,11281954777016,727
11281954983150,11281954983691,541
11281955207211,11281955207925,714
11281955418602,11281955419183,581
11281955630910,11281955631669,759
11281955836004,11281955836614,610
11281956055063,11281956055804,741
11281956273738,11281956274297,559
11281956479133,11281956479836,703
11281956687163,11281956687728,565
11281956899826,11281956900525,699
11281957106950,11281957107464,514
11281957320561,11281957321271,710
11281957528172,11281957528730,558
11281957739074,11281957739799,725
11281957951852,11281957952378,526
11281958161853,11281958162582,729
11281958372766,11281958373313,547
11281958585316,11281958586077,761
11281958794367,11281958794927,560
11281959006912,11281959007642,730
11281959220109,11281959220672,563
11281959426465,11281959427182,717
11281959864235,11281959864781,546
11281960079325,11281960080058,733
11281960285402,11281960285979,577
11281960491308,11281960492011,703
11281960699238,11281960699850,612
11281960906298,11281960906990,692
11281961112938,11281961113490,552
11281961317513,11281961318216,703
11281961521266,11281961521819,553
11281961730956,11281961731626,670
11281961935423,11281961936005,582
11281962145432,11281962146123,691
11281962366097,11281962366698,601
11281962578478,11281962579243,765
11281962784643,11281962785241,598
11281962998774,11281962999466,692
11281963207438,11281963208003,565
11281963416382,11281963417078,696
11281963627630,11281963628177,547
11281963837862,11281963838554,692
11281964049666,11281964050219,553
11281964262442,11281964263141,699
11281964471744,11281964472335,591
11281964679873,11281964680583,710
11281964890712,11281964891320,608
11281965103646,11281965104345,699
11281965309770,11281965310351,581
11281965520862,11281965521558,696
11281965734226,11281965734790,564
11281965943501,11281965944300,799
11281966154669,11281966155276,607
11281966361328,11281966362021,693
11281966570550,11281966571122,572
11281966785993,11281966786713,720
11281966995842,11281966996403,561
11281967206162,11281967206822,660
11281967419385,11281967419935,550
11281967626476,11281967627151,675
11281967837800,11281967838373,573
11281968047892,11281968048595,703
11281968254547,11281968255130,583
11281968466374,11281968467073,699
11281968671772,11281968672354,582
11281968883623,11281968884302,679
11281969094219,11281969094814,595
11281969301625,11281969302378,753
11281969510998,11281969511536,538
11281969724880,11281969725577,697
11281969934739,11281969935293,554
11281970144651,11281970145350,699
11281970354905,11281970355526,621
11281970572366,11281970573109,743
11281970782966,11281970783540,574
11281970997020,11281970997700,680
11281971204096,11281971204667,571
11281971413560,11281971414287,727
11281971627311,11281971627887,576
11281971838019,11281971838749,730
11281972044311,11281972044874,563
11281972266428,11281972267165,737
11281972490167,11281972490785,618
11281972696255,11281972696989,734
11281972904940,11281972905546,606
11281973112395,11281973113113,718
11281973331158,11281973331720,562
11281973542295,11281973543059,764
11281973746555,11281973747138,583
11281973952292,11281973953040,748
11281974160497,11281974161101,604
11281974364819,11281974365504,685
11281974571518,11281974572077,559
11281974776409,11281974777141,732
11281974979393,11281974979967,574
11281975189270,11281975189999,729
11281975392416,11281975393009,593
11281975603020,11281975603751,731
11281975811543,11281975812139,596
11281976016892,11281976017661,769
11281976219692,11281976220278,586
11281976667910,11281976668622,712
11281976876137,11281976876777,640
11281977081230,11281977082000,770
11281977289307,11281977289903,596
11281977492740,11281977493460,720
11281977694822,11281977695406,584
11281977903175,11281977903909,734
11281978105110,11281978105684,574
11281978321882,11281978322590,708
11281978529084,11281978529677,593
11281978735012,11281978735738,726
11281978942010,11281978942627,617
11281979151401,11281979152126,725
11281979354020,11281979354626,606
11281979562966,11281979563693,727
11281979768979,11281979769618,639
11281979972957,11281979973669,712
11281980176510,11281980177059,549
11281980384127,11281980384843,716
11281980585858,11281980586435,577
11281980790054,11281980790779,725
11281980995281,11281980995867,586
11281981199601,11281981200324,723
11281981405425,11281981406050,625
11281981609340,11281981610047,707
11281981811238,11281981811799,561
11281982017418,11281982018125,707
11281982223317,11281982223907,590
11281982429071,11281982429800,729
11281982634839,11281982635416,577
11281982866370,11281982867164,794
11281983071859,11281983072484,625
11281983274453,11281983275195,742
11281983478140,11281983478739,599
11281983682860,11281983683604,744
11281983883504,11281983884071,567
11281984088960,11281984089667,707
11281984293612,11281984294221,609
11281984498111,11281984498859,748
11281984701975,11281984702593,618
11281984908248,11281984908982,734
11281985110119,11281985110719,600
11281985315142,11281985315840,698
11281985521974,11281985522543,569
11281985737271,11281985738024,753
11281985944424,11281985944974,550
11281986154808,11281986155567,759
11281986357420,11281986358021,601
11281986564052,11281986564804,752
11281986768589,11281986769144,555
11281986973877,11281986974593,716
11281987178386,11281987178946,560
11281987387249,11281987387974,725
11281987588744,11281987589285,541
11281987792379,11281987793131,752
11281987997374,11281987997950,576
11281988200237,11281988201008,771
11281988400020,11281988400613,593
11281988606448,11281988607197,749
11281988808387,11281988808972,585
11281989022206,11281989022883,677
11281989225954,11281989226529,575
11281989430279,11281989430997,718
11281989635436,11281989636015,579
11281989838311,11281989839002,691
11281990038729,11281990039285,556
11281990245162,11281990245900,738
11281990449315,11281990449874,559
11281990651897,11281990652648,751
11281990855884,11281990856487,603
11281991058902,11281991059635,733
11281991259230,11281991259812,582
